T_sec   15.0   15.5   16.0   16.5   17.0   17.5   18.0   18.5   19.0   19.5   20.0   20.5   21.0   21.5   22.0   22.5   23.0   23.5   24.0   24.5   25.0   25.5   26.0   26.5   27.0   27.5   28.0   28.5   29.0   29.5   30.0   30.5   31.0   31.5   32.0   32.5   33.0   33.5   34.0   34.5   35.0   35.5   36.0   36.5   37.0   37.5   38.0   38.5   39.0   39.5   40.0   40.5   41.0   41.5   42.0   42.5   43.0   43.5   44.0   44.5   45.0   45.5   46.0   46.5   47.0   47.5   48.0   48.5   49.0   49.5   50.0   50.5   51.0   51.5   52.0   52.5   53.0   53.5   54.0   54.5   55.0   
U0   0   0   0   0   0   0   0   0   0   0   0   0   0   0   0   0   0   0   0   0   0   0   0   0   0   0   0   0   0   0   0   0   0   0   0   0   0   0   0   0   0   0   0   0   0   0   0   0   0   0   0   0   0   0   0   0   0   0   0   0   0   0   0   0   0   0   0   0   0   0   0   0   0   0   0   0   0   0   0   0   0   
T_sec   15.0   15.5   16.0   16.5   17.0   17.5   18.0   18.5   19.0   19.5   20.0   20.5   21.0   21.5   22.0   22.5   23.0   23.5   24.0   24.5   25.0   25.5   26.0   26.5   27.0   27.5   28.0   28.5   29.0   29.5   30.0   30.5   31.0   31.5   32.0   32.5   33.0   33.5   34.0   34.5   35.0   35.5   36.0   36.5   37.0   37.5   38.0   38.5   39.0   39.5   40.0   40.5   41.0   41.5   42.0   42.5   43.0   43.5   44.0   44.5   45.0   45.5   46.0   46.5   47.0   47.5   48.0   48.5   49.0   49.5   50.0   50.5   51.0   51.5   52.0   52.5   53.0   53.5   54.0   54.5   55.0   
U1   0   0   0   0   0   0   0   0   0   0   0   0   0   0   0   0   0   0   0   0   0   0   0   0   0   0   0   0   0   0   0   0   0   0   0   0   0   0   0   0   0   0   0   0   0   0   0   0   0   0   0   0   0   0   0   0   0   0   0   0   0   0   0   0   0   0   0   0   0   0   0   0   0   0   0   0   0   0   0   0   0   
T_sec   15.0   15.5   16.0   16.5   17.0   17.5   18.0   18.5   19.0   19.5   20.0   20.5   21.0   21.5   22.0   22.5   23.0   23.5   24.0   24.5   25.0   25.5   26.0   26.5   27.0   27.5   28.0   28.5   29.0   29.5   30.0   30.5   31.0   31.5   32.0   32.5   33.0   33.5   34.0   34.5   35.0   35.5   36.0   36.5   37.0   37.5   38.0   38.5   39.0   39.5   40.0   40.5   41.0   41.5   42.0   42.5   43.0   43.5   44.0   44.5   45.0   45.5   46.0   46.5   47.0   47.5   48.0   48.5   49.0   49.5   50.0   50.5   51.0   51.5   52.0   52.5   53.0   53.5   54.0   54.5   55.0   
U2   0   0   0   0   0   0   0   0   0   0   0   0   0   0   0   0   0   0   0   0   0   0   0   0   0   0   0   0   0   0   0   0   0   0   0   0   0   0   0   0   0   0   0   0   0   0   0   0   0   0   0   0   0   0   0   0   0   0   0   0   0   0   0   0   0   0   0   0   0   0   0   0   0   0   0   0   0   0   0   0   0   
T_sec   15.0   15.5   16.0   16.5   17.0   17.5   18.0   18.5   19.0   19.5   20.0   20.5   21.0   21.5   22.0   22.5   23.0   23.5   24.0   24.5   25.0   25.5   26.0   26.5   27.0   27.5   28.0   28.5   29.0   29.5   30.0   30.5   31.0   31.5   32.0   32.5   33.0   33.5   34.0   34.5   35.0   35.5   36.0   36.5   37.0   37.5   38.0   38.5   39.0   39.5   40.0   40.5   41.0   41.5   42.0   42.5   43.0   43.5   44.0   44.5   45.0   45.5   46.0   46.5   47.0   47.5   48.0   48.5   49.0   49.5   50.0   50.5   51.0   51.5   52.0   52.5   53.0   53.5   54.0   54.5   55.0   
U3   0   0   0   0   0   0   0   0   0   0   0   0   0   0   0   0   0   0   0   0   0   0   0   0   0   0   0   0   0   0   0   0   0   0   0   0   0   0   0   0   0   0   0   0   0   0   0   0   0   0   0   0   0   0   0   0   0   0   0   0   0   0   0   0   0   0   0   0   0   0   0   0   0   0   0   0   0   0   0   0   0   
T_sec   15.0   15.5   16.0   16.5   17.0   17.5   18.0   18.5   19.0   19.5   20.0   20.5   21.0   21.5   22.0   22.5   23.0   23.5   24.0   24.5   25.0   25.5   26.0   26.5   27.0   27.5   28.0   28.5   29.0   29.5   30.0   30.5   31.0   31.5   32.0   32.5   33.0   33.5   34.0   34.5   35.0   35.5   36.0   36.5   37.0   37.5   38.0   38.5   39.0   39.5   40.0   40.5   41.0   41.5   42.0   42.5   43.0   43.5   44.0   44.5   45.0   45.5   46.0   46.5   47.0   47.5   48.0   48.5   49.0   49.5   50.0   50.5   51.0   51.5   52.0   52.5   53.0   53.5   54.0   54.5   55.0   
U4   0   0   0   0   0   0   0   0   0   0   0   0   0   0   0   0   0   0   0   0   0   0   0   0   0   0   0   0   0   0   0   0   0   0   0   0   0   0   0   0   0   0   0   0   0   0   0   0   0   0   0   0   0   0   0   0   0   0   0   0   0   0   0   0   0   0   0   0   0   0   0   0   0   0   0   0   0   0   0   0   0   
T_sec   15.0   15.5   16.0   16.5   17.0   17.5   18.0   18.5   19.0   19.5   20.0   20.5   21.0   21.5   22.0   22.5   23.0   23.5   24.0   24.5   25.0   25.5   26.0   26.5   27.0   27.5   28.0   28.5   29.0   29.5   30.0   30.5   31.0   31.5   32.0   32.5   33.0   33.5   34.0   34.5   35.0   35.5   36.0   36.5   37.0   37.5   38.0   38.5   39.0   39.5   40.0   40.5   41.0   41.5   42.0   42.5   43.0   43.5   44.0   44.5   45.0   45.5   46.0   46.5   47.0   47.5   48.0   48.5   49.0   49.5   50.0   50.5   51.0   51.5   52.0   52.5   53.0   53.5   54.0   54.5   55.0   
U5   0   0   0   0   0   0   0   0   0   0   0   0   0   0   0   0   0   0   0   0   0   0   0   0   0   0   0   0   0   0   0   0   0   0   0   0   0   0   0   0   0   0   0   0   0   0   0   0   0   0   0   0   0   0   0   0   0   0   0   0   0   0   0   0   0   0   0   0   0   0   0   0   0   0   0   0   0   0   0   0   0   
T_sec   15.0   15.5   16.0   16.5   17.0   17.5   18.0   18.5   19.0   19.5   20.0   20.5   21.0   21.5   22.0   22.5   23.0   23.5   24.0   24.5   25.0   25.5   26.0   26.5   27.0   27.5   28.0   28.5   29.0   29.5   30.0   30.5   31.0   31.5   32.0   32.5   33.0   33.5   34.0   34.5   35.0   35.5   36.0   36.5   37.0   37.5   38.0   38.5   39.0   39.5   40.0   40.5   41.0   41.5   42.0   42.5   43.0   43.5   44.0   44.5   45.0   45.5   46.0   46.5   47.0   47.5   48.0   48.5   49.0   49.5   50.0   50.5   51.0   51.5   52.0   52.5   53.0   53.5   54.0   54.5   55.0   
U6   0   0   0   0   0   0   0   0   0   0   0   0   0   0   0   0   0   0   0   0   0   0   0   0   0   0   0   0   0   0   0   0   0   0   0   0   0   0   0   0   0   0   0   0   0   0   0   0   0   0   0   0   0   0   0   0   0   0   0   0   0   0   0   0   0   0   0   0   0   0   0   0   0   0   0   0   0   0   0   0   0   
T_sec   15.0   15.5   16.0   16.5   17.0   17.5   18.0   18.5   19.0   19.5   20.0   20.5   21.0   21.5   22.0   22.5   23.0   23.5   24.0   24.5   25.0   25.5   26.0   26.5   27.0   27.5   28.0   28.5   29.0   29.5   30.0   30.5   31.0   31.5   32.0   32.5   33.0   33.5   34.0   34.5   35.0   35.5   36.0   36.5   37.0   37.5   38.0   38.5   39.0   39.5   40.0   40.5   41.0   41.5   42.0   42.5   43.0   43.5   44.0   44.5   45.0   45.5   46.0   46.5   47.0   47.5   48.0   48.5   49.0   49.5   50.0   50.5   51.0   51.5   52.0   52.5   53.0   53.5   54.0   54.5   55.0   
U7   0   0   0   0   0   0   0   0   0   0   0   0   0   0   0   0   0   0   0   0   0   0   0   0   0   0   0   0   0   0   0   0   0   0   0   0   0   0   0   0   0   0   0   0   0   0   0   0   0   0   0   0   0   0   0   0   0   0   0   0   0   0   0   0   0   0   0   0   0   0   0   0   0   0   0   0   0   0   0   0   0   
T_sec   15.0   15.5   16.0   16.5   17.0   17.5   18.0   18.5   19.0   19.5   20.0   20.5   21.0   21.5   22.0   22.5   23.0   23.5   24.0   24.5   25.0   25.5   26.0   26.5   27.0   27.5   28.0   28.5   29.0   29.5   30.0   30.5   31.0   31.5   32.0   32.5   33.0   33.5   34.0   34.5   35.0   35.5   36.0   36.5   37.0   37.5   38.0   38.5   39.0   39.5   40.0   40.5   41.0   41.5   42.0   42.5   43.0   43.5   44.0   44.5   45.0   45.5   46.0   46.5   47.0   47.5   48.0   48.5   49.0   49.5   50.0   50.5   51.0   51.5   52.0   52.5   53.0   53.5   54.0   54.5   55.0   
U8   0   0   0   0   0   0   0   0   0   0   0   0   0   0   0   0   0   0   0   0   0   0   0   0   0   0   0   0   0   0   0   0   0   0   0   0   0   0   0   0   0   0   0   0   0   0   0   0   0   0   0   0   0   0   0   0   0   0   0   0   0   0   0   0   0   0   0   0   0   0   0   0   0   0   0   0   0   0   0   0   0   
T_sec   15.0   15.5   16.0   16.5   17.0   17.5   18.0   18.5   19.0   19.5   20.0   20.5   21.0   21.5   22.0   22.5   23.0   23.5   24.0   24.5   25.0   25.5   26.0   26.5   27.0   27.5   28.0   28.5   29.0   29.5   30.0   30.5   31.0   31.5   32.0   32.5   33.0   33.5   34.0   34.5   35.0   35.5   36.0   36.5   37.0   37.5   38.0   38.5   39.0   39.5   40.0   40.5   41.0   41.5   42.0   42.5   43.0   43.5   44.0   44.5   45.0   45.5   46.0   46.5   47.0   47.5   48.0   48.5   49.0   49.5   50.0   50.5   51.0   51.5   52.0   52.5   53.0   53.5   54.0   54.5   55.0   
U9   0   0   0   0   0   0   0   0   0   0   0   0   0   0   0   0   0   0   0   0   0   0   0   0   0   0   0   0   0   0   0   0   0   0   0   0   0   0   0   0   0   0   0   0   0   0   0   0   0   0   0   0   0   0   0   0   0   0   0   0   0   0   0   0   0   0   0   0   0   0   0   0   0   0   0   0   0   0   0   0   0   
T_sec   15.0   15.5   16.0   16.5   17.0   17.5   18.0   18.5   19.0   19.5   20.0   20.5   21.0   21.5   22.0   22.5   23.0   23.5   24.0   24.5   25.0   25.5   26.0   26.5   27.0   27.5   28.0   28.5   29.0   29.5   30.0   30.5   31.0   31.5   32.0   32.5   33.0   33.5   34.0   34.5   35.0   35.5   36.0   36.5   37.0   37.5   38.0   38.5   39.0   39.5   40.0   40.5   41.0   41.5   42.0   42.5   43.0   43.5   44.0   44.5   45.0   45.5   46.0   46.5   47.0   47.5   48.0   48.5   49.0   49.5   50.0   50.5   51.0   51.5   52.0   52.5   53.0   53.5   54.0   54.5   55.0   
U10   -0.008433186026413431   0.004747247415594062   0.01183184976969318   0.011629588277304348   0.004828751677278767   0.0064852438844094406   0.019901951011916913   0.03499540133626793   0.044433781005858645   0.03910302758165863   0.009556505763524322   -0.03980512628469374   -0.07242589811240112   -0.07103293236662231   -0.03896400874648076   0.010177693238263334   0.04731198636288118   0.05710661666238385   0.05160382130278369   0.03548874122309215   0.015969131450931474   -0.004414627552767911   -0.021067602907490192   -0.02305708009181934   -0.010476935879077151   0.005362738669405078   0.004963765867088121   -0.004426032214736293   -0.005578290712310626   -0.00014539710683557561   0.0016141703124757367   -0.005083011498035507   -0.019893264120709953   -0.03810448934217581   -0.049188315105410545   -0.046835274441280536   -0.03536924276556909   -0.03365484786167936   -0.0521363545041691   -0.08361793255329672   -0.11053392208869821   -0.12032527070594752   -0.10056057919249192   -0.05189877278808043   0.0033625525726588518   0.028789966739951194   0.01586373959286228   -0.021050980022935196   -0.08363362957505369   -0.18982702652731676   0.054091427008241655   1.0   0.6371745511131244   0.20963188977956554   -0.01878285127001698   0.023566033549551488   0.01133115154796068   -0.03983880979232911   0.06588980622282532   -0.17867847816823926   -0.1643324095786937   -0.06627920712787463   -0.13330526141597432   -0.19592565179146854   0.03141992434799063   0.015419789493458982   -0.09577798133183489   -0.056167643855679565   -0.09832242849992225   -0.14664386981734667   0.0646110512862025   0.10367167372959607   0.06351923819532436   -0.07469521082814698   -0.09025137670887154   -0.1925301541923796   -0.0597312308871858   -0.013453247362039318   -0.07643019950279714   -0.03308578649012911   0.00410639277833373   
T_sec   15.0   15.5   16.0   16.5   17.0   17.5   18.0   18.5   19.0   19.5   20.0   20.5   21.0   21.5   22.0   22.5   23.0   23.5   24.0   24.5   25.0   25.5   26.0   26.5   27.0   27.5   28.0   28.5   29.0   29.5   30.0   30.5   31.0   31.5   32.0   32.5   33.0   33.5   34.0   34.5   35.0   35.5   36.0   36.5   37.0   37.5   38.0   38.5   39.0   39.5   40.0   40.5   41.0   41.5   42.0   42.5   43.0   43.5   44.0   44.5   45.0   45.5   46.0   46.5   47.0   47.5   48.0   48.5   49.0   49.5   50.0   50.5   51.0   51.5   52.0   52.5   53.0   53.5   54.0   54.5   55.0   
U11   0   0   0   0   0   0   0   0   0   0   0   0   0   0   0   0   0   0   0   0   0   0   0   0   0   0   0   0   0   0   0   0   0   0   0   0   0   0   0   0   0   0   0   0   0   0   0   0   0   0   0   0   0   0   0   0   0   0   0   0   0   0   0   0   0   0   0   0   0   0   0   0   0   0   0   0   0   0   0   0   0   
T_sec   15.0   15.5   16.0   16.5   17.0   17.5   18.0   18.5   19.0   19.5   20.0   20.5   21.0   21.5   22.0   22.5   23.0   23.5   24.0   24.5   25.0   25.5   26.0   26.5   27.0   27.5   28.0   28.5   29.0   29.5   30.0   30.5   31.0   31.5   32.0   32.5   33.0   33.5   34.0   34.5   35.0   35.5   36.0   36.5   37.0   37.5   38.0   38.5   39.0   39.5   40.0   40.5   41.0   41.5   42.0   42.5   43.0   43.5   44.0   44.5   45.0   45.5   46.0   46.5   47.0   47.5   48.0   48.5   49.0   49.5   50.0   50.5   51.0   51.5   52.0   52.5   53.0   53.5   54.0   54.5   55.0   
U12   -0.047598145481052026   -0.04858252807293368   -0.017630529825385537   0.022919490055575507   0.044016752778663806   0.033470632206099075   0.0041283889257551255   -0.018172188465181833   -0.025170582705141532   -0.016006774340373568   -0.0008571612118182748   0.0057392733009699   0.002830362808887315   -0.0022448363344534797   -0.005766125044055961   -0.012238509052141796   -0.022057648283246845   -0.0311040682185551   -0.028101864476380745   -0.006079445483608512   0.026898530751769775   0.0502287459084161   0.04776107357796259   0.023910633880214156   -0.005522143449428743   -0.020046006538125972   -0.01675379600747915   -0.0057840866982214354   0.006923298969912377   0.013230134021439454   0.009089335201679491   0.00023242285449424547   -0.00842923893841378   -0.01828949976867292   -0.02667157854032202   -0.03121908543254637   -0.028625121747542805   -0.022607151041946816   -0.026925600715404577   -0.04355863274504955   -0.06333898767097487   -0.07059163371000893   -0.05947790732957628   -0.04555533198087679   -0.038865256769790094   -0.037129759321017114   -0.036778467667198764   -0.03100963787067384   -0.024827088791524513   -0.03164212724380963   -0.06545341827042149   0.4615218090697897   1.0   0.27759132365482136   -0.10806870099132272   -0.12961824947047776   0.1296961831197536   -0.13135566822262285   -0.16331348713458435   -0.15562324265108834   -0.10952959845808291   0.07958044028679184   -0.02631376032298026   -0.14511221689762996   -0.1835435963466737   -0.10166992053064533   0.04206821197408802   0.04033877473159166   -0.09132849390330522   -0.058380053546072376   -0.06230557239187661   -0.12359939135035355   -0.0635461691574963   -0.014123150894111683   0.023784751148878413   0.005224829217749066   -0.06252234846486722   0.058756986944671866   -0.027967979555133735   -0.09050300586351433   0.09377757754123395   
T_sec   15.0   15.5   16.0   16.5   17.0   17.5   18.0   18.5   19.0   19.5   20.0   20.5   21.0   21.5   22.0   22.5   23.0   23.5   24.0   24.5   25.0   25.5   26.0   26.5   27.0   27.5   28.0   28.5   29.0   29.5   30.0   30.5   31.0   31.5   32.0   32.5   33.0   33.5   34.0   34.5   35.0   35.5   36.0   36.5   37.0   37.5   38.0   38.5   39.0   39.5   40.0   40.5   41.0   41.5   42.0   42.5   43.0   43.5   44.0   44.5   45.0   45.5   46.0   46.5   47.0   47.5   48.0   48.5   49.0   49.5   50.0   50.5   51.0   51.5   52.0   52.5   53.0   53.5   54.0   54.5   55.0   
U13   -0.026227001398056133   -0.03902836706639419   -0.03917832713837549   -0.003619520597161772   0.05994870230233658   0.10089939389495994   0.08241351260324004   0.016596432656861764   -0.04840038096356073   -0.08136425854633977   -0.07702651711742535   -0.045479485662380074   0.006409231425021494   0.058010418691571385   0.07438387899671496   0.04694633297320529   -0.008647928796312614   -0.05254730958500957   -0.061845970748674255   -0.029997241805534338   0.015837600269664902   0.05274180743838998   0.057406135037426205   0.017140706983809668   -0.029490714794482505   -0.03713677230123961   -0.026933611706071448   -0.02707038669887143   -0.04553941884265175   -0.06152725640725466   -0.05125550851340954   -0.02036156600018616   0.008184154741490505   0.027755797641644958   0.01610292477463569   -0.025714151110440113   -0.06993869112917937   -0.09427529146853604   -0.08452084696486267   -0.04275469571251732   0.013885354615897239   0.05177345278703521   0.06771603077024572   0.0574935579134669   0.006085456983257441   -0.06679945084554693   -0.12343722762043963   -0.1333488455856155   -0.09717233989972017   -0.03185675347612503   -0.0048494051172814825   0.1350181843982246   1.0   0.716820726842379   0.07558188565228512   0.2727652681870363   -0.19831694381436235   -0.4119018151805357   -0.18736154023401036   -0.15565773573518513   -0.19796457503546064   -0.1276676899697036   -0.027065903421730493   -0.117105913142047   -0.06517477791300647   -0.06321475307519589   -0.15861512799713412   -0.08544563611144985   0.11953365595323578   0.12080837491678026   -0.033014467725296766   -0.011189388042785393   -0.009812591045521782   -0.13539097286490442   -0.12043551266077392   -0.05973015323906764   0.053432506493874196   0.08880403228001438   0.08906189480248447   0.053387995321458215   -0.01692570880587161   
T_sec   15.0   15.5   16.0   16.5   17.0   17.5   18.0   18.5   19.0   19.5   20.0   20.5   21.0   21.5   22.0   22.5   23.0   23.5   24.0   24.5   25.0   25.5   26.0   26.5   27.0   27.5   28.0   28.5   29.0   29.5   30.0   30.5   31.0   31.5   32.0   32.5   33.0   33.5   34.0   34.5   35.0   35.5   36.0   36.5   37.0   37.5   38.0   38.5   39.0   39.5   40.0   40.5   41.0   41.5   42.0   42.5   43.0   43.5   44.0   44.5   45.0   45.5   46.0   46.5   47.0   47.5   48.0   48.5   49.0   49.5   50.0   50.5   51.0   51.5   52.0   52.5   53.0   53.5   54.0   54.5   55.0   
U14   0.012222278210908419   -0.0002249470445051912   -0.01651946326707895   -0.024859906574602637   -0.02759391987771748   -0.025702427366749544   -0.02019290571635598   -0.006739539498017412   0.013563804471296206   0.017706178710747134   2.7679576932615063e-06   -0.015983169540220547   -0.008881883069921432   0.010207037440384278   0.02271662863593327   0.016300830829337552   0.0017921965468868488   0.0005116988517880005   0.02242977503785512   0.05170987519173206   0.07563145896428615   0.08006003218406299   0.04899582513615783   0.0025717709874332802   -0.031288457691244234   -0.04298869347134533   -0.028266476562377397   -0.002209261382673622   0.01056156880997848   0.002527388803936987   -0.024100875774852752   -0.06895301507068334   -0.10355012164564882   -0.11329739366346775   -0.10924536287924917   -0.10488403758959695   -0.09346512802007734   -0.07329354214235968   -0.04421380661019215   -0.00928123896263202   0.022871108678166704   0.037154640716814125   0.02723401433381309   0.005337649776092755   -0.005076743679220437   0.0044275597814049505   0.003979765044652335   -0.024333183192539635   -0.06553771039737871   -0.0819309215458357   -0.07441514657579981   -0.029371270062592852   0.9896577631418663   1.0   0.3777009991259923   0.43245179375419684   -0.052162751833961005   0.1790018236557641   -0.20416240513244605   -0.2139997911928577   -0.16278005201996937   -0.36783274576650865   -0.27954158215617586   -0.2102263630438847   -0.11782815641826754   -0.19143353086609852   -0.05919350643720578   -0.024185773519641778   0.07185635083667638   -0.0910294607127412   -0.11875302978571675   -0.030558038440000226   -0.19707862879752802   -0.16610518184575707   -0.16984816904801267   -0.17325915639426914   -0.025501210890531346   0.037737501167181386   0.0873649248478187   0.033596917481544204   -0.008460392869308659   
T_sec   15.0   15.5   16.0   16.5   17.0   17.5   18.0   18.5   19.0   19.5   20.0   20.5   21.0   21.5   22.0   22.5   23.0   23.5   24.0   24.5   25.0   25.5   26.0   26.5   27.0   27.5   28.0   28.5   29.0   29.5   30.0   30.5   31.0   31.5   32.0   32.5   33.0   33.5   34.0   34.5   35.0   35.5   36.0   36.5   37.0   37.5   38.0   38.5   39.0   39.5   40.0   40.5   41.0   41.5   42.0   42.5   43.0   43.5   44.0   44.5   45.0   45.5   46.0   46.5   47.0   47.5   48.0   48.5   49.0   49.5   50.0   50.5   51.0   51.5   52.0   52.5   53.0   53.5   54.0   54.5   55.0   
U15   0.03937940165909398   -0.012433653361328076   -0.0601727944673556   -0.07328576090334199   -0.04008419780993066   0.02426709550617401   0.08945866137727669   0.11965095736729997   0.09877030404835276   0.030156400186677708   -0.05821526208145525   -0.1291429676140517   -0.14539936182444452   -0.09845587548374102   -0.01907048352598445   0.05157600216617863   0.0939601922455327   0.10232240072443338   0.08294532578421338   0.04485485702710805   -0.006054876932209102   -0.04182767440095588   -0.03303343767924515   0.009642471524757642   0.04804056124110351   0.05208372188978717   0.013373245472866184   -0.043553149866509246   -0.0772228244403083   -0.06802416760923202   -0.02961112318255745   0.0106770108048461   0.03200374118097434   0.02254658101970588   -0.015710856817685515   -0.05918812501881122   -0.08917345183227117   -0.0948015436496305   -0.07735788982424881   -0.06870739147188011   -0.07863998920403079   -0.09235378738589842   -0.10305372976093709   -0.10353889908571881   -0.08449628921539386   -0.03491549592545624   0.026926659453530462   0.0715534585474415   0.07563225184017264   0.03772705828670976   -0.04856718351846469   0.01777558387657734   0.9375446949693396   1.0   0.7180004678212678   -0.10756188680276865   -0.11642869499527711   -0.2623537688038476   -0.16598628805122337   -0.25760790014887613   -0.42510244275484305   -0.3363491701578979   -0.2983185907988563   -0.023927303947802514   0.1043117273599093   -0.08663686927720465   -0.20444136708808922   -0.03414749653471022   -0.07302625936719243   -0.2175031274045253   -0.06523079262707923   0.07650749631684373   0.15068253672134094   0.1509456555789091   0.07379974137582346   -0.058339466956125054   -0.035659820605725596   -0.012287718071454805   -0.10062732008061231   0.08705375989579808   0.09537781560144504   
T_sec   15.0   15.5   16.0   16.5   17.0   17.5   18.0   18.5   19.0   19.5   20.0   20.5   21.0   21.5   22.0   22.5   23.0   23.5   24.0   24.5   25.0   25.5   26.0   26.5   27.0   27.5   28.0   28.5   29.0   29.5   30.0   30.5   31.0   31.5   32.0   32.5   33.0   33.5   34.0   34.5   35.0   35.5   36.0   36.5   37.0   37.5   38.0   38.5   39.0   39.5   40.0   40.5   41.0   41.5   42.0   42.5   43.0   43.5   44.0   44.5   45.0   45.5   46.0   46.5   47.0   47.5   48.0   48.5   49.0   49.5   50.0   50.5   51.0   51.5   52.0   52.5   53.0   53.5   54.0   54.5   55.0   
U16   0   0   0   0   0   0   0   0   0   0   0   0   0   0   0   0   0   0   0   0   0   0   0   0   0   0   0   0   0   0   0   0   0   0   0   0   0   0   0   0   0   0   0   0   0   0   0   0   0   0   0   0   0   0   0   0   0   0   0   0   0   0   0   0   0   0   0   0   0   0   0   0   0   0   0   0   0   0   0   0   0   
T_sec   15.0   15.5   16.0   16.5   17.0   17.5   18.0   18.5   19.0   19.5   20.0   20.5   21.0   21.5   22.0   22.5   23.0   23.5   24.0   24.5   25.0   25.5   26.0   26.5   27.0   27.5   28.0   28.5   29.0   29.5   30.0   30.5   31.0   31.5   32.0   32.5   33.0   33.5   34.0   34.5   35.0   35.5   36.0   36.5   37.0   37.5   38.0   38.5   39.0   39.5   40.0   40.5   41.0   41.5   42.0   42.5   43.0   43.5   44.0   44.5   45.0   45.5   46.0   46.5   47.0   47.5   48.0   48.5   49.0   49.5   50.0   50.5   51.0   51.5   52.0   52.5   53.0   53.5   54.0   54.5   55.0   
U17   0   0   0   0   0   0   0   0   0   0   0   0   0   0   0   0   0   0   0   0   0   0   0   0   0   0   0   0   0   0   0   0   0   0   0   0   0   0   0   0   0   0   0   0   0   0   0   0   0   0   0   0   0   0   0   0   0   0   0   0   0   0   0   0   0   0   0   0   0   0   0   0   0   0   0   0   0   0   0   0   0   
T_sec   15.0   15.5   16.0   16.5   17.0   17.5   18.0   18.5   19.0   19.5   20.0   20.5   21.0   21.5   22.0   22.5   23.0   23.5   24.0   24.5   25.0   25.5   26.0   26.5   27.0   27.5   28.0   28.5   29.0   29.5   30.0   30.5   31.0   31.5   32.0   32.5   33.0   33.5   34.0   34.5   35.0   35.5   36.0   36.5   37.0   37.5   38.0   38.5   39.0   39.5   40.0   40.5   41.0   41.5   42.0   42.5   43.0   43.5   44.0   44.5   45.0   45.5   46.0   46.5   47.0   47.5   48.0   48.5   49.0   49.5   50.0   50.5   51.0   51.5   52.0   52.5   53.0   53.5   54.0   54.5   55.0   
U18   0   0   0   0   0   0   0   0   0   0   0   0   0   0   0   0   0   0   0   0   0   0   0   0   0   0   0   0   0   0   0   0   0   0   0   0   0   0   0   0   0   0   0   0   0   0   0   0   0   0   0   0   0   0   0   0   0   0   0   0   0   0   0   0   0   0   0   0   0   0   0   0   0   0   0   0   0   0   0   0   0   
T_sec   15.0   15.5   16.0   16.5   17.0   17.5   18.0   18.5   19.0   19.5   20.0   20.5   21.0   21.5   22.0   22.5   23.0   23.5   24.0   24.5   25.0   25.5   26.0   26.5   27.0   27.5   28.0   28.5   29.0   29.5   30.0   30.5   31.0   31.5   32.0   32.5   33.0   33.5   34.0   34.5   35.0   35.5   36.0   36.5   37.0   37.5   38.0   38.5   39.0   39.5   40.0   40.5   41.0   41.5   42.0   42.5   43.0   43.5   44.0   44.5   45.0   45.5   46.0   46.5   47.0   47.5   48.0   48.5   49.0   49.5   50.0   50.5   51.0   51.5   52.0   52.5   53.0   53.5   54.0   54.5   55.0   
U19   0   0   0   0   0   0   0   0   0   0   0   0   0   0   0   0   0   0   0   0   0   0   0   0   0   0   0   0   0   0   0   0   0   0   0   0   0   0   0   0   0   0   0   0   0   0   0   0   0   0   0   0   0   0   0   0   0   0   0   0   0   0   0   0   0   0   0   0   0   0   0   0   0   0   0   0   0   0   0   0   0   
T_sec   15.0   15.5   16.0   16.5   17.0   17.5   18.0   18.5   19.0   19.5   20.0   20.5   21.0   21.5   22.0   22.5   23.0   23.5   24.0   24.5   25.0   25.5   26.0   26.5   27.0   27.5   28.0   28.5   29.0   29.5   30.0   30.5   31.0   31.5   32.0   32.5   33.0   33.5   34.0   34.5   35.0   35.5   36.0   36.5   37.0   37.5   38.0   38.5   39.0   39.5   40.0   40.5   41.0   41.5   42.0   42.5   43.0   43.5   44.0   44.5   45.0   45.5   46.0   46.5   47.0   47.5   48.0   48.5   49.0   49.5   50.0   50.5   51.0   51.5   52.0   52.5   53.0   53.5   54.0   54.5   55.0   
U20   -0.05916109900239234   -0.09005812226543923   -0.08936934701456194   -0.061740942565781755   -0.02052762940489457   0.01579038718144692   0.040575400087104196   0.05009166366207642   0.02738064417157807   -0.01513564684894676   -0.044347396510320346   -0.037867007401941155   -0.0023786589290549767   0.03103410640748838   0.03603950573051375   0.005416773746144488   -0.03686281798360965   -0.06867806076966997   -0.07591948053155254   -0.0514429507204312   -0.00030094736067019   0.06002345856714965   0.08698778412830785   0.06709692143104735   0.02651832020830983   -0.008489475484061745   -0.02806102241987958   -0.018033515496706835   0.011686814419885103   0.039605549500070836   0.0500386309522584   0.03867339721312264   0.00703861530917563   -0.038340195086428525   -0.0852105327132253   -0.10009477962034902   -0.06964720895094467   -0.008024566869523492   0.06051676779738386   0.10200973679159679   0.0897598153282794   0.03009323488683936   -0.04227010694065596   -0.09221166614746361   -0.08635590162137631   -0.03098972473500331   0.041832650973987216   0.07516352100930063   0.0480308929640155   -0.010659363311592047   -0.09261921362147134   0.1856515220249902   1.0   0.6797654108546972   0.17463953473166396   -0.6918427413696243   -0.6854477679322482   -0.19704508389695613   -0.36590865044092147   -0.4456272223740311   -0.13719548379418986   -0.1210956886523956   -0.12085224172376173   -0.125267700017171   -0.06740616060602789   0.030274470103345375   0.15193738086520256   0.18652265632884613   0.23053004619797668   0.12118554553022899   0.03210781764576167   -0.0685329596977407   -0.011757041925471043   0.0725985644758325   0.17993246017396702   0.15258249566399612   0.13162811520781983   0.07903780716178002   -0.1756708733295694   0.034104950403941715   0.038174699618137305   
T_sec   15.0   15.5   16.0   16.5   17.0   17.5   18.0   18.5   19.0   19.5   20.0   20.5   21.0   21.5   22.0   22.5   23.0   23.5   24.0   24.5   25.0   25.5   26.0   26.5   27.0   27.5   28.0   28.5   29.0   29.5   30.0   30.5   31.0   31.5   32.0   32.5   33.0   33.5   34.0   34.5   35.0   35.5   36.0   36.5   37.0   37.5   38.0   38.5   39.0   39.5   40.0   40.5   41.0   41.5   42.0   42.5   43.0   43.5   44.0   44.5   45.0   45.5   46.0   46.5   47.0   47.5   48.0   48.5   49.0   49.5   50.0   50.5   51.0   51.5   52.0   52.5   53.0   53.5   54.0   54.5   55.0   
U21   0   0   0   0   0   0   0   0   0   0   0   0   0   0   0   0   0   0   0   0   0   0   0   0   0   0   0   0   0   0   0   0   0   0   0   0   0   0   0   0   0   0   0   0   0   0   0   0   0   0   0   0   0   0   0   0   0   0   0   0   0   0   0   0   0   0   0   0   0   0   0   0   0   0   0   0   0   0   0   0   0   
T_sec   15.0   15.5   16.0   16.5   17.0   17.5   18.0   18.5   19.0   19.5   20.0   20.5   21.0   21.5   22.0   22.5   23.0   23.5   24.0   24.5   25.0   25.5   26.0   26.5   27.0   27.5   28.0   28.5   29.0   29.5   30.0   30.5   31.0   31.5   32.0   32.5   33.0   33.5   34.0   34.5   35.0   35.5   36.0   36.5   37.0   37.5   38.0   38.5   39.0   39.5   40.0   40.5   41.0   41.5   42.0   42.5   43.0   43.5   44.0   44.5   45.0   45.5   46.0   46.5   47.0   47.5   48.0   48.5   49.0   49.5   50.0   50.5   51.0   51.5   52.0   52.5   53.0   53.5   54.0   54.5   55.0   
U22   0   0   0   0   0   0   0   0   0   0   0   0   0   0   0   0   0   0   0   0   0   0   0   0   0   0   0   0   0   0   0   0   0   0   0   0   0   0   0   0   0   0   0   0   0   0   0   0   0   0   0   0   0   0   0   0   0   0   0   0   0   0   0   0   0   0   0   0   0   0   0   0   0   0   0   0   0   0   0   0   0   
T_sec   15.0   15.5   16.0   16.5   17.0   17.5   18.0   18.5   19.0   19.5   20.0   20.5   21.0   21.5   22.0   22.5   23.0   23.5   24.0   24.5   25.0   25.5   26.0   26.5   27.0   27.5   28.0   28.5   29.0   29.5   30.0   30.5   31.0   31.5   32.0   32.5   33.0   33.5   34.0   34.5   35.0   35.5   36.0   36.5   37.0   37.5   38.0   38.5   39.0   39.5   40.0   40.5   41.0   41.5   42.0   42.5   43.0   43.5   44.0   44.5   45.0   45.5   46.0   46.5   47.0   47.5   48.0   48.5   49.0   49.5   50.0   50.5   51.0   51.5   52.0   52.5   53.0   53.5   54.0   54.5   55.0   
U23   0   0   0   0   0   0   0   0   0   0   0   0   0   0   0   0   0   0   0   0   0   0   0   0   0   0   0   0   0   0   0   0   0   0   0   0   0   0   0   0   0   0   0   0   0   0   0   0   0   0   0   0   0   0   0   0   0   0   0   0   0   0   0   0   0   0   0   0   0   0   0   0   0   0   0   0   0   0   0   0   0   
T_sec   15.0   15.5   16.0   16.5   17.0   17.5   18.0   18.5   19.0   19.5   20.0   20.5   21.0   21.5   22.0   22.5   23.0   23.5   24.0   24.5   25.0   25.5   26.0   26.5   27.0   27.5   28.0   28.5   29.0   29.5   30.0   30.5   31.0   31.5   32.0   32.5   33.0   33.5   34.0   34.5   35.0   35.5   36.0   36.5   37.0   37.5   38.0   38.5   39.0   39.5   40.0   40.5   41.0   41.5   42.0   42.5   43.0   43.5   44.0   44.5   45.0   45.5   46.0   46.5   47.0   47.5   48.0   48.5   49.0   49.5   50.0   50.5   51.0   51.5   52.0   52.5   53.0   53.5   54.0   54.5   55.0   
U24   0.011701981822571582   0.025981370223768483   0.056471041313752135   0.11835751044139191   0.17282018978503297   0.16390171176798346   0.1088750128743275   0.015807232054140957   -0.06595623745633362   -0.08655559350549304   -0.04958296398946902   0.019599450738793645   0.0791242144478043   0.08096587363220709   0.029293861509917415   -0.015172368757886318   -0.0416086258080871   -0.04764394478886212   0.0015207745496466738   0.05748097628630623   0.08021062549116408   0.06183982424698541   0.008398190560025805   -0.05574227709995796   -0.10901652139548097   -0.11919903699220918   -0.0933450905072804   -0.06843585193842747   -0.060544660797079285   -0.07053862755122457   -0.09005525466624383   -0.0734484963515695   -0.015608415628966865   0.03280415980539045   0.028238618233983222   -0.029195644072608936   -0.09018183349296657   -0.11891862607320434   -0.11589529029502375   -0.0897037808821298   -0.05359466881206025   -0.007576830705715491   0.0255039165881383   0.0032769440692445367   -0.0689544096995645   -0.16364868314086786   -0.27544730294199327   0.997924555805183   0.4958028439020127   0.10753681188361683   0.6655649092077663   0.45761670839956237   1.0   0.8545535727562614   -0.43858305337631787   -0.478962180233764   -0.4595285991152454   -0.5336819271917913   -0.619396175777142   -0.4321672961473557   -0.16275508470872285   -0.25365605596490093   -0.34014010699330305   -0.13406796851771308   0.0503668258690728   -0.10231521202283898   -0.04769176997093274   -0.08017825376054855   -0.11824298236006377   0.24071888630899446   -0.16929956564409207   0.27042496747998274   0.2589971346969031   -0.1312422026420326   0.16565251913843246   0.1512252675821126   -0.1984674430825339   -0.004986591204893544   0.15664744785553486   0.09235892028966207   0.16701227780139663   
T_sec   15.0   15.5   16.0   16.5   17.0   17.5   18.0   18.5   19.0   19.5   20.0   20.5   21.0   21.5   22.0   22.5   23.0   23.5   24.0   24.5   25.0   25.5   26.0   26.5   27.0   27.5   28.0   28.5   29.0   29.5   30.0   30.5   31.0   31.5   32.0   32.5   33.0   33.5   34.0   34.5   35.0   35.5   36.0   36.5   37.0   37.5   38.0   38.5   39.0   39.5   40.0   40.5   41.0   41.5   42.0   42.5   43.0   43.5   44.0   44.5   45.0   45.5   46.0   46.5   47.0   47.5   48.0   48.5   49.0   49.5   50.0   50.5   51.0   51.5   52.0   52.5   53.0   53.5   54.0   54.5   55.0   
U25   0.07489719652679143   -0.11063543624334583   -0.24565569924608746   -0.27020422069835665   -0.17535104221174136   -0.018048434302429927   0.14108457048847894   0.24028038260455625   0.23915273733567186   0.13977278036789068   -0.01256974824588837   -0.14494570311961316   -0.2114439397474781   -0.18611369980574394   -0.0803929247848138   0.032993212123028616   0.10061657330947779   0.09676362568523636   0.03914113307987492   -0.0051642567469679015   -0.006263017921278773   0.030507903956166683   0.08176736366037934   0.11808268592022979   0.09431278013302638   0.030302733469461534   -0.05176063953232191   -0.1110475252567599   -0.11349461956604354   -0.054809358640871574   0.0324162484053701   0.06761324349329133   0.015314508612806118   -0.09805136948376383   -0.18698672335353342   -0.194977020874134   -0.13468855526192378   -0.06752849067850036   -0.0459024362328376   -0.07887497394983979   -0.12076024251858156   -0.1502753793879399   -0.1705557273481291   -0.20624715410530128   -0.2701653427012316   0.14733395133948377   1.0   0.7228250701348772   0.49601809736306174   0.2589419480410578   0.38880160539039643   0.5202372962157741   0.7166592486603387   0.20476499435075735   -0.5641176695631868   -0.6506706706915829   -0.7456500422123559   -0.7500142636241719   -0.21842186074782902   -0.1917377830407947   0.04864785806939038   0.005189945981620417   0.006702748494387797   0.009664886012238893   0.06449819956443167   -0.12236253815918341   -0.2479975671588944   -0.2622680620787291   -0.23637695922765425   0.04780951575548935   0.11803743757455139   0.15875613792733198   0.2526277725573302   0.2407648054322176   0.10247097687937083   0.026538013315232315   0.0729128242689185   0.054960936626056126   -0.08564895155645323   0.0016073871341867913   0.20458711386728465   
T_sec   15.0   15.5   16.0   16.5   17.0   17.5   18.0   18.5   19.0   19.5   20.0   20.5   21.0   21.5   22.0   22.5   23.0   23.5   24.0   24.5   25.0   25.5   26.0   26.5   27.0   27.5   28.0   28.5   29.0   29.5   30.0   30.5   31.0   31.5   32.0   32.5   33.0   33.5   34.0   34.5   35.0   35.5   36.0   36.5   37.0   37.5   38.0   38.5   39.0   39.5   40.0   40.5   41.0   41.5   42.0   42.5   43.0   43.5   44.0   44.5   45.0   45.5   46.0   46.5   47.0   47.5   48.0   48.5   49.0   49.5   50.0   50.5   51.0   51.5   52.0   52.5   53.0   53.5   54.0   54.5   55.0   
U26   0.07447739027594995   0.13984761432281373   0.14295212275012772   0.09199930451874426   0.01034845830731073   -0.06960311102950356   -0.11322939347256124   -0.09640256201722892   -0.04621643413829919   -0.010033428111976706   0.0015063691606699724   0.009853994451936651   0.014289733535400603   0.011018876292819807   0.010173919956917117   0.01679720550629203   0.024045740350054457   0.029844914216493695   0.04651729643679781   0.06187437272960469   0.05181382891281889   0.017574778954160406   -0.02585378600452682   -0.06656341365654928   -0.0731300621472618   -0.037245272934472835   0.02842685392618113   0.10232376001029889   0.1324388798965861   0.1034892063843993   0.03845875583089976   -0.05979933053638921   -0.18959153867866707   -0.31621023351279653   -0.39038752400273585   -0.36754409740359273   -0.21375421394177982   0.01844778524839542   0.19721670299085334   0.2199896461700501   0.08006033793343595   -0.10159634982217548   -0.20918340021354118   -0.27991309731109415   0.0440586903503123   1.0   0.0975015780414655   0.32895149981496236   0.05252985918977334   0.14549674926647949   0.1386117306381746   0.3843478932093319   0.6756766294484411   0.26848908575908226   -0.08516651155637456   -0.2517364930322404   -0.18568474795508233   -0.27586414301621087   -0.19839210406760557   -0.4914614106559224   -0.48859347532041103   -0.035439991107267046   0.018944755778001827   0.01064493899572181   0.12158405550289918   0.07345821016302789   0.020785357548960947   -0.16677413599484142   -0.15261997368379213   -0.11647346590960078   -0.13399878499206103   0.0811755106715758   -0.03651515408574608   -0.0834052105969801   -0.13391948315039667   -0.26105700197166687   -0.2839375041475888   -0.019586506958538908   0.2464455257091577   0.26007917325808566   0.18261264521860587   
T_sec   15.0   15.5   16.0   16.5   17.0   17.5   18.0   18.5   19.0   19.5   20.0   20.5   21.0   21.5   22.0   22.5   23.0   23.5   24.0   24.5   25.0   25.5   26.0   26.5   27.0   27.5   28.0   28.5   29.0   29.5   30.0   30.5   31.0   31.5   32.0   32.5   33.0   33.5   34.0   34.5   35.0   35.5   36.0   36.5   37.0   37.5   38.0   38.5   39.0   39.5   40.0   40.5   41.0   41.5   42.0   42.5   43.0   43.5   44.0   44.5   45.0   45.5   46.0   46.5   47.0   47.5   48.0   48.5   49.0   49.5   50.0   50.5   51.0   51.5   52.0   52.5   53.0   53.5   54.0   54.5   55.0   
U27   0   0   0   0   0   0   0   0   0   0   0   0   0   0   0   0   0   0   0   0   0   0   0   0   0   0   0   0   0   0   0   0   0   0   0   0   0   0   0   0   0   0   0   0   0   0   0   0   0   0   0   0   0   0   0   0   0   0   0   0   0   0   0   0   0   0   0   0   0   0   0   0   0   0   0   0   0   0   0   0   0   
T_sec   15.0   15.5   16.0   16.5   17.0   17.5   18.0   18.5   19.0   19.5   20.0   20.5   21.0   21.5   22.0   22.5   23.0   23.5   24.0   24.5   25.0   25.5   26.0   26.5   27.0   27.5   28.0   28.5   29.0   29.5   30.0   30.5   31.0   31.5   32.0   32.5   33.0   33.5   34.0   34.5   35.0   35.5   36.0   36.5   37.0   37.5   38.0   38.5   39.0   39.5   40.0   40.5   41.0   41.5   42.0   42.5   43.0   43.5   44.0   44.5   45.0   45.5   46.0   46.5   47.0   47.5   48.0   48.5   49.0   49.5   50.0   50.5   51.0   51.5   52.0   52.5   53.0   53.5   54.0   54.5   55.0   
U28   0.0021956911267521657   0.007975142792917554   0.009053387538251181   0.012515815560184461   0.00675274950766075   -0.020042636758254927   -0.06544714349836998   -0.10563598995221075   -0.1125503507736489   -0.08830872212847576   -0.035103774368892775   0.03215880000194203   0.08741927976785538   0.11198623812014812   0.10766393086913066   0.07738571324837891   0.029051228445503004   -0.0024031534479906926   -0.013053302090694293   -0.021038421034642506   -0.028759953765197577   -0.03754106692346582   -0.05120082604455908   -0.0710438462544273   -0.06989782661875577   -0.04380652291248043   -0.00036460207671422596   0.04882686398063666   0.0853009071471715   0.0770244012123298   0.009542209010181529   -0.08138737522751698   -0.1435030447372946   -0.14974072589399312   -0.11062588336487744   -0.06511065863695223   -0.0480430097152525   -0.03615782969037824   -0.02200123066981843   -0.020306681086171032   -0.02748669842997931   -0.07622686317757343   0.002213714253911123   1.0   0.39400368149790166   -0.574921575260036   0.2878479612706323   0.05267258406839755   0.00707876916476765   0.1272524061299092   0.21359400854973726   0.15711088281666316   0.060280665796176025   0.0938502359568435   -0.17854780343280852   -0.202383826269855   -0.26883614809625445   -0.17487942890703342   -0.10307710459854556   -0.2879606356314268   0.08002692998780683   0.16634284518494427   -0.2196723250431355   0.10576416600810966   -0.024421550288052696   -0.07792209674619707   0.10676076473348793   -0.10034973538567026   -0.18432558064400836   -0.08280536143080827   -0.16815840881883337   -0.0027716628070634463   0.07311169471450357   0.16544475244056805   -0.035469317348349946   -0.1092570033877637   -0.04208039684796923   -0.050424814832671916   -0.01133961082684646   0.023397211707124946   0.2193386055181942   
T_sec   15.0   15.5   16.0   16.5   17.0   17.5   18.0   18.5   19.0   19.5   20.0   20.5   21.0   21.5   22.0   22.5   23.0   23.5   24.0   24.5   25.0   25.5   26.0   26.5   27.0   27.5   28.0   28.5   29.0   29.5   30.0   30.5   31.0   31.5   32.0   32.5   33.0   33.5   34.0   34.5   35.0   35.5   36.0   36.5   37.0   37.5   38.0   38.5   39.0   39.5   40.0   40.5   41.0   41.5   42.0   42.5   43.0   43.5   44.0   44.5   45.0   45.5   46.0   46.5   47.0   47.5   48.0   48.5   49.0   49.5   50.0   50.5   51.0   51.5   52.0   52.5   53.0   53.5   54.0   54.5   55.0   
U29   0   0   0   0   0   0   0   0   0   0   0   0   0   0   0   0   0   0   0   0   0   0   0   0   0   0   0   0   0   0   0   0   0   0   0   0   0   0   0   0   0   0   0   0   0   0   0   0   0   0   0   0   0   0   0   0   0   0   0   0   0   0   0   0   0   0   0   0   0   0   0   0   0   0   0   0   0   0   0   0   0   
T_sec   15.0   15.5   16.0   16.5   17.0   17.5   18.0   18.5   19.0   19.5   20.0   20.5   21.0   21.5   22.0   22.5   23.0   23.5   24.0   24.5   25.0   25.5   26.0   26.5   27.0   27.5   28.0   28.5   29.0   29.5   30.0   30.5   31.0   31.5   32.0   32.5   33.0   33.5   34.0   34.5   35.0   35.5   36.0   36.5   37.0   37.5   38.0   38.5   39.0   39.5   40.0   40.5   41.0   41.5   42.0   42.5   43.0   43.5   44.0   44.5   45.0   45.5   46.0   46.5   47.0   47.5   48.0   48.5   49.0   49.5   50.0   50.5   51.0   51.5   52.0   52.5   53.0   53.5   54.0   54.5   55.0   
U30   -0.007821721719088076   0.017651190092435015   0.039289154710909165   0.04973537796904808   0.04154147457438395   0.013669390995114139   -0.023846156926616933   -0.05193510407712745   -0.0548253267856236   -0.03513790492420185   -0.004489443508554797   0.032563174251681384   0.06432670415530907   0.06683734464414631   0.02883051018264063   -0.03180513620713685   -0.08582249323103826   -0.11465263916545346   -0.10235607255132557   -0.049064327020332886   0.021445028021574705   0.09103894346939974   0.12197126317229061   0.08746407990608886   0.010011999366053735   -0.07238451372564958   -0.12933175256209758   -0.1412341032074104   -0.10479448845559562   -0.04173055596372688   0.018631062604599576   0.05337128084691941   0.045784478744799274   0.012397406940514066   -0.020641911640902257   -0.04423784601734504   -0.05832456665721159   -0.06504086501647463   -0.049319771610995766   -0.0658516093460594   0.29520957684908566   1.0   0.1251818164973382   -0.2842228421764721   -0.2704087887902732   -0.11357449514123796   0.10619856362068672   -0.04149665721200161   0.21518751246859558   0.06408763430976384   0.029346043299346918   0.2529486759253002   -0.11623916633107337   -0.29063933429795025   -0.06479417547866406   -0.2596774368272807   -0.1337318337916321   -0.058991278934252184   -0.007340143790550113   -0.15010006667538395   0.06841169230140298   0.07657143196419208   0.13189938758292202   0.007445998626953109   -0.10678278936489764   -0.14540432487571123   0.059944686639666456   0.051961988652014485   -0.1452562456188776   -0.12230910033132365   0.052886079920932375   -0.010686763283160193   0.08667957936184882   0.10042814000817352   -0.17627572187345628   -0.08466921463347941   0.05555335329057229   0.058858400597341154   -0.013760182809158666   0.09670898571555062   0.04642982017186517   
T_sec   15.0   15.5   16.0   16.5   17.0   17.5   18.0   18.5   19.0   19.5   20.0   20.5   21.0   21.5   22.0   22.5   23.0   23.5   24.0   24.5   25.0   25.5   26.0   26.5   27.0   27.5   28.0   28.5   29.0   29.5   30.0   30.5   31.0   31.5   32.0   32.5   33.0   33.5   34.0   34.5   35.0   35.5   36.0   36.5   37.0   37.5   38.0   38.5   39.0   39.5   40.0   40.5   41.0   41.5   42.0   42.5   43.0   43.5   44.0   44.5   45.0   45.5   46.0   46.5   47.0   47.5   48.0   48.5   49.0   49.5   50.0   50.5   51.0   51.5   52.0   52.5   53.0   53.5   54.0   54.5   55.0   
U31   0   0   0   0   0   0   0   0   0   0   0   0   0   0   0   0   0   0   0   0   0   0   0   0   0   0   0   0   0   0   0   0   0   0   0   0   0   0   0   0   0   0   0   0   0   0   0   0   0   0   0   0   0   0   0   0   0   0   0   0   0   0   0   0   0   0   0   0   0   0   0   0   0   0   0   0   0   0   0   0   0   
T_sec   15.0   15.5   16.0   16.5   17.0   17.5   18.0   18.5   19.0   19.5   20.0   20.5   21.0   21.5   22.0   22.5   23.0   23.5   24.0   24.5   25.0   25.5   26.0   26.5   27.0   27.5   28.0   28.5   29.0   29.5   30.0   30.5   31.0   31.5   32.0   32.5   33.0   33.5   34.0   34.5   35.0   35.5   36.0   36.5   37.0   37.5   38.0   38.5   39.0   39.5   40.0   40.5   41.0   41.5   42.0   42.5   43.0   43.5   44.0   44.5   45.0   45.5   46.0   46.5   47.0   47.5   48.0   48.5   49.0   49.5   50.0   50.5   51.0   51.5   52.0   52.5   53.0   53.5   54.0   54.5   55.0   
U32   0   0   0   0   0   0   0   0   0   0   0   0   0   0   0   0   0   0   0   0   0   0   0   0   0   0   0   0   0   0   0   0   0   0   0   0   0   0   0   0   0   0   0   0   0   0   0   0   0   0   0   0   0   0   0   0   0   0   0   0   0   0   0   0   0   0   0   0   0   0   0   0   0   0   0   0   0   0   0   0   0   
T_sec   15.0   15.5   16.0   16.5   17.0   17.5   18.0   18.5   19.0   19.5   20.0   20.5   21.0   21.5   22.0   22.5   23.0   23.5   24.0   24.5   25.0   25.5   26.0   26.5   27.0   27.5   28.0   28.5   29.0   29.5   30.0   30.5   31.0   31.5   32.0   32.5   33.0   33.5   34.0   34.5   35.0   35.5   36.0   36.5   37.0   37.5   38.0   38.5   39.0   39.5   40.0   40.5   41.0   41.5   42.0   42.5   43.0   43.5   44.0   44.5   45.0   45.5   46.0   46.5   47.0   47.5   48.0   48.5   49.0   49.5   50.0   50.5   51.0   51.5   52.0   52.5   53.0   53.5   54.0   54.5   55.0   
U33   0   0   0   0   0   0   0   0   0   0   0   0   0   0   0   0   0   0   0   0   0   0   0   0   0   0   0   0   0   0   0   0   0   0   0   0   0   0   0   0   0   0   0   0   0   0   0   0   0   0   0   0   0   0   0   0   0   0   0   0   0   0   0   0   0   0   0   0   0   0   0   0   0   0   0   0   0   0   0   0   0   
T_sec   15.0   15.5   16.0   16.5   17.0   17.5   18.0   18.5   19.0   19.5   20.0   20.5   21.0   21.5   22.0   22.5   23.0   23.5   24.0   24.5   25.0   25.5   26.0   26.5   27.0   27.5   28.0   28.5   29.0   29.5   30.0   30.5   31.0   31.5   32.0   32.5   33.0   33.5   34.0   34.5   35.0   35.5   36.0   36.5   37.0   37.5   38.0   38.5   39.0   39.5   40.0   40.5   41.0   41.5   42.0   42.5   43.0   43.5   44.0   44.5   45.0   45.5   46.0   46.5   47.0   47.5   48.0   48.5   49.0   49.5   50.0   50.5   51.0   51.5   52.0   52.5   53.0   53.5   54.0   54.5   55.0   
U34   0.018198774084327612   -0.007498678456168006   -0.004112139735637167   0.03460530608548608   0.07207550971218207   0.0647454071631566   0.026961459921558656   -0.00501912480485128   -0.01606068520121992   -0.009383906759713926   -0.0077183701080956275   -0.014922030798718566   -0.013826996510643088   -0.012719121783145803   -0.025986632410608387   -0.043332268558009916   -0.05548993932639637   -0.06262973095171387   -0.06405120431735678   -0.06860029201774716   -0.075056668051718   -0.08367226244302578   -0.09410649568231363   -0.09615766585781013   -0.0968658188357513   -0.08779586128079592   -0.05786191959871858   -0.010935606963797017   0.03772675414181216   0.04652651293539982   0.018770463272756076   -0.025920622146475007   -0.06820484764055952   -0.0798952198223515   -0.08912779869456476   -0.013254382329925771   1.0   0.6785453373265311   0.03337019962452981   0.11437103665344137   -0.007797985407422503   -0.20446678321777503   -0.08560491022825098   0.050311694641424536   0.06502245339121471   0.2881543310224766   0.06025958923059178   -0.11105933429435991   -0.10370731722277081   -0.0953972218894941   -0.102740708336228   -0.05244412043785455   -0.15474051860324797   -0.24778918401986288   -0.13840885166807632   0.14471021649902588   -0.05781941739431625   -0.06915593326878654   0.06582972099923699   -0.19486371019659787   -0.1904672803281758   0.022138726686793193   0.19021830213719237   0.12164194587704426   -0.04305117203382145   -0.29757071563932924   -0.3291389773029661   -0.15107724512472567   0.07344010244102356   0.007906046618455958   0.01870814459756559   0.014538015379385523   -0.06157032071127804   -0.09688008978480851   0.06151542805772934   0.1370711424198744   0.2498414139063856   0.24483723364155524   0.10175884632186785   -0.10802779652475888   -0.03622244944488324   
T_sec   15.0   15.5   16.0   16.5   17.0   17.5   18.0   18.5   19.0   19.5   20.0   20.5   21.0   21.5   22.0   22.5   23.0   23.5   24.0   24.5   25.0   25.5   26.0   26.5   27.0   27.5   28.0   28.5   29.0   29.5   30.0   30.5   31.0   31.5   32.0   32.5   33.0   33.5   34.0   34.5   35.0   35.5   36.0   36.5   37.0   37.5   38.0   38.5   39.0   39.5   40.0   40.5   41.0   41.5   42.0   42.5   43.0   43.5   44.0   44.5   45.0   45.5   46.0   46.5   47.0   47.5   48.0   48.5   49.0   49.5   50.0   50.5   51.0   51.5   52.0   52.5   53.0   53.5   54.0   54.5   55.0   
U35   0.12882380623597595   0.12536614099375057   0.1119719598541   0.08584904822064797   0.05141354611382611   0.020410823698369013   -0.013412814743508061   -0.05749179620654327   -0.08672866001639304   -0.055920355676868566   0.015247144203666631   0.05156312734045969   0.04239524748784824   0.016533394970449596   -0.01305289214528237   -0.03274722128412547   -0.04273927944425224   -0.05465526965021464   -0.0676879291718746   -0.07287830144908976   -0.06717494169415157   -0.07906358315328799   -0.1174263267894387   -0.14756533356299473   -0.1390847012999914   -0.09534299165109386   -0.035243995791849364   0.0162902921769745   0.03992546102235026   0.03737406403961039   -0.011029151510173855   -0.09174243736165215   -0.14136808722043226   -0.15631041113100422   -0.025647451165381918   1.0   0.5620527460767776   0.2069903530324334   0.15083008719283675   -0.03195587325651567   0.05590181887631273   -0.050097591612406754   0.004397971433502448   -0.03341936328184881   0.06769348123875638   -0.21368741228315596   0.0025309413214104353   0.09370667611194682   -0.06961498570778327   0.03946775784764664   -0.04331684325939001   -0.17227211382563487   -0.10602213746858394   -0.200427655038649   -0.09802822279444086   -0.36635737139014657   -0.23216481318950785   -0.15237768649448835   -0.01922655640504589   -0.06415931147277468   -0.0029234001446033714   0.08813218254651714   0.16834327095879179   -0.008140395374004605   -0.10819569591164875   0.09436226571146299   0.04835070492011967   0.042144407272799965   0.03150670770344531   0.04274530424649747   0.09421221758737057   0.04044029542446915   -0.016550971943577346   0.02749524664657903   0.05975728253926171   0.07761454225601136   0.11340277955947715   0.07184356257441891   0.06861105733628345   0.04709901382041123   0.0210606131999352   
T_sec   15.0   15.5   16.0   16.5   17.0   17.5   18.0   18.5   19.0   19.5   20.0   20.5   21.0   21.5   22.0   22.5   23.0   23.5   24.0   24.5   25.0   25.5   26.0   26.5   27.0   27.5   28.0   28.5   29.0   29.5   30.0   30.5   31.0   31.5   32.0   32.5   33.0   33.5   34.0   34.5   35.0   35.5   36.0   36.5   37.0   37.5   38.0   38.5   39.0   39.5   40.0   40.5   41.0   41.5   42.0   42.5   43.0   43.5   44.0   44.5   45.0   45.5   46.0   46.5   47.0   47.5   48.0   48.5   49.0   49.5   50.0   50.5   51.0   51.5   52.0   52.5   53.0   53.5   54.0   54.5   55.0   
U36   0.023997665977001547   0.08401481165691543   0.10748630559982679   0.10454157203784006   0.08751717693431947   0.04569988117877058   -0.018807418573500396   -0.12183746822494637   -0.24908506745049874   -0.3342544306795094   -0.3278771829677355   -0.16365551343476456   0.04593296712355881   0.18380945102097307   0.22239443559410357   0.1701381079496338   0.07911276408601638   0.025916292188047665   -0.01248009488835086   -0.050488146573894076   -0.061255149854992065   -0.021812990920124505   0.030400355277521583   0.039037228803106   -0.014392750050250385   -0.10536147321542137   -0.1472341921170103   -0.12569439355368428   -0.06912366724552213   -0.005688519291563258   0.04039038322128975   0.00923728360610255   -0.07325634591804216   0.971993867218542   1.0   -0.39155047278763666   -0.39464902700242044   -0.3841543725049158   -0.1511240011949337   0.1457527315880906   0.05711417154758992   0.4703804088788159   0.19676031150895587   -0.43340560168561626   -0.22011798116582854   0.02723480515239042   0.09094451679608322   0.1378316855652068   -0.03895194515567612   -0.02485257397578475   0.13716642505684032   0.04974814076671134   -0.09305516156408881   -0.23710661669584718   -0.2122498401882961   -0.14291753894972994   -0.14364151737723554   -0.2666949050091538   -0.18573972062149496   0.1526573910961349   0.4077412859405393   0.36286408827732447   0.04078132669259405   -0.3457505029378881   -0.32737145566804243   -0.3580577082393934   -0.09570513689215542   -0.029291553946201313   -0.009665720961636268   0.10559977037129686   0.011192816813318263   -0.15103584369150308   -0.25170561744096587   -0.11815468169347544   0.24980811546266973   0.34419448708195177   0.21215362698670645   0.21176894221541076   0.08409457218485832   -0.0837401207415323   -0.04731177379545074   
T_sec   15.0   15.5   16.0   16.5   17.0   17.5   18.0   18.5   19.0   19.5   20.0   20.5   21.0   21.5   22.0   22.5   23.0   23.5   24.0   24.5   25.0   25.5   26.0   26.5   27.0   27.5   28.0   28.5   29.0   29.5   30.0   30.5   31.0   31.5   32.0   32.5   33.0   33.5   34.0   34.5   35.0   35.5   36.0   36.5   37.0   37.5   38.0   38.5   39.0   39.5   40.0   40.5   41.0   41.5   42.0   42.5   43.0   43.5   44.0   44.5   45.0   45.5   46.0   46.5   47.0   47.5   48.0   48.5   49.0   49.5   50.0   50.5   51.0   51.5   52.0   52.5   53.0   53.5   54.0   54.5   55.0   
U37   -0.0636674760959756   -0.0308258858895819   -0.0005371462811261132   -0.0036975129386403274   -0.02544027964045347   -0.03584612408956717   -0.008852779081896776   0.03727010431343772   0.04486458530019246   -0.00922842026013904   -0.05604323437109512   -0.047173226135232484   0.014476021958235174   0.06673962152166811   0.056070553028235826   -0.007264561806203629   -0.07554958578522962   -0.10232843306993608   -0.083194262698729   -0.0385361378195059   0.016339511736357944   0.04964811527109609   0.06317167076168113   0.05882648098060184   0.03605748972375731   -0.026721761915543568   -0.12109324812140375   -0.20471640951118847   -0.23393349728777252   -0.17836869396864563   -0.07858739889199116   -0.021539813553285853   1.0   0.879473781725365   -0.11452412812499618   0.06707840881106028   -0.26029531794678984   -0.0850165209454843   -0.12292894327112863   -0.20371678917710911   -0.04495291681401668   0.023985436173857705   0.2953802718409325   0.29102636697703865   0.030097341671549184   -0.16503832348132721   -0.17939099485129978   -0.2696232089702547   -0.1294196141964543   -0.0233522361239083   -0.011680227552343974   0.15018064300640463   0.08665960122052681   0.16835936691055955   -0.2431810731547342   -0.13108681134148764   -0.1944620928656815   -0.3679154285099676   -0.1720359434109984   0.16464916295209525   0.1322162177869651   0.12148559976539315   0.06744275689182606   -0.014826398049482324   -0.12336808017041404   -0.046960161476753304   -0.13932853262701392   -0.06604001153970245   0.04987780119385942   0.04889662994406592   0.07100867900399922   0.15005419706972553   -0.01689307607084929   -0.09230536894192105   0.2446825758215242   0.3319478587214482   0.09186964028460533   0.03971109914960674   -0.10269489122317274   -0.17770855848585895   -0.1369876255921752   
T_sec   15.0   15.5   16.0   16.5   17.0   17.5   18.0   18.5   19.0   19.5   20.0   20.5   21.0   21.5   22.0   22.5   23.0   23.5   24.0   24.5   25.0   25.5   26.0   26.5   27.0   27.5   28.0   28.5   29.0   29.5   30.0   30.5   31.0   31.5   32.0   32.5   33.0   33.5   34.0   34.5   35.0   35.5   36.0   36.5   37.0   37.5   38.0   38.5   39.0   39.5   40.0   40.5   41.0   41.5   42.0   42.5   43.0   43.5   44.0   44.5   45.0   45.5   46.0   46.5   47.0   47.5   48.0   48.5   49.0   49.5   50.0   50.5   51.0   51.5   52.0   52.5   53.0   53.5   54.0   54.5   55.0   
U38   0   0   0   0   0   0   0   0   0   0   0   0   0   0   0   0   0   0   0   0   0   0   0   0   0   0   0   0   0   0   0   0   0   0   0   0   0   0   0   0   0   0   0   0   0   0   0   0   0   0   0   0   0   0   0   0   0   0   0   0   0   0   0   0   0   0   0   0   0   0   0   0   0   0   0   0   0   0   0   0   0   
T_sec   15.0   15.5   16.0   16.5   17.0   17.5   18.0   18.5   19.0   19.5   20.0   20.5   21.0   21.5   22.0   22.5   23.0   23.5   24.0   24.5   25.0   25.5   26.0   26.5   27.0   27.5   28.0   28.5   29.0   29.5   30.0   30.5   31.0   31.5   32.0   32.5   33.0   33.5   34.0   34.5   35.0   35.5   36.0   36.5   37.0   37.5   38.0   38.5   39.0   39.5   40.0   40.5   41.0   41.5   42.0   42.5   43.0   43.5   44.0   44.5   45.0   45.5   46.0   46.5   47.0   47.5   48.0   48.5   49.0   49.5   50.0   50.5   51.0   51.5   52.0   52.5   53.0   53.5   54.0   54.5   55.0   
U39   0   0   0   0   0   0   0   0   0   0   0   0   0   0   0   0   0   0   0   0   0   0   0   0   0   0   0   0   0   0   0   0   0   0   0   0   0   0   0   0   0   0   0   0   0   0   0   0   0   0   0   0   0   0   0   0   0   0   0   0   0   0   0   0   0   0   0   0   0   0   0   0   0   0   0   0   0   0   0   0   0   
T_sec   15.0   15.5   16.0   16.5   17.0   17.5   18.0   18.5   19.0   19.5   20.0   20.5   21.0   21.5   22.0   22.5   23.0   23.5   24.0   24.5   25.0   25.5   26.0   26.5   27.0   27.5   28.0   28.5   29.0   29.5   30.0   30.5   31.0   31.5   32.0   32.5   33.0   33.5   34.0   34.5   35.0   35.5   36.0   36.5   37.0   37.5   38.0   38.5   39.0   39.5   40.0   40.5   41.0   41.5   42.0   42.5   43.0   43.5   44.0   44.5   45.0   45.5   46.0   46.5   47.0   47.5   48.0   48.5   49.0   49.5   50.0   50.5   51.0   51.5   52.0   52.5   53.0   53.5   54.0   54.5   55.0   
U40   0   0   0   0   0   0   0   0   0   0   0   0   0   0   0   0   0   0   0   0   0   0   0   0   0   0   0   0   0   0   0   0   0   0   0   0   0   0   0   0   0   0   0   0   0   0   0   0   0   0   0   0   0   0   0   0   0   0   0   0   0   0   0   0   0   0   0   0   0   0   0   0   0   0   0   0   0   0   0   0   0   
sta_location:9.75,10.25,10.75,11.25,11.75,12.25,12.75,13.25,13.75,14.25,14.88654899597168,15.25,15.6087064743042,16.445114135742188,16.64248275756836,17.3563289642334,17.75,18.25,18.75,19.25,19.752901077270508,20.25,20.75,21.25,21.562055587768555,22.191694259643555,22.55689239501953,23.25,23.634098052978516,24.25,24.641489028930664,25.25,25.75,26.25,26.592655181884766,27.08936882019043,27.818384170532227,28.286291122436523,28.75,29.25,29.75,
rebuild_index:0,1,2,3,4,5,6,7,8,9,10,11,12,13,14,15,16,17,18,19,20,21,22,23,24,25,26,27,28,29,30,31,32,33,34,35,36,37,38,39,40,
use_index:10,12,13,14,15,20,24,25,26,28,30,34,35,36,37,
cut_start_time:20---cut_windows:35---reduction_v:10