T_sec   15.0   15.5   16.0   16.5   17.0   17.5   18.0   18.5   19.0   19.5   20.0   20.5   21.0   21.5   22.0   22.5   23.0   23.5   24.0   24.5   25.0   25.5   26.0   26.5   27.0   27.5   28.0   28.5   29.0   29.5   30.0   30.5   31.0   31.5   32.0   32.5   33.0   33.5   34.0   34.5   35.0   35.5   36.0   36.5   37.0   37.5   38.0   38.5   39.0   39.5   40.0   40.5   41.0   41.5   42.0   42.5   43.0   43.5   44.0   44.5   45.0   45.5   46.0   46.5   47.0   47.5   48.0   48.5   49.0   49.5   50.0   50.5   51.0   51.5   52.0   52.5   53.0   53.5   54.0   54.5   55.0   
U0   0   0   0   0   0   0   0   0   0   0   0   0   0   0   0   0   0   0   0   0   0   0   0   0   0   0   0   0   0   0   0   0   0   0   0   0   0   0   0   0   0   0   0   0   0   0   0   0   0   0   0   0   0   0   0   0   0   0   0   0   0   0   0   0   0   0   0   0   0   0   0   0   0   0   0   0   0   0   0   0   0   
T_sec   15.0   15.5   16.0   16.5   17.0   17.5   18.0   18.5   19.0   19.5   20.0   20.5   21.0   21.5   22.0   22.5   23.0   23.5   24.0   24.5   25.0   25.5   26.0   26.5   27.0   27.5   28.0   28.5   29.0   29.5   30.0   30.5   31.0   31.5   32.0   32.5   33.0   33.5   34.0   34.5   35.0   35.5   36.0   36.5   37.0   37.5   38.0   38.5   39.0   39.5   40.0   40.5   41.0   41.5   42.0   42.5   43.0   43.5   44.0   44.5   45.0   45.5   46.0   46.5   47.0   47.5   48.0   48.5   49.0   49.5   50.0   50.5   51.0   51.5   52.0   52.5   53.0   53.5   54.0   54.5   55.0   
U1   -0.10319946621117332   0.1971594752948807   0.004239124625834357   -0.14090299684029767   -0.19150551521097842   0.23125223943597775   -0.13494338205315906   -0.02652846998788559   0.07630955204900167   -0.10012984571204175   0.09829471381458411   0.21784009155821576   0.2748820571847033   0.2429414283506799   0.4838771867328716   0.20667779644096126   0.19808169191670405   -0.029672161405171746   0.13358962407762237   -0.3950818398709154   0.10174752148848117   0.06988815353108989   0.288529383672079   0.4520987826175473   0.06346848870018788   -0.2355317605544063   0.47259915217753007   0.03282979400424634   -0.16750180083242844   0.1081163523735033   0.34286893934013773   0.06376707767213138   0.04283829932109981   -0.18475834896170923   -0.0388506799652853   -0.005405778849779898   -0.005743592605054331   0.3560793103381815   -0.33011116941047897   -0.3288341409433937   0.7192066685117832   0.23072940354118396   0.02664112349708404   -0.0406275588496469   0.09053552931454756   0.8517399904816025   1.0   0.7632492173189638   0.2714706181821692   -0.16995700119503937   0.559527481162161   -0.014826522420437818   0.2414484860116999   0.9131856146727357   -0.16934045499986944   -0.6052355487177108   -0.449540499773344   -0.4296014315208167   -0.40318886971239676   -0.09559589342049434   0.09928953150969588   0.24147150325553315   0.07109918019399201   0.1244067770121177   0.2526285012205267   0.4003427727454787   0.4878165730319214   -0.09041547654074078   -0.45366964652840913   0.18243063545088875   -0.07923993400362021   -0.4923442683140811   -0.2419257568692607   -0.2443138748709017   0.1116813580732157   -0.15135132042757618   0.06413459351263015   0.05461076602673006   -0.2890391858992279   0.0035922016018804293   -0.11938611183967898   
T_sec   15.0   15.5   16.0   16.5   17.0   17.5   18.0   18.5   19.0   19.5   20.0   20.5   21.0   21.5   22.0   22.5   23.0   23.5   24.0   24.5   25.0   25.5   26.0   26.5   27.0   27.5   28.0   28.5   29.0   29.5   30.0   30.5   31.0   31.5   32.0   32.5   33.0   33.5   34.0   34.5   35.0   35.5   36.0   36.5   37.0   37.5   38.0   38.5   39.0   39.5   40.0   40.5   41.0   41.5   42.0   42.5   43.0   43.5   44.0   44.5   45.0   45.5   46.0   46.5   47.0   47.5   48.0   48.5   49.0   49.5   50.0   50.5   51.0   51.5   52.0   52.5   53.0   53.5   54.0   54.5   55.0   
U2   0   0   0   0   0   0   0   0   0   0   0   0   0   0   0   0   0   0   0   0   0   0   0   0   0   0   0   0   0   0   0   0   0   0   0   0   0   0   0   0   0   0   0   0   0   0   0   0   0   0   0   0   0   0   0   0   0   0   0   0   0   0   0   0   0   0   0   0   0   0   0   0   0   0   0   0   0   0   0   0   0   
T_sec   15.0   15.5   16.0   16.5   17.0   17.5   18.0   18.5   19.0   19.5   20.0   20.5   21.0   21.5   22.0   22.5   23.0   23.5   24.0   24.5   25.0   25.5   26.0   26.5   27.0   27.5   28.0   28.5   29.0   29.5   30.0   30.5   31.0   31.5   32.0   32.5   33.0   33.5   34.0   34.5   35.0   35.5   36.0   36.5   37.0   37.5   38.0   38.5   39.0   39.5   40.0   40.5   41.0   41.5   42.0   42.5   43.0   43.5   44.0   44.5   45.0   45.5   46.0   46.5   47.0   47.5   48.0   48.5   49.0   49.5   50.0   50.5   51.0   51.5   52.0   52.5   53.0   53.5   54.0   54.5   55.0   
U3   0   0   0   0   0   0   0   0   0   0   0   0   0   0   0   0   0   0   0   0   0   0   0   0   0   0   0   0   0   0   0   0   0   0   0   0   0   0   0   0   0   0   0   0   0   0   0   0   0   0   0   0   0   0   0   0   0   0   0   0   0   0   0   0   0   0   0   0   0   0   0   0   0   0   0   0   0   0   0   0   0   
T_sec   15.0   15.5   16.0   16.5   17.0   17.5   18.0   18.5   19.0   19.5   20.0   20.5   21.0   21.5   22.0   22.5   23.0   23.5   24.0   24.5   25.0   25.5   26.0   26.5   27.0   27.5   28.0   28.5   29.0   29.5   30.0   30.5   31.0   31.5   32.0   32.5   33.0   33.5   34.0   34.5   35.0   35.5   36.0   36.5   37.0   37.5   38.0   38.5   39.0   39.5   40.0   40.5   41.0   41.5   42.0   42.5   43.0   43.5   44.0   44.5   45.0   45.5   46.0   46.5   47.0   47.5   48.0   48.5   49.0   49.5   50.0   50.5   51.0   51.5   52.0   52.5   53.0   53.5   54.0   54.5   55.0   
U4   0   0   0   0   0   0   0   0   0   0   0   0   0   0   0   0   0   0   0   0   0   0   0   0   0   0   0   0   0   0   0   0   0   0   0   0   0   0   0   0   0   0   0   0   0   0   0   0   0   0   0   0   0   0   0   0   0   0   0   0   0   0   0   0   0   0   0   0   0   0   0   0   0   0   0   0   0   0   0   0   0   
T_sec   15.0   15.5   16.0   16.5   17.0   17.5   18.0   18.5   19.0   19.5   20.0   20.5   21.0   21.5   22.0   22.5   23.0   23.5   24.0   24.5   25.0   25.5   26.0   26.5   27.0   27.5   28.0   28.5   29.0   29.5   30.0   30.5   31.0   31.5   32.0   32.5   33.0   33.5   34.0   34.5   35.0   35.5   36.0   36.5   37.0   37.5   38.0   38.5   39.0   39.5   40.0   40.5   41.0   41.5   42.0   42.5   43.0   43.5   44.0   44.5   45.0   45.5   46.0   46.5   47.0   47.5   48.0   48.5   49.0   49.5   50.0   50.5   51.0   51.5   52.0   52.5   53.0   53.5   54.0   54.5   55.0   
U5   -0.23891014705564534   -0.26595672400720083   0.15589980260691141   -0.049035952275467025   0.0678251325437662   -0.08786468238213672   -0.020301943019219608   0.04251989044210585   0.05935014403709388   0.0013291755417530074   0.1756202297111941   -0.09698901838091854   0.12745790520399927   -0.07629882079146386   -0.049712629161837385   -0.036894406641774305   0.10203577798080543   -0.10873318173118401   -0.44814640978539666   0.2669057189572138   0.13391713875751746   0.11543000568130374   -0.07245438700436505   0.11812017546696484   -0.07276514380012908   -0.07540846729279184   0.1919722735184821   -0.02498694709090215   -0.198699634015597   -0.42375215750974193   0.020082938584997698   -0.05610096645614394   -0.15190744902636413   -0.05087399562140555   0.02968903538194952   0.16738651333606913   -0.15415710036281777   -0.10668372249823341   -0.07554780364354874   0.1039730086837669   -0.3671881508015888   -0.05535827470960989   0.21806414410910985   -0.22799903516858386   0.22591129794850548   -0.0833782902601503   -0.20303381101152917   0.3881575614331342   0.9361192776547453   0.6671398919660393   0.20228397837314846   0.4604022815203886   1.0   0.11871110437813838   -0.6401492630190303   -0.11952543645648192   0.247180351122974   -0.04699265003478271   0.490539869684391   0.2743151849779272   0.6036679074581585   0.35479350774488394   -0.3139724799222842   -0.47468790137766115   0.03862236030257305   -0.23692781164739807   -0.07478601723412212   -0.10169052726407683   -0.25891486520957746   -0.34533255490705994   -0.3346011834153013   -0.21949618049618116   -0.09619429096382189   0.16002554534523464   -0.34766209531252124   -0.0822007140076624   -0.7196907181557106   -0.04652497690763911   0.02015423210726405   0.12650341346806077   -0.10498919013424572   
T_sec   15.0   15.5   16.0   16.5   17.0   17.5   18.0   18.5   19.0   19.5   20.0   20.5   21.0   21.5   22.0   22.5   23.0   23.5   24.0   24.5   25.0   25.5   26.0   26.5   27.0   27.5   28.0   28.5   29.0   29.5   30.0   30.5   31.0   31.5   32.0   32.5   33.0   33.5   34.0   34.5   35.0   35.5   36.0   36.5   37.0   37.5   38.0   38.5   39.0   39.5   40.0   40.5   41.0   41.5   42.0   42.5   43.0   43.5   44.0   44.5   45.0   45.5   46.0   46.5   47.0   47.5   48.0   48.5   49.0   49.5   50.0   50.5   51.0   51.5   52.0   52.5   53.0   53.5   54.0   54.5   55.0   
U6   0   0   0   0   0   0   0   0   0   0   0   0   0   0   0   0   0   0   0   0   0   0   0   0   0   0   0   0   0   0   0   0   0   0   0   0   0   0   0   0   0   0   0   0   0   0   0   0   0   0   0   0   0   0   0   0   0   0   0   0   0   0   0   0   0   0   0   0   0   0   0   0   0   0   0   0   0   0   0   0   0   
T_sec   15.0   15.5   16.0   16.5   17.0   17.5   18.0   18.5   19.0   19.5   20.0   20.5   21.0   21.5   22.0   22.5   23.0   23.5   24.0   24.5   25.0   25.5   26.0   26.5   27.0   27.5   28.0   28.5   29.0   29.5   30.0   30.5   31.0   31.5   32.0   32.5   33.0   33.5   34.0   34.5   35.0   35.5   36.0   36.5   37.0   37.5   38.0   38.5   39.0   39.5   40.0   40.5   41.0   41.5   42.0   42.5   43.0   43.5   44.0   44.5   45.0   45.5   46.0   46.5   47.0   47.5   48.0   48.5   49.0   49.5   50.0   50.5   51.0   51.5   52.0   52.5   53.0   53.5   54.0   54.5   55.0   
U7   0   0   0   0   0   0   0   0   0   0   0   0   0   0   0   0   0   0   0   0   0   0   0   0   0   0   0   0   0   0   0   0   0   0   0   0   0   0   0   0   0   0   0   0   0   0   0   0   0   0   0   0   0   0   0   0   0   0   0   0   0   0   0   0   0   0   0   0   0   0   0   0   0   0   0   0   0   0   0   0   0   
T_sec   15.0   15.5   16.0   16.5   17.0   17.5   18.0   18.5   19.0   19.5   20.0   20.5   21.0   21.5   22.0   22.5   23.0   23.5   24.0   24.5   25.0   25.5   26.0   26.5   27.0   27.5   28.0   28.5   29.0   29.5   30.0   30.5   31.0   31.5   32.0   32.5   33.0   33.5   34.0   34.5   35.0   35.5   36.0   36.5   37.0   37.5   38.0   38.5   39.0   39.5   40.0   40.5   41.0   41.5   42.0   42.5   43.0   43.5   44.0   44.5   45.0   45.5   46.0   46.5   47.0   47.5   48.0   48.5   49.0   49.5   50.0   50.5   51.0   51.5   52.0   52.5   53.0   53.5   54.0   54.5   55.0   
U8   0   0   0   0   0   0   0   0   0   0   0   0   0   0   0   0   0   0   0   0   0   0   0   0   0   0   0   0   0   0   0   0   0   0   0   0   0   0   0   0   0   0   0   0   0   0   0   0   0   0   0   0   0   0   0   0   0   0   0   0   0   0   0   0   0   0   0   0   0   0   0   0   0   0   0   0   0   0   0   0   0   
T_sec   15.0   15.5   16.0   16.5   17.0   17.5   18.0   18.5   19.0   19.5   20.0   20.5   21.0   21.5   22.0   22.5   23.0   23.5   24.0   24.5   25.0   25.5   26.0   26.5   27.0   27.5   28.0   28.5   29.0   29.5   30.0   30.5   31.0   31.5   32.0   32.5   33.0   33.5   34.0   34.5   35.0   35.5   36.0   36.5   37.0   37.5   38.0   38.5   39.0   39.5   40.0   40.5   41.0   41.5   42.0   42.5   43.0   43.5   44.0   44.5   45.0   45.5   46.0   46.5   47.0   47.5   48.0   48.5   49.0   49.5   50.0   50.5   51.0   51.5   52.0   52.5   53.0   53.5   54.0   54.5   55.0   
U9   0   0   0   0   0   0   0   0   0   0   0   0   0   0   0   0   0   0   0   0   0   0   0   0   0   0   0   0   0   0   0   0   0   0   0   0   0   0   0   0   0   0   0   0   0   0   0   0   0   0   0   0   0   0   0   0   0   0   0   0   0   0   0   0   0   0   0   0   0   0   0   0   0   0   0   0   0   0   0   0   0   
T_sec   15.0   15.5   16.0   16.5   17.0   17.5   18.0   18.5   19.0   19.5   20.0   20.5   21.0   21.5   22.0   22.5   23.0   23.5   24.0   24.5   25.0   25.5   26.0   26.5   27.0   27.5   28.0   28.5   29.0   29.5   30.0   30.5   31.0   31.5   32.0   32.5   33.0   33.5   34.0   34.5   35.0   35.5   36.0   36.5   37.0   37.5   38.0   38.5   39.0   39.5   40.0   40.5   41.0   41.5   42.0   42.5   43.0   43.5   44.0   44.5   45.0   45.5   46.0   46.5   47.0   47.5   48.0   48.5   49.0   49.5   50.0   50.5   51.0   51.5   52.0   52.5   53.0   53.5   54.0   54.5   55.0   
U10   0   0   0   0   0   0   0   0   0   0   0   0   0   0   0   0   0   0   0   0   0   0   0   0   0   0   0   0   0   0   0   0   0   0   0   0   0   0   0   0   0   0   0   0   0   0   0   0   0   0   0   0   0   0   0   0   0   0   0   0   0   0   0   0   0   0   0   0   0   0   0   0   0   0   0   0   0   0   0   0   0   
T_sec   15.0   15.5   16.0   16.5   17.0   17.5   18.0   18.5   19.0   19.5   20.0   20.5   21.0   21.5   22.0   22.5   23.0   23.5   24.0   24.5   25.0   25.5   26.0   26.5   27.0   27.5   28.0   28.5   29.0   29.5   30.0   30.5   31.0   31.5   32.0   32.5   33.0   33.5   34.0   34.5   35.0   35.5   36.0   36.5   37.0   37.5   38.0   38.5   39.0   39.5   40.0   40.5   41.0   41.5   42.0   42.5   43.0   43.5   44.0   44.5   45.0   45.5   46.0   46.5   47.0   47.5   48.0   48.5   49.0   49.5   50.0   50.5   51.0   51.5   52.0   52.5   53.0   53.5   54.0   54.5   55.0   
U11   0   0   0   0   0   0   0   0   0   0   0   0   0   0   0   0   0   0   0   0   0   0   0   0   0   0   0   0   0   0   0   0   0   0   0   0   0   0   0   0   0   0   0   0   0   0   0   0   0   0   0   0   0   0   0   0   0   0   0   0   0   0   0   0   0   0   0   0   0   0   0   0   0   0   0   0   0   0   0   0   0   
T_sec   15.0   15.5   16.0   16.5   17.0   17.5   18.0   18.5   19.0   19.5   20.0   20.5   21.0   21.5   22.0   22.5   23.0   23.5   24.0   24.5   25.0   25.5   26.0   26.5   27.0   27.5   28.0   28.5   29.0   29.5   30.0   30.5   31.0   31.5   32.0   32.5   33.0   33.5   34.0   34.5   35.0   35.5   36.0   36.5   37.0   37.5   38.0   38.5   39.0   39.5   40.0   40.5   41.0   41.5   42.0   42.5   43.0   43.5   44.0   44.5   45.0   45.5   46.0   46.5   47.0   47.5   48.0   48.5   49.0   49.5   50.0   50.5   51.0   51.5   52.0   52.5   53.0   53.5   54.0   54.5   55.0   
U12   0   0   0   0   0   0   0   0   0   0   0   0   0   0   0   0   0   0   0   0   0   0   0   0   0   0   0   0   0   0   0   0   0   0   0   0   0   0   0   0   0   0   0   0   0   0   0   0   0   0   0   0   0   0   0   0   0   0   0   0   0   0   0   0   0   0   0   0   0   0   0   0   0   0   0   0   0   0   0   0   0   
T_sec   15.0   15.5   16.0   16.5   17.0   17.5   18.0   18.5   19.0   19.5   20.0   20.5   21.0   21.5   22.0   22.5   23.0   23.5   24.0   24.5   25.0   25.5   26.0   26.5   27.0   27.5   28.0   28.5   29.0   29.5   30.0   30.5   31.0   31.5   32.0   32.5   33.0   33.5   34.0   34.5   35.0   35.5   36.0   36.5   37.0   37.5   38.0   38.5   39.0   39.5   40.0   40.5   41.0   41.5   42.0   42.5   43.0   43.5   44.0   44.5   45.0   45.5   46.0   46.5   47.0   47.5   48.0   48.5   49.0   49.5   50.0   50.5   51.0   51.5   52.0   52.5   53.0   53.5   54.0   54.5   55.0   
U13   0   0   0   0   0   0   0   0   0   0   0   0   0   0   0   0   0   0   0   0   0   0   0   0   0   0   0   0   0   0   0   0   0   0   0   0   0   0   0   0   0   0   0   0   0   0   0   0   0   0   0   0   0   0   0   0   0   0   0   0   0   0   0   0   0   0   0   0   0   0   0   0   0   0   0   0   0   0   0   0   0   
T_sec   15.0   15.5   16.0   16.5   17.0   17.5   18.0   18.5   19.0   19.5   20.0   20.5   21.0   21.5   22.0   22.5   23.0   23.5   24.0   24.5   25.0   25.5   26.0   26.5   27.0   27.5   28.0   28.5   29.0   29.5   30.0   30.5   31.0   31.5   32.0   32.5   33.0   33.5   34.0   34.5   35.0   35.5   36.0   36.5   37.0   37.5   38.0   38.5   39.0   39.5   40.0   40.5   41.0   41.5   42.0   42.5   43.0   43.5   44.0   44.5   45.0   45.5   46.0   46.5   47.0   47.5   48.0   48.5   49.0   49.5   50.0   50.5   51.0   51.5   52.0   52.5   53.0   53.5   54.0   54.5   55.0   
U14   -0.051997473167094736   -0.0627425219669975   0.083949525166454   0.19440504572500097   0.011061431498827207   -0.1228818309729286   0.2943427636895376   -0.012677576889753253   0.02529630012491812   -0.21591229733873163   -0.03185749041009499   -0.03628452857230789   -0.1104328666551605   0.09436841762412305   0.060404105460729246   0.27866052775103267   -0.12977262330255765   0.24862382201248878   -0.004613213718141942   0.164092064010153   0.1896475257245505   0.1380441743245987   0.03114270176346804   0.21145797341718137   0.15182926991287718   -0.09542747649013192   -0.03509639521449862   0.04841165975696576   -0.29255346529977583   0.022237391174920514   0.05623894616174407   0.009426788714865202   0.13471968204381282   -0.14791304929261204   -0.010457963100104552   -0.23312752443577325   -0.08173589175345637   -0.08070493798184722   -0.20048342036723307   -0.004148686420161123   0.22987213401626524   0.03970663174468792   0.0420874569869057   0.032435669829438865   0.1801280372649319   0.12039981549879347   -0.03574707229854713   -0.12549844218764514   0.03263687037421987   0.09970762788848317   -0.05034876569997367   0.2822954438533643   0.5736528166738815   1.0   0.779238983253922   0.5831168932925884   -0.35590437525627344   -0.526451488178798   -0.3142000751212084   -0.2807200379653829   -0.3096326654749113   -0.18589348337399308   -0.25568676526264367   -0.04984285837476782   0.07950788843126587   -0.1069269883673432   -0.0814230790123432   -0.14062822710972311   -0.23028528302267515   -0.15836818058793367   -0.038137712971031336   -0.053768085850845845   -0.35706494429487257   0.1814439546649086   -0.10665725720577444   0.25928754854278735   0.010322499193399412   0.27113255164764843   -0.4241829664823002   -0.16989052038341948   -0.13721876661277377   
T_sec   15.0   15.5   16.0   16.5   17.0   17.5   18.0   18.5   19.0   19.5   20.0   20.5   21.0   21.5   22.0   22.5   23.0   23.5   24.0   24.5   25.0   25.5   26.0   26.5   27.0   27.5   28.0   28.5   29.0   29.5   30.0   30.5   31.0   31.5   32.0   32.5   33.0   33.5   34.0   34.5   35.0   35.5   36.0   36.5   37.0   37.5   38.0   38.5   39.0   39.5   40.0   40.5   41.0   41.5   42.0   42.5   43.0   43.5   44.0   44.5   45.0   45.5   46.0   46.5   47.0   47.5   48.0   48.5   49.0   49.5   50.0   50.5   51.0   51.5   52.0   52.5   53.0   53.5   54.0   54.5   55.0   
U15   0   0   0   0   0   0   0   0   0   0   0   0   0   0   0   0   0   0   0   0   0   0   0   0   0   0   0   0   0   0   0   0   0   0   0   0   0   0   0   0   0   0   0   0   0   0   0   0   0   0   0   0   0   0   0   0   0   0   0   0   0   0   0   0   0   0   0   0   0   0   0   0   0   0   0   0   0   0   0   0   0   
T_sec   15.0   15.5   16.0   16.5   17.0   17.5   18.0   18.5   19.0   19.5   20.0   20.5   21.0   21.5   22.0   22.5   23.0   23.5   24.0   24.5   25.0   25.5   26.0   26.5   27.0   27.5   28.0   28.5   29.0   29.5   30.0   30.5   31.0   31.5   32.0   32.5   33.0   33.5   34.0   34.5   35.0   35.5   36.0   36.5   37.0   37.5   38.0   38.5   39.0   39.5   40.0   40.5   41.0   41.5   42.0   42.5   43.0   43.5   44.0   44.5   45.0   45.5   46.0   46.5   47.0   47.5   48.0   48.5   49.0   49.5   50.0   50.5   51.0   51.5   52.0   52.5   53.0   53.5   54.0   54.5   55.0   
U16   0   0   0   0   0   0   0   0   0   0   0   0   0   0   0   0   0   0   0   0   0   0   0   0   0   0   0   0   0   0   0   0   0   0   0   0   0   0   0   0   0   0   0   0   0   0   0   0   0   0   0   0   0   0   0   0   0   0   0   0   0   0   0   0   0   0   0   0   0   0   0   0   0   0   0   0   0   0   0   0   0   
T_sec   15.0   15.5   16.0   16.5   17.0   17.5   18.0   18.5   19.0   19.5   20.0   20.5   21.0   21.5   22.0   22.5   23.0   23.5   24.0   24.5   25.0   25.5   26.0   26.5   27.0   27.5   28.0   28.5   29.0   29.5   30.0   30.5   31.0   31.5   32.0   32.5   33.0   33.5   34.0   34.5   35.0   35.5   36.0   36.5   37.0   37.5   38.0   38.5   39.0   39.5   40.0   40.5   41.0   41.5   42.0   42.5   43.0   43.5   44.0   44.5   45.0   45.5   46.0   46.5   47.0   47.5   48.0   48.5   49.0   49.5   50.0   50.5   51.0   51.5   52.0   52.5   53.0   53.5   54.0   54.5   55.0   
U17   0   0   0   0   0   0   0   0   0   0   0   0   0   0   0   0   0   0   0   0   0   0   0   0   0   0   0   0   0   0   0   0   0   0   0   0   0   0   0   0   0   0   0   0   0   0   0   0   0   0   0   0   0   0   0   0   0   0   0   0   0   0   0   0   0   0   0   0   0   0   0   0   0   0   0   0   0   0   0   0   0   
T_sec   15.0   15.5   16.0   16.5   17.0   17.5   18.0   18.5   19.0   19.5   20.0   20.5   21.0   21.5   22.0   22.5   23.0   23.5   24.0   24.5   25.0   25.5   26.0   26.5   27.0   27.5   28.0   28.5   29.0   29.5   30.0   30.5   31.0   31.5   32.0   32.5   33.0   33.5   34.0   34.5   35.0   35.5   36.0   36.5   37.0   37.5   38.0   38.5   39.0   39.5   40.0   40.5   41.0   41.5   42.0   42.5   43.0   43.5   44.0   44.5   45.0   45.5   46.0   46.5   47.0   47.5   48.0   48.5   49.0   49.5   50.0   50.5   51.0   51.5   52.0   52.5   53.0   53.5   54.0   54.5   55.0   
U18   0   0   0   0   0   0   0   0   0   0   0   0   0   0   0   0   0   0   0   0   0   0   0   0   0   0   0   0   0   0   0   0   0   0   0   0   0   0   0   0   0   0   0   0   0   0   0   0   0   0   0   0   0   0   0   0   0   0   0   0   0   0   0   0   0   0   0   0   0   0   0   0   0   0   0   0   0   0   0   0   0   
T_sec   15.0   15.5   16.0   16.5   17.0   17.5   18.0   18.5   19.0   19.5   20.0   20.5   21.0   21.5   22.0   22.5   23.0   23.5   24.0   24.5   25.0   25.5   26.0   26.5   27.0   27.5   28.0   28.5   29.0   29.5   30.0   30.5   31.0   31.5   32.0   32.5   33.0   33.5   34.0   34.5   35.0   35.5   36.0   36.5   37.0   37.5   38.0   38.5   39.0   39.5   40.0   40.5   41.0   41.5   42.0   42.5   43.0   43.5   44.0   44.5   45.0   45.5   46.0   46.5   47.0   47.5   48.0   48.5   49.0   49.5   50.0   50.5   51.0   51.5   52.0   52.5   53.0   53.5   54.0   54.5   55.0   
U19   0   0   0   0   0   0   0   0   0   0   0   0   0   0   0   0   0   0   0   0   0   0   0   0   0   0   0   0   0   0   0   0   0   0   0   0   0   0   0   0   0   0   0   0   0   0   0   0   0   0   0   0   0   0   0   0   0   0   0   0   0   0   0   0   0   0   0   0   0   0   0   0   0   0   0   0   0   0   0   0   0   
T_sec   15.0   15.5   16.0   16.5   17.0   17.5   18.0   18.5   19.0   19.5   20.0   20.5   21.0   21.5   22.0   22.5   23.0   23.5   24.0   24.5   25.0   25.5   26.0   26.5   27.0   27.5   28.0   28.5   29.0   29.5   30.0   30.5   31.0   31.5   32.0   32.5   33.0   33.5   34.0   34.5   35.0   35.5   36.0   36.5   37.0   37.5   38.0   38.5   39.0   39.5   40.0   40.5   41.0   41.5   42.0   42.5   43.0   43.5   44.0   44.5   45.0   45.5   46.0   46.5   47.0   47.5   48.0   48.5   49.0   49.5   50.0   50.5   51.0   51.5   52.0   52.5   53.0   53.5   54.0   54.5   55.0   
U20   0.13526551697232642   0.13004485015237546   0.19847366523433554   0.1213825866468227   0.035220837624522924   0.12554794088896462   -0.21120550057367518   -0.04532191327803206   0.15737016000393658   0.06995060028795802   0.08557679746768813   0.298695303747964   0.1719705932749999   -0.13063952440007012   0.03359453083041983   -0.0666105940129993   0.17211757152957122   0.22937207660608272   0.00040500764629992903   -0.08766584505288832   0.01507509035064646   0.026307469954207515   -0.15130773125670582   0.15920136300675236   0.1877218257382509   -0.02692831057967015   0.013987825629890992   0.15957488547860468   -0.046192167342745956   -0.07581800267435578   0.14486061545298493   -0.006634291671538285   -0.07468815894720959   0.01278163761245574   0.009987423221183761   0.14620953696808323   0.12161745029505809   -0.08079427595942205   -0.0795324278790468   -0.20646887731624727   -0.25742612014122446   -0.05705803571070891   0.12306777492622464   -0.028320012208202735   0.044907501459271484   0.06390334874295671   0.5883812187392837   0.7690447841209361   0.8024960622332362   0.1475940822711048   0.21616529703340892   0.6637722538707836   0.5808785005376335   0.9888239562813089   0.8284486703173747   0.6889930640468054   0.1703099478901547   -1.0   -0.881706976118902   -0.4089813662976094   -0.3410344714400804   -0.07124923705872661   -0.04084267188313086   -0.03160869053724632   0.08583125475324724   -0.06336122268011593   -0.011573999438188372   0.12487656561205181   -0.010321362939719416   -0.04688805104433977   -0.13789225190158494   -0.4644015520417482   -0.1451097693855036   -0.29796042101705483   -0.2192477924185687   0.03129536415679087   -0.0027206122230453633   0.03969796921012315   -0.040973227385669546   -0.007519171546032051   -0.26234767314957447   
T_sec   15.0   15.5   16.0   16.5   17.0   17.5   18.0   18.5   19.0   19.5   20.0   20.5   21.0   21.5   22.0   22.5   23.0   23.5   24.0   24.5   25.0   25.5   26.0   26.5   27.0   27.5   28.0   28.5   29.0   29.5   30.0   30.5   31.0   31.5   32.0   32.5   33.0   33.5   34.0   34.5   35.0   35.5   36.0   36.5   37.0   37.5   38.0   38.5   39.0   39.5   40.0   40.5   41.0   41.5   42.0   42.5   43.0   43.5   44.0   44.5   45.0   45.5   46.0   46.5   47.0   47.5   48.0   48.5   49.0   49.5   50.0   50.5   51.0   51.5   52.0   52.5   53.0   53.5   54.0   54.5   55.0   
U21   0.002098279162910911   -0.1598546457222419   0.06487340216772129   0.08866527270775978   0.23261409708250436   -0.251453649776505   -0.39811947646390555   0.30634071096725785   -0.1679666710700516   -0.05718299718924615   -0.013873548908987529   -0.13589991630796341   -0.02645028456803368   0.3115028985002545   0.28472596784717674   -0.056878212970921625   0.19261070097740243   0.16902701473922482   -0.00815345132291712   -0.23176531934010686   -0.20535209836161966   -0.06065221395603308   0.11019495724406728   -0.1003471502983923   0.05200512463891183   0.015979720921606967   0.04767903916798645   0.15470024084735623   -0.08897264938580962   0.03800516533086339   0.03230662056155523   -0.0035527611154988663   -0.17405420723548104   -0.040018867088744074   0.001257594067345422   -0.06501224993227635   -0.2445456120551235   0.04307415650650702   0.14598513516979994   -0.1431594152200344   0.09013776263574666   0.16853081092950917   -0.03256494193714028   0.08094159182380702   0.13751093522325747   0.33696213480574533   1.0   0.3642382148355573   0.0727378605829061   0.2904013347830545   0.3925666310733973   0.48458193048743026   0.6075374725599433   0.7570131757028234   0.7730521574493161   0.2887582516611195   0.09770428128982567   -0.6488673689630092   -0.6855441911272838   -0.25234595645981517   -0.08580941229977088   0.22861512695609126   -0.15195855800090427   -0.13148498773489986   0.02405796056331139   -0.22405077228438286   -0.13544234217416562   -0.21577244742320473   0.14355377096751346   -0.08978480115287131   0.05077552236194081   0.22546964454334523   -0.2128138325774037   0.22846646902790657   -0.020433449052434004   -0.24974640935416978   0.07514435110368405   -0.1990159089809894   0.2545483783885031   0.18478575011615267   -0.23831165893699344   
T_sec   15.0   15.5   16.0   16.5   17.0   17.5   18.0   18.5   19.0   19.5   20.0   20.5   21.0   21.5   22.0   22.5   23.0   23.5   24.0   24.5   25.0   25.5   26.0   26.5   27.0   27.5   28.0   28.5   29.0   29.5   30.0   30.5   31.0   31.5   32.0   32.5   33.0   33.5   34.0   34.5   35.0   35.5   36.0   36.5   37.0   37.5   38.0   38.5   39.0   39.5   40.0   40.5   41.0   41.5   42.0   42.5   43.0   43.5   44.0   44.5   45.0   45.5   46.0   46.5   47.0   47.5   48.0   48.5   49.0   49.5   50.0   50.5   51.0   51.5   52.0   52.5   53.0   53.5   54.0   54.5   55.0   
U22   0   0   0   0   0   0   0   0   0   0   0   0   0   0   0   0   0   0   0   0   0   0   0   0   0   0   0   0   0   0   0   0   0   0   0   0   0   0   0   0   0   0   0   0   0   0   0   0   0   0   0   0   0   0   0   0   0   0   0   0   0   0   0   0   0   0   0   0   0   0   0   0   0   0   0   0   0   0   0   0   0   
T_sec   15.0   15.5   16.0   16.5   17.0   17.5   18.0   18.5   19.0   19.5   20.0   20.5   21.0   21.5   22.0   22.5   23.0   23.5   24.0   24.5   25.0   25.5   26.0   26.5   27.0   27.5   28.0   28.5   29.0   29.5   30.0   30.5   31.0   31.5   32.0   32.5   33.0   33.5   34.0   34.5   35.0   35.5   36.0   36.5   37.0   37.5   38.0   38.5   39.0   39.5   40.0   40.5   41.0   41.5   42.0   42.5   43.0   43.5   44.0   44.5   45.0   45.5   46.0   46.5   47.0   47.5   48.0   48.5   49.0   49.5   50.0   50.5   51.0   51.5   52.0   52.5   53.0   53.5   54.0   54.5   55.0   
U23   0   0   0   0   0   0   0   0   0   0   0   0   0   0   0   0   0   0   0   0   0   0   0   0   0   0   0   0   0   0   0   0   0   0   0   0   0   0   0   0   0   0   0   0   0   0   0   0   0   0   0   0   0   0   0   0   0   0   0   0   0   0   0   0   0   0   0   0   0   0   0   0   0   0   0   0   0   0   0   0   0   
T_sec   15.0   15.5   16.0   16.5   17.0   17.5   18.0   18.5   19.0   19.5   20.0   20.5   21.0   21.5   22.0   22.5   23.0   23.5   24.0   24.5   25.0   25.5   26.0   26.5   27.0   27.5   28.0   28.5   29.0   29.5   30.0   30.5   31.0   31.5   32.0   32.5   33.0   33.5   34.0   34.5   35.0   35.5   36.0   36.5   37.0   37.5   38.0   38.5   39.0   39.5   40.0   40.5   41.0   41.5   42.0   42.5   43.0   43.5   44.0   44.5   45.0   45.5   46.0   46.5   47.0   47.5   48.0   48.5   49.0   49.5   50.0   50.5   51.0   51.5   52.0   52.5   53.0   53.5   54.0   54.5   55.0   
U24   0   0   0   0   0   0   0   0   0   0   0   0   0   0   0   0   0   0   0   0   0   0   0   0   0   0   0   0   0   0   0   0   0   0   0   0   0   0   0   0   0   0   0   0   0   0   0   0   0   0   0   0   0   0   0   0   0   0   0   0   0   0   0   0   0   0   0   0   0   0   0   0   0   0   0   0   0   0   0   0   0   
T_sec   15.0   15.5   16.0   16.5   17.0   17.5   18.0   18.5   19.0   19.5   20.0   20.5   21.0   21.5   22.0   22.5   23.0   23.5   24.0   24.5   25.0   25.5   26.0   26.5   27.0   27.5   28.0   28.5   29.0   29.5   30.0   30.5   31.0   31.5   32.0   32.5   33.0   33.5   34.0   34.5   35.0   35.5   36.0   36.5   37.0   37.5   38.0   38.5   39.0   39.5   40.0   40.5   41.0   41.5   42.0   42.5   43.0   43.5   44.0   44.5   45.0   45.5   46.0   46.5   47.0   47.5   48.0   48.5   49.0   49.5   50.0   50.5   51.0   51.5   52.0   52.5   53.0   53.5   54.0   54.5   55.0   
U25   0   0   0   0   0   0   0   0   0   0   0   0   0   0   0   0   0   0   0   0   0   0   0   0   0   0   0   0   0   0   0   0   0   0   0   0   0   0   0   0   0   0   0   0   0   0   0   0   0   0   0   0   0   0   0   0   0   0   0   0   0   0   0   0   0   0   0   0   0   0   0   0   0   0   0   0   0   0   0   0   0   
T_sec   15.0   15.5   16.0   16.5   17.0   17.5   18.0   18.5   19.0   19.5   20.0   20.5   21.0   21.5   22.0   22.5   23.0   23.5   24.0   24.5   25.0   25.5   26.0   26.5   27.0   27.5   28.0   28.5   29.0   29.5   30.0   30.5   31.0   31.5   32.0   32.5   33.0   33.5   34.0   34.5   35.0   35.5   36.0   36.5   37.0   37.5   38.0   38.5   39.0   39.5   40.0   40.5   41.0   41.5   42.0   42.5   43.0   43.5   44.0   44.5   45.0   45.5   46.0   46.5   47.0   47.5   48.0   48.5   49.0   49.5   50.0   50.5   51.0   51.5   52.0   52.5   53.0   53.5   54.0   54.5   55.0   
U26   0   0   0   0   0   0   0   0   0   0   0   0   0   0   0   0   0   0   0   0   0   0   0   0   0   0   0   0   0   0   0   0   0   0   0   0   0   0   0   0   0   0   0   0   0   0   0   0   0   0   0   0   0   0   0   0   0   0   0   0   0   0   0   0   0   0   0   0   0   0   0   0   0   0   0   0   0   0   0   0   0   
T_sec   15.0   15.5   16.0   16.5   17.0   17.5   18.0   18.5   19.0   19.5   20.0   20.5   21.0   21.5   22.0   22.5   23.0   23.5   24.0   24.5   25.0   25.5   26.0   26.5   27.0   27.5   28.0   28.5   29.0   29.5   30.0   30.5   31.0   31.5   32.0   32.5   33.0   33.5   34.0   34.5   35.0   35.5   36.0   36.5   37.0   37.5   38.0   38.5   39.0   39.5   40.0   40.5   41.0   41.5   42.0   42.5   43.0   43.5   44.0   44.5   45.0   45.5   46.0   46.5   47.0   47.5   48.0   48.5   49.0   49.5   50.0   50.5   51.0   51.5   52.0   52.5   53.0   53.5   54.0   54.5   55.0   
U27   0   0   0   0   0   0   0   0   0   0   0   0   0   0   0   0   0   0   0   0   0   0   0   0   0   0   0   0   0   0   0   0   0   0   0   0   0   0   0   0   0   0   0   0   0   0   0   0   0   0   0   0   0   0   0   0   0   0   0   0   0   0   0   0   0   0   0   0   0   0   0   0   0   0   0   0   0   0   0   0   0   
T_sec   15.0   15.5   16.0   16.5   17.0   17.5   18.0   18.5   19.0   19.5   20.0   20.5   21.0   21.5   22.0   22.5   23.0   23.5   24.0   24.5   25.0   25.5   26.0   26.5   27.0   27.5   28.0   28.5   29.0   29.5   30.0   30.5   31.0   31.5   32.0   32.5   33.0   33.5   34.0   34.5   35.0   35.5   36.0   36.5   37.0   37.5   38.0   38.5   39.0   39.5   40.0   40.5   41.0   41.5   42.0   42.5   43.0   43.5   44.0   44.5   45.0   45.5   46.0   46.5   47.0   47.5   48.0   48.5   49.0   49.5   50.0   50.5   51.0   51.5   52.0   52.5   53.0   53.5   54.0   54.5   55.0   
U28   0   0   0   0   0   0   0   0   0   0   0   0   0   0   0   0   0   0   0   0   0   0   0   0   0   0   0   0   0   0   0   0   0   0   0   0   0   0   0   0   0   0   0   0   0   0   0   0   0   0   0   0   0   0   0   0   0   0   0   0   0   0   0   0   0   0   0   0   0   0   0   0   0   0   0   0   0   0   0   0   0   
T_sec   15.0   15.5   16.0   16.5   17.0   17.5   18.0   18.5   19.0   19.5   20.0   20.5   21.0   21.5   22.0   22.5   23.0   23.5   24.0   24.5   25.0   25.5   26.0   26.5   27.0   27.5   28.0   28.5   29.0   29.5   30.0   30.5   31.0   31.5   32.0   32.5   33.0   33.5   34.0   34.5   35.0   35.5   36.0   36.5   37.0   37.5   38.0   38.5   39.0   39.5   40.0   40.5   41.0   41.5   42.0   42.5   43.0   43.5   44.0   44.5   45.0   45.5   46.0   46.5   47.0   47.5   48.0   48.5   49.0   49.5   50.0   50.5   51.0   51.5   52.0   52.5   53.0   53.5   54.0   54.5   55.0   
U29   0   0   0   0   0   0   0   0   0   0   0   0   0   0   0   0   0   0   0   0   0   0   0   0   0   0   0   0   0   0   0   0   0   0   0   0   0   0   0   0   0   0   0   0   0   0   0   0   0   0   0   0   0   0   0   0   0   0   0   0   0   0   0   0   0   0   0   0   0   0   0   0   0   0   0   0   0   0   0   0   0   
T_sec   15.0   15.5   16.0   16.5   17.0   17.5   18.0   18.5   19.0   19.5   20.0   20.5   21.0   21.5   22.0   22.5   23.0   23.5   24.0   24.5   25.0   25.5   26.0   26.5   27.0   27.5   28.0   28.5   29.0   29.5   30.0   30.5   31.0   31.5   32.0   32.5   33.0   33.5   34.0   34.5   35.0   35.5   36.0   36.5   37.0   37.5   38.0   38.5   39.0   39.5   40.0   40.5   41.0   41.5   42.0   42.5   43.0   43.5   44.0   44.5   45.0   45.5   46.0   46.5   47.0   47.5   48.0   48.5   49.0   49.5   50.0   50.5   51.0   51.5   52.0   52.5   53.0   53.5   54.0   54.5   55.0   
U30   -0.0020455995925975773   0.13560100373475895   -0.13900711275063868   -0.12486774053141977   -0.01830499727453741   -0.056347398386565224   -0.016195280902443418   0.02774147573708204   -0.042905304522240825   -0.27560795696062196   0.09550822745265987   0.047263898244685285   0.14836263008274644   -0.16207088979801787   -0.16194035301740187   -0.16604401417256967   -0.030734835899453715   0.14278721379694279   0.01954215131737854   0.11454443664219073   0.20947846643244397   -0.012166071031121195   -0.3283224377901231   -0.11589390794857887   0.09458678046422905   -0.13911748025977455   0.05951807195463098   0.19675092099278557   0.07935078151372274   0.10781878589082482   0.04092768225985229   -0.0049868391743071545   -0.12521246765969077   0.15813788711765492   0.27467846509721167   0.6903442058801794   1.0   0.6162842906527922   0.12295296027311987   -0.3694202115349721   0.04251404189954145   0.1053903142043657   0.1281191587176265   0.3690372501507792   0.32984952926023037   0.10913661776322589   0.21933652513814217   0.21327774789358755   0.08282019220394234   0.3147543846769379   0.1153476734764726   0.16741884326914186   -0.0031287272907020588   0.10803737778013538   0.02155827376793869   -0.10272405617539501   -0.11824358510872991   0.03122000307806086   -0.019189769341990744   -0.07470869954279385   0.13486363896253795   -0.1501715217025459   -0.41429409245725546   -0.15720947796087897   -0.22073901109159316   -0.3741549839443494   -0.23111096712004867   0.14795877621294024   -0.18695929713908277   -0.1558390573996106   -0.08441255869658341   0.14547296242353963   0.2147388576762888   0.12021258516331298   0.29955721766578125   0.11054632857784893   0.004431495294953496   0.015748868898022624   0.1372460573507424   0.18040048011829377   -0.1892537433401863   
T_sec   15.0   15.5   16.0   16.5   17.0   17.5   18.0   18.5   19.0   19.5   20.0   20.5   21.0   21.5   22.0   22.5   23.0   23.5   24.0   24.5   25.0   25.5   26.0   26.5   27.0   27.5   28.0   28.5   29.0   29.5   30.0   30.5   31.0   31.5   32.0   32.5   33.0   33.5   34.0   34.5   35.0   35.5   36.0   36.5   37.0   37.5   38.0   38.5   39.0   39.5   40.0   40.5   41.0   41.5   42.0   42.5   43.0   43.5   44.0   44.5   45.0   45.5   46.0   46.5   47.0   47.5   48.0   48.5   49.0   49.5   50.0   50.5   51.0   51.5   52.0   52.5   53.0   53.5   54.0   54.5   55.0   
U31   -0.02700353640456481   -0.019014517816783077   0.14588950280671856   -0.059711603869496185   -0.02790181724024809   -0.21530964687954313   0.2752248377684037   0.0795331538225418   0.21963487235175574   0.04544136798595717   -0.19916509156891424   -0.1942318938438276   0.09235958085467269   0.16011038139756367   -0.05631429586549256   0.168852480906103   -0.020178757893944698   -0.3295450542255806   -0.013519684510690588   0.02132201477402329   -0.0826460894993801   -0.044836938457551705   0.011857595640123354   -0.11044947248174157   -0.2089652351501375   0.03217349670017398   0.027833943649236595   0.04725597787343275   -0.35660563856041105   0.12846163033566432   0.006096519392488075   0.203184977967727   -0.054755063729397445   0.027865529275109265   0.4905026945433056   0.7112606744932441   1.0   0.0364770798791272   -0.21856367242563324   -0.09544813998712422   0.05931278032210187   0.2896857553205974   -0.06943023439706378   0.3428634761995369   0.42111502783491794   0.012083843549506094   -0.019801058143231506   0.18259426203396242   -0.07852844897262651   -0.09666252419255977   0.09619271820237053   0.0628821939500757   -0.03086222406028413   -0.03351422327098351   -0.2354592685426043   -0.16707893765693296   -0.2946066409774948   -0.09337378038882242   0.006646081907297207   -0.01481923598797931   0.1798350943149373   -0.06795423031276034   -0.46878988220924345   -0.08271849284683466   -0.48847901086505713   -0.21090148367246192   -0.17784694894132702   -0.03653150271930321   0.1635329719853664   -0.08351599538868294   -0.04139998944652008   0.06626621069022745   -0.02088027757470239   0.020948281161262183   0.12121121703718524   0.18745442127658163   0.16793869929327168   -0.16147657689692924   0.07039035563063403   0.00039502258310385456   0.02733817962591328   
T_sec   15.0   15.5   16.0   16.5   17.0   17.5   18.0   18.5   19.0   19.5   20.0   20.5   21.0   21.5   22.0   22.5   23.0   23.5   24.0   24.5   25.0   25.5   26.0   26.5   27.0   27.5   28.0   28.5   29.0   29.5   30.0   30.5   31.0   31.5   32.0   32.5   33.0   33.5   34.0   34.5   35.0   35.5   36.0   36.5   37.0   37.5   38.0   38.5   39.0   39.5   40.0   40.5   41.0   41.5   42.0   42.5   43.0   43.5   44.0   44.5   45.0   45.5   46.0   46.5   47.0   47.5   48.0   48.5   49.0   49.5   50.0   50.5   51.0   51.5   52.0   52.5   53.0   53.5   54.0   54.5   55.0   
U32   0   0   0   0   0   0   0   0   0   0   0   0   0   0   0   0   0   0   0   0   0   0   0   0   0   0   0   0   0   0   0   0   0   0   0   0   0   0   0   0   0   0   0   0   0   0   0   0   0   0   0   0   0   0   0   0   0   0   0   0   0   0   0   0   0   0   0   0   0   0   0   0   0   0   0   0   0   0   0   0   0   
T_sec   15.0   15.5   16.0   16.5   17.0   17.5   18.0   18.5   19.0   19.5   20.0   20.5   21.0   21.5   22.0   22.5   23.0   23.5   24.0   24.5   25.0   25.5   26.0   26.5   27.0   27.5   28.0   28.5   29.0   29.5   30.0   30.5   31.0   31.5   32.0   32.5   33.0   33.5   34.0   34.5   35.0   35.5   36.0   36.5   37.0   37.5   38.0   38.5   39.0   39.5   40.0   40.5   41.0   41.5   42.0   42.5   43.0   43.5   44.0   44.5   45.0   45.5   46.0   46.5   47.0   47.5   48.0   48.5   49.0   49.5   50.0   50.5   51.0   51.5   52.0   52.5   53.0   53.5   54.0   54.5   55.0   
U33   0   0   0   0   0   0   0   0   0   0   0   0   0   0   0   0   0   0   0   0   0   0   0   0   0   0   0   0   0   0   0   0   0   0   0   0   0   0   0   0   0   0   0   0   0   0   0   0   0   0   0   0   0   0   0   0   0   0   0   0   0   0   0   0   0   0   0   0   0   0   0   0   0   0   0   0   0   0   0   0   0   
T_sec   15.0   15.5   16.0   16.5   17.0   17.5   18.0   18.5   19.0   19.5   20.0   20.5   21.0   21.5   22.0   22.5   23.0   23.5   24.0   24.5   25.0   25.5   26.0   26.5   27.0   27.5   28.0   28.5   29.0   29.5   30.0   30.5   31.0   31.5   32.0   32.5   33.0   33.5   34.0   34.5   35.0   35.5   36.0   36.5   37.0   37.5   38.0   38.5   39.0   39.5   40.0   40.5   41.0   41.5   42.0   42.5   43.0   43.5   44.0   44.5   45.0   45.5   46.0   46.5   47.0   47.5   48.0   48.5   49.0   49.5   50.0   50.5   51.0   51.5   52.0   52.5   53.0   53.5   54.0   54.5   55.0   
U34   0   0   0   0   0   0   0   0   0   0   0   0   0   0   0   0   0   0   0   0   0   0   0   0   0   0   0   0   0   0   0   0   0   0   0   0   0   0   0   0   0   0   0   0   0   0   0   0   0   0   0   0   0   0   0   0   0   0   0   0   0   0   0   0   0   0   0   0   0   0   0   0   0   0   0   0   0   0   0   0   0   
T_sec   15.0   15.5   16.0   16.5   17.0   17.5   18.0   18.5   19.0   19.5   20.0   20.5   21.0   21.5   22.0   22.5   23.0   23.5   24.0   24.5   25.0   25.5   26.0   26.5   27.0   27.5   28.0   28.5   29.0   29.5   30.0   30.5   31.0   31.5   32.0   32.5   33.0   33.5   34.0   34.5   35.0   35.5   36.0   36.5   37.0   37.5   38.0   38.5   39.0   39.5   40.0   40.5   41.0   41.5   42.0   42.5   43.0   43.5   44.0   44.5   45.0   45.5   46.0   46.5   47.0   47.5   48.0   48.5   49.0   49.5   50.0   50.5   51.0   51.5   52.0   52.5   53.0   53.5   54.0   54.5   55.0   
U35   0   0   0   0   0   0   0   0   0   0   0   0   0   0   0   0   0   0   0   0   0   0   0   0   0   0   0   0   0   0   0   0   0   0   0   0   0   0   0   0   0   0   0   0   0   0   0   0   0   0   0   0   0   0   0   0   0   0   0   0   0   0   0   0   0   0   0   0   0   0   0   0   0   0   0   0   0   0   0   0   0   
T_sec   15.0   15.5   16.0   16.5   17.0   17.5   18.0   18.5   19.0   19.5   20.0   20.5   21.0   21.5   22.0   22.5   23.0   23.5   24.0   24.5   25.0   25.5   26.0   26.5   27.0   27.5   28.0   28.5   29.0   29.5   30.0   30.5   31.0   31.5   32.0   32.5   33.0   33.5   34.0   34.5   35.0   35.5   36.0   36.5   37.0   37.5   38.0   38.5   39.0   39.5   40.0   40.5   41.0   41.5   42.0   42.5   43.0   43.5   44.0   44.5   45.0   45.5   46.0   46.5   47.0   47.5   48.0   48.5   49.0   49.5   50.0   50.5   51.0   51.5   52.0   52.5   53.0   53.5   54.0   54.5   55.0   
U36   0   0   0   0   0   0   0   0   0   0   0   0   0   0   0   0   0   0   0   0   0   0   0   0   0   0   0   0   0   0   0   0   0   0   0   0   0   0   0   0   0   0   0   0   0   0   0   0   0   0   0   0   0   0   0   0   0   0   0   0   0   0   0   0   0   0   0   0   0   0   0   0   0   0   0   0   0   0   0   0   0   
T_sec   15.0   15.5   16.0   16.5   17.0   17.5   18.0   18.5   19.0   19.5   20.0   20.5   21.0   21.5   22.0   22.5   23.0   23.5   24.0   24.5   25.0   25.5   26.0   26.5   27.0   27.5   28.0   28.5   29.0   29.5   30.0   30.5   31.0   31.5   32.0   32.5   33.0   33.5   34.0   34.5   35.0   35.5   36.0   36.5   37.0   37.5   38.0   38.5   39.0   39.5   40.0   40.5   41.0   41.5   42.0   42.5   43.0   43.5   44.0   44.5   45.0   45.5   46.0   46.5   47.0   47.5   48.0   48.5   49.0   49.5   50.0   50.5   51.0   51.5   52.0   52.5   53.0   53.5   54.0   54.5   55.0   
U37   0   0   0   0   0   0   0   0   0   0   0   0   0   0   0   0   0   0   0   0   0   0   0   0   0   0   0   0   0   0   0   0   0   0   0   0   0   0   0   0   0   0   0   0   0   0   0   0   0   0   0   0   0   0   0   0   0   0   0   0   0   0   0   0   0   0   0   0   0   0   0   0   0   0   0   0   0   0   0   0   0   
T_sec   15.0   15.5   16.0   16.5   17.0   17.5   18.0   18.5   19.0   19.5   20.0   20.5   21.0   21.5   22.0   22.5   23.0   23.5   24.0   24.5   25.0   25.5   26.0   26.5   27.0   27.5   28.0   28.5   29.0   29.5   30.0   30.5   31.0   31.5   32.0   32.5   33.0   33.5   34.0   34.5   35.0   35.5   36.0   36.5   37.0   37.5   38.0   38.5   39.0   39.5   40.0   40.5   41.0   41.5   42.0   42.5   43.0   43.5   44.0   44.5   45.0   45.5   46.0   46.5   47.0   47.5   48.0   48.5   49.0   49.5   50.0   50.5   51.0   51.5   52.0   52.5   53.0   53.5   54.0   54.5   55.0   
U38   0   0   0   0   0   0   0   0   0   0   0   0   0   0   0   0   0   0   0   0   0   0   0   0   0   0   0   0   0   0   0   0   0   0   0   0   0   0   0   0   0   0   0   0   0   0   0   0   0   0   0   0   0   0   0   0   0   0   0   0   0   0   0   0   0   0   0   0   0   0   0   0   0   0   0   0   0   0   0   0   0   
T_sec   15.0   15.5   16.0   16.5   17.0   17.5   18.0   18.5   19.0   19.5   20.0   20.5   21.0   21.5   22.0   22.5   23.0   23.5   24.0   24.5   25.0   25.5   26.0   26.5   27.0   27.5   28.0   28.5   29.0   29.5   30.0   30.5   31.0   31.5   32.0   32.5   33.0   33.5   34.0   34.5   35.0   35.5   36.0   36.5   37.0   37.5   38.0   38.5   39.0   39.5   40.0   40.5   41.0   41.5   42.0   42.5   43.0   43.5   44.0   44.5   45.0   45.5   46.0   46.5   47.0   47.5   48.0   48.5   49.0   49.5   50.0   50.5   51.0   51.5   52.0   52.5   53.0   53.5   54.0   54.5   55.0   
U39   0   0   0   0   0   0   0   0   0   0   0   0   0   0   0   0   0   0   0   0   0   0   0   0   0   0   0   0   0   0   0   0   0   0   0   0   0   0   0   0   0   0   0   0   0   0   0   0   0   0   0   0   0   0   0   0   0   0   0   0   0   0   0   0   0   0   0   0   0   0   0   0   0   0   0   0   0   0   0   0   0   
T_sec   15.0   15.5   16.0   16.5   17.0   17.5   18.0   18.5   19.0   19.5   20.0   20.5   21.0   21.5   22.0   22.5   23.0   23.5   24.0   24.5   25.0   25.5   26.0   26.5   27.0   27.5   28.0   28.5   29.0   29.5   30.0   30.5   31.0   31.5   32.0   32.5   33.0   33.5   34.0   34.5   35.0   35.5   36.0   36.5   37.0   37.5   38.0   38.5   39.0   39.5   40.0   40.5   41.0   41.5   42.0   42.5   43.0   43.5   44.0   44.5   45.0   45.5   46.0   46.5   47.0   47.5   48.0   48.5   49.0   49.5   50.0   50.5   51.0   51.5   52.0   52.5   53.0   53.5   54.0   54.5   55.0   
U40   0   0   0   0   0   0   0   0   0   0   0   0   0   0   0   0   0   0   0   0   0   0   0   0   0   0   0   0   0   0   0   0   0   0   0   0   0   0   0   0   0   0   0   0   0   0   0   0   0   0   0   0   0   0   0   0   0   0   0   0   0   0   0   0   0   0   0   0   0   0   0   0   0   0   0   0   0   0   0   0   0   
sta_location:9.594800269105399,10.17750816164621,10.73245975558304,11.00082036889347,11.967339536495572,12.261135866376309,12.891216350440457,13.414298698169286,13.922158109290285,14.45022626114821,14.705107538407379,15.492805328233455,15.980135156846888,16.43807627371055,16.54255803211285,17.466538855581266,17.72519005031792,18.04412394756687,18.69091961051442,19.051030147698746,19.71798609994805,20.3143293633457,20.764043441191863,21.36698266270103,21.877714390636175,22.33258699925905,22.851314253298742,23.290261306783258,23.961882582274647,24.083717134363166,24.815409378621297,25.001831585307453,25.552707374718544,26.497181406661436,26.65936196323281,27.14646944303507,27.619083592584907,28.180261577230677,28.831845530145173,29.227663682760333,29.58703516298598,
rebuild_index:0,1,2,3,4,5,6,7,8,9,10,11,12,13,14,15,16,17,18,19,20,21,22,23,24,25,26,27,28,29,30,31,32,33,34,35,36,37,38,39,40,
use_index:1,5,14,20,21,30,31,
rebuild_locdata:9.75,10.17750816164621,10.75,11.25,11.75,12.261135866376309,12.75,13.25,13.75,14.25,14.75,15.25,15.75,16.25,16.54255803211285,17.25,17.75,18.25,18.75,19.25,19.71798609994805,20.3143293633457,20.75,21.25,21.75,22.25,22.75,23.25,23.75,24.25,24.815409378621297,25.001831585307453,25.75,26.25,26.75,27.25,27.75,28.25,28.75,29.25,29.75,
cut_start_time:15.0---cut_windows:40.0---reduction_v:10.0---move_time_window_all:0.0
move_time_window:0.0,0.0,0.0,0.0,0.0,0.0,0.0,0.0,0.0,0.0,0.0,0.0,0.0,0.0,0.0,0.0,0.0,0.0,0.0,0.0,0.0,0.0,0.0,0.0,0.0,0.0,0.0,0.0,0.0,0.0,0.0,0.0,0.0,0.0,0.0,0.0,0.0,0.0,0.0,0.0,0.0,
sta_noise_mean:0.0,0.0,0.0,0.0,0.0,0.0,0.0,0.0,0.0,0.0,0.0,0.0,0.0,0.0,0.0,0.0,0.0,0.0,0.0,0.0,0.0,0.0,0.0,0.0,0.0,0.0,0.0,0.0,0.0,0.0,0.0,0.0,0.0,0.0,0.0,0.0,0.0,0.0,0.0,0.0,0.0,
sta_noise_sigma:0.15,0.15,0.15,0.15,0.15,0.15,0.15,0.15,0.15,0.15,0.15,0.15,0.15,0.15,0.15,0.15,0.15,0.15,0.15,0.15,0.15,0.15,0.15,0.15,0.15,0.15,0.15,0.15,0.15,0.15,0.15,0.15,0.15,0.15,0.15,0.15,0.15,0.15,0.15,0.15,0.15,
add_noise_region_move_range:0.0,0.0,0.0,0.0,0.0,0.0,0.0,0.0,0.0,0.0,0.0,0.0,0.0,0.0,0.0,0.0,0.0,0.0,0.0,0.0,0.0,0.0,0.0,0.0,0.0,0.0,0.0,0.0,0.0,0.0,0.0,0.0,0.0,0.0,0.0,0.0,0.0,0.0,0.0,0.0,0.0,