T_sec   15.0   15.5   16.0   16.5   17.0   17.5   18.0   18.5   19.0   19.5   20.0   20.5   21.0   21.5   22.0   22.5   23.0   23.5   24.0   24.5   25.0   25.5   26.0   26.5   27.0   27.5   28.0   28.5   29.0   29.5   30.0   30.5   31.0   31.5   32.0   32.5   33.0   33.5   34.0   34.5   35.0   35.5   36.0   36.5   37.0   37.5   38.0   38.5   39.0   39.5   40.0   40.5   41.0   41.5   42.0   42.5   43.0   43.5   44.0   44.5   45.0   45.5   46.0   46.5   47.0   47.5   48.0   48.5   49.0   49.5   50.0   50.5   51.0   51.5   52.0   52.5   53.0   53.5   54.0   54.5   55.0   
U0   0   0   0   0   0   0   0   0   0   0   0   0   0   0   0   0   0   0   0   0   0   0   0   0   0   0   0   0   0   0   0   0   0   0   0   0   0   0   0   0   0   0   0   0   0   0   0   0   0   0   0   0   0   0   0   0   0   0   0   0   0   0   0   0   0   0   0   0   0   0   0   0   0   0   0   0   0   0   0   0   0   
T_sec   15.0   15.5   16.0   16.5   17.0   17.5   18.0   18.5   19.0   19.5   20.0   20.5   21.0   21.5   22.0   22.5   23.0   23.5   24.0   24.5   25.0   25.5   26.0   26.5   27.0   27.5   28.0   28.5   29.0   29.5   30.0   30.5   31.0   31.5   32.0   32.5   33.0   33.5   34.0   34.5   35.0   35.5   36.0   36.5   37.0   37.5   38.0   38.5   39.0   39.5   40.0   40.5   41.0   41.5   42.0   42.5   43.0   43.5   44.0   44.5   45.0   45.5   46.0   46.5   47.0   47.5   48.0   48.5   49.0   49.5   50.0   50.5   51.0   51.5   52.0   52.5   53.0   53.5   54.0   54.5   55.0   
U1   -0.10319946621117332   0.1971594752948807   0.004239124625834357   -0.14090299684029767   -0.19150551521097842   0.23125223943597775   -0.13494338205315906   -0.02652846998788559   0.07630955204900167   -0.10012984571204175   0.09829471381458411   0.21784009155821576   0.2748820571847033   0.2429414283506799   0.4838771867328716   0.20667779644096126   0.19808169191670405   -0.029672161405171746   0.13358962407762237   -0.3950818398709154   0.10174752148848117   0.06988815353108989   0.288529383672079   0.4520987826175473   0.06346848870018788   -0.2355317605544063   0.47259915217753007   0.03282979400424634   -0.16750180083242844   0.1081163523735033   0.34286893934013773   0.06376707767213138   0.04283829932109981   -0.18475834896170923   -0.0388506799652853   -0.005405778849779898   -0.005743592605054331   0.3560793103381815   -0.33011116941047897   -0.3288341409433937   0.7192066685117832   0.23072940354118396   0.02664112349708404   -0.0406275588496469   0.09053552931454756   0.8517399904816025   1.0   0.7632492173189638   0.2714706181821692   -0.16995700119503937   0.559527481162161   -0.014826522420437818   0.2414484860116999   0.9131856146727357   -0.16934045499986944   -0.6052355487177108   -0.449540499773344   -0.4296014315208167   -0.40318886971239676   -0.09559589342049434   0.09928953150969588   0.24147150325553315   0.07109918019399201   0.1244067770121177   0.2526285012205267   0.4003427727454787   0.4878165730319214   -0.09041547654074078   -0.45366964652840913   0.18243063545088875   -0.07923993400362021   -0.4923442683140811   -0.2419257568692607   -0.2443138748709017   0.1116813580732157   -0.15135132042757618   0.06413459351263015   0.05461076602673006   -0.2890391858992279   0.0035922016018804293   -0.11938611183967898   
T_sec   15.0   15.5   16.0   16.5   17.0   17.5   18.0   18.5   19.0   19.5   20.0   20.5   21.0   21.5   22.0   22.5   23.0   23.5   24.0   24.5   25.0   25.5   26.0   26.5   27.0   27.5   28.0   28.5   29.0   29.5   30.0   30.5   31.0   31.5   32.0   32.5   33.0   33.5   34.0   34.5   35.0   35.5   36.0   36.5   37.0   37.5   38.0   38.5   39.0   39.5   40.0   40.5   41.0   41.5   42.0   42.5   43.0   43.5   44.0   44.5   45.0   45.5   46.0   46.5   47.0   47.5   48.0   48.5   49.0   49.5   50.0   50.5   51.0   51.5   52.0   52.5   53.0   53.5   54.0   54.5   55.0   
U2   0   0   0   0   0   0   0   0   0   0   0   0   0   0   0   0   0   0   0   0   0   0   0   0   0   0   0   0   0   0   0   0   0   0   0   0   0   0   0   0   0   0   0   0   0   0   0   0   0   0   0   0   0   0   0   0   0   0   0   0   0   0   0   0   0   0   0   0   0   0   0   0   0   0   0   0   0   0   0   0   0   
T_sec   15.0   15.5   16.0   16.5   17.0   17.5   18.0   18.5   19.0   19.5   20.0   20.5   21.0   21.5   22.0   22.5   23.0   23.5   24.0   24.5   25.0   25.5   26.0   26.5   27.0   27.5   28.0   28.5   29.0   29.5   30.0   30.5   31.0   31.5   32.0   32.5   33.0   33.5   34.0   34.5   35.0   35.5   36.0   36.5   37.0   37.5   38.0   38.5   39.0   39.5   40.0   40.5   41.0   41.5   42.0   42.5   43.0   43.5   44.0   44.5   45.0   45.5   46.0   46.5   47.0   47.5   48.0   48.5   49.0   49.5   50.0   50.5   51.0   51.5   52.0   52.5   53.0   53.5   54.0   54.5   55.0   
U3   0.02147617348423256   0.21682429877969933   0.15621661644604207   -0.18030790460300436   0.21893941110423254   0.042955351391777634   -0.24598302725045082   0.23230774699682427   -0.046632652246310226   0.08617934734393015   -0.055574893293137334   0.1675449919203552   -0.003772006735741659   -0.08031257463616442   -0.05212650519062156   -0.04936205863736589   0.13951314985956245   0.2671727414575869   -0.1692003023934738   0.0800860548662823   -0.03924029931561259   -0.21698203066860136   -0.010215612287391816   -0.1409068877652061   0.2411406041704655   -0.0675239197480038   0.11579146233455542   0.08731716758176769   0.3619983813148562   -0.07810758515189584   0.031574609560928   -0.04545371457709049   -0.17158132108652127   -0.08857408681830022   0.05403077277708337   0.1283308953339704   -0.034078590948634364   -0.09330455986702255   0.2141724603687344   -0.17199951681512396   0.23799846171078534   -0.011941615319736745   0.238649061173971   -0.12878330349284506   0.03707846553841554   -0.03778815482131123   0.836810479687217   1.0   0.32888221489252506   0.2382331607129987   -0.004109893046397659   -0.1386369061292303   0.7241173039417228   0.6480250046454503   -0.3888054589234798   -0.6574463313275043   -0.4626531198752884   0.2038545816382846   0.061832452312568634   0.27253431523144206   0.5232845657448463   0.36070561093403947   0.16282087740987808   0.28646728364056584   0.016288922533775136   -0.4085900413999737   -0.44706293998722546   0.07913467092730887   -0.09813497342621148   -0.24691552892274723   -0.1742914837991579   -0.07870699789255496   -0.31558410416993743   -0.021612908203107   -0.23412886168024882   0.17870429985832129   -0.18296868764539595   -0.08488379588979132   -0.41660502304877695   -0.061474373038424394   -0.2720047685817716   
T_sec   15.0   15.5   16.0   16.5   17.0   17.5   18.0   18.5   19.0   19.5   20.0   20.5   21.0   21.5   22.0   22.5   23.0   23.5   24.0   24.5   25.0   25.5   26.0   26.5   27.0   27.5   28.0   28.5   29.0   29.5   30.0   30.5   31.0   31.5   32.0   32.5   33.0   33.5   34.0   34.5   35.0   35.5   36.0   36.5   37.0   37.5   38.0   38.5   39.0   39.5   40.0   40.5   41.0   41.5   42.0   42.5   43.0   43.5   44.0   44.5   45.0   45.5   46.0   46.5   47.0   47.5   48.0   48.5   49.0   49.5   50.0   50.5   51.0   51.5   52.0   52.5   53.0   53.5   54.0   54.5   55.0   
U4   0.04694933017240227   -0.08483005795701078   0.06512838618583597   -0.05846397246836109   -0.16140170123269193   0.11676322544868134   0.1155205233642153   0.10897101561133593   0.13418713985786587   -0.09815931428547031   -0.030223114113200757   -0.09364049677702561   0.3192271824480096   -0.1509501206504549   -0.1698661417434701   0.2103434712808245   -0.3061441031611589   0.24307864107332117   0.07991119387596411   0.2800226055690739   -0.06387067244808056   0.04641406293075981   0.04539889263980316   -0.12733681572619113   0.07404989311237495   -0.1914377826339199   0.06184728048705591   0.03405217852087396   -0.17580377875925016   -0.03150831275156918   0.15742793122479298   0.09098584381667246   0.027951617350537073   -0.2170391507959682   -0.04644880286038036   0.01871646097424677   -0.07302754404858272   -0.2452173692942625   0.03580204717917224   0.1965862662277685   0.00012600706105090216   -0.28228325020146766   0.18319966337481514   0.12488176897897076   0.3259345072167455   0.15402312263670503   0.21453173041468845   0.5877105907839247   1.0   0.08621691154189148   0.167655171487271   0.5440513656471413   0.8128127053782981   0.11140139878292701   -0.3806449992719441   -0.3873038929903859   -0.062130822506705013   0.19744104691687347   0.20915498817532463   0.28712771903082646   0.1635058213137828   0.39074169695477   0.19700914851651502   -0.43400616607904635   -0.3143949348573788   -0.21071834744826096   -0.14829646919504083   0.05612288479853785   -0.0605233741860396   -0.34885552875135967   -0.08437374075803553   -0.280401038541976   0.08407013597539832   0.13146881303141092   0.09335678835471134   -0.12369610535905731   -0.011029447641542097   -0.13467540506682804   -0.16523859074562475   -0.3089910592336961   -0.1073550477020299   
T_sec   15.0   15.5   16.0   16.5   17.0   17.5   18.0   18.5   19.0   19.5   20.0   20.5   21.0   21.5   22.0   22.5   23.0   23.5   24.0   24.5   25.0   25.5   26.0   26.5   27.0   27.5   28.0   28.5   29.0   29.5   30.0   30.5   31.0   31.5   32.0   32.5   33.0   33.5   34.0   34.5   35.0   35.5   36.0   36.5   37.0   37.5   38.0   38.5   39.0   39.5   40.0   40.5   41.0   41.5   42.0   42.5   43.0   43.5   44.0   44.5   45.0   45.5   46.0   46.5   47.0   47.5   48.0   48.5   49.0   49.5   50.0   50.5   51.0   51.5   52.0   52.5   53.0   53.5   54.0   54.5   55.0   
U5   -0.23891014705564534   -0.26595672400720083   0.15589980260691141   -0.049035952275467025   0.0678251325437662   -0.08786468238213672   -0.020301943019219608   0.04251989044210585   0.05935014403709388   0.0013291755417530074   0.1756202297111941   -0.09698901838091854   0.12745790520399927   -0.07629882079146386   -0.049712629161837385   -0.036894406641774305   0.10203577798080543   -0.10873318173118401   -0.44814640978539666   0.2669057189572138   0.13391713875751746   0.11543000568130374   -0.07245438700436505   0.11812017546696484   -0.07276514380012908   -0.07540846729279184   0.1919722735184821   -0.02498694709090215   -0.198699634015597   -0.42375215750974193   0.020082938584997698   -0.05610096645614394   -0.15190744902636413   -0.05087399562140555   0.02968903538194952   0.16738651333606913   -0.15415710036281777   -0.10668372249823341   -0.07554780364354874   0.1039730086837669   -0.3671881508015888   -0.05535827470960989   0.21806414410910985   -0.22799903516858386   0.22591129794850548   -0.0833782902601503   -0.20303381101152917   0.3881575614331342   0.9361192776547453   0.6671398919660393   0.20228397837314846   0.4604022815203886   1.0   0.11871110437813838   -0.6401492630190303   -0.11952543645648192   0.247180351122974   -0.04699265003478271   0.490539869684391   0.2743151849779272   0.6036679074581585   0.35479350774488394   -0.3139724799222842   -0.47468790137766115   0.03862236030257305   -0.23692781164739807   -0.07478601723412212   -0.10169052726407683   -0.25891486520957746   -0.34533255490705994   -0.3346011834153013   -0.21949618049618116   -0.09619429096382189   0.16002554534523464   -0.34766209531252124   -0.0822007140076624   -0.7196907181557106   -0.04652497690763911   0.02015423210726405   0.12650341346806077   -0.10498919013424572   
T_sec   15.0   15.5   16.0   16.5   17.0   17.5   18.0   18.5   19.0   19.5   20.0   20.5   21.0   21.5   22.0   22.5   23.0   23.5   24.0   24.5   25.0   25.5   26.0   26.5   27.0   27.5   28.0   28.5   29.0   29.5   30.0   30.5   31.0   31.5   32.0   32.5   33.0   33.5   34.0   34.5   35.0   35.5   36.0   36.5   37.0   37.5   38.0   38.5   39.0   39.5   40.0   40.5   41.0   41.5   42.0   42.5   43.0   43.5   44.0   44.5   45.0   45.5   46.0   46.5   47.0   47.5   48.0   48.5   49.0   49.5   50.0   50.5   51.0   51.5   52.0   52.5   53.0   53.5   54.0   54.5   55.0   
U6   0   0   0   0   0   0   0   0   0   0   0   0   0   0   0   0   0   0   0   0   0   0   0   0   0   0   0   0   0   0   0   0   0   0   0   0   0   0   0   0   0   0   0   0   0   0   0   0   0   0   0   0   0   0   0   0   0   0   0   0   0   0   0   0   0   0   0   0   0   0   0   0   0   0   0   0   0   0   0   0   0   
T_sec   15.0   15.5   16.0   16.5   17.0   17.5   18.0   18.5   19.0   19.5   20.0   20.5   21.0   21.5   22.0   22.5   23.0   23.5   24.0   24.5   25.0   25.5   26.0   26.5   27.0   27.5   28.0   28.5   29.0   29.5   30.0   30.5   31.0   31.5   32.0   32.5   33.0   33.5   34.0   34.5   35.0   35.5   36.0   36.5   37.0   37.5   38.0   38.5   39.0   39.5   40.0   40.5   41.0   41.5   42.0   42.5   43.0   43.5   44.0   44.5   45.0   45.5   46.0   46.5   47.0   47.5   48.0   48.5   49.0   49.5   50.0   50.5   51.0   51.5   52.0   52.5   53.0   53.5   54.0   54.5   55.0   
U7   0.08724626816380335   -0.046141614969909706   0.2157869646683858   -0.08781508129046756   0.03952052383669214   -0.1005768134707295   0.06452493066146005   0.11190573950895634   -0.21765595009765734   0.09944764157545208   -0.03257236726275017   0.09155052890206669   0.2929100249960907   -0.06214568085963719   0.05252329260174138   -0.05313086067973066   0.13510167106282692   -0.16832545786122535   -0.004889116736663396   -0.04180663673803815   0.004983108035927234   -0.08795239611145914   0.11898231779665831   -0.04266328261358775   -0.02815373336674488   0.0012343461434556548   0.014820083534479592   -0.027198960275194573   0.200129926607806   0.0724336898695221   0.03466348797132751   -0.2221884934878846   -0.06431661677904287   0.0004921996248231289   -0.07529505544330733   0.11341537819782921   -0.10889843086708248   -0.15213763241850659   -0.07078281203537151   0.09375707263890633   0.2876219581048515   0.1525188803060858   0.17442193863269587   -0.05308850595485651   -0.04167186774616889   -0.07855773119276395   -0.0997311051440938   0.20123792878434432   0.30738973604841174   0.9341904540149227   0.7935413457267538   0.8172007745027233   0.9334033480711615   -0.05122052419921853   -0.5225817626849848   -0.2672727004687339   0.33882888479103085   0.45630990336353533   1.0   0.7994535963277434   -0.647625919753786   -0.3008582368249631   -0.0701998284014794   -0.3131743287811409   -0.14348007079703307   -0.01903048591251158   0.13093621253662507   -0.23062776431071766   -0.3248241801167621   -0.07161107080334403   -0.353911390071591   -0.20433727360959986   0.0006578821435194842   -0.022710638448389338   0.28254238780987495   0.06299576954982289   -0.00813534591205222   -0.13766717919872629   0.20496055879364225   0.08899448615810995   -0.1355962904242694   
T_sec   15.0   15.5   16.0   16.5   17.0   17.5   18.0   18.5   19.0   19.5   20.0   20.5   21.0   21.5   22.0   22.5   23.0   23.5   24.0   24.5   25.0   25.5   26.0   26.5   27.0   27.5   28.0   28.5   29.0   29.5   30.0   30.5   31.0   31.5   32.0   32.5   33.0   33.5   34.0   34.5   35.0   35.5   36.0   36.5   37.0   37.5   38.0   38.5   39.0   39.5   40.0   40.5   41.0   41.5   42.0   42.5   43.0   43.5   44.0   44.5   45.0   45.5   46.0   46.5   47.0   47.5   48.0   48.5   49.0   49.5   50.0   50.5   51.0   51.5   52.0   52.5   53.0   53.5   54.0   54.5   55.0   
U8   0   0   0   0   0   0   0   0   0   0   0   0   0   0   0   0   0   0   0   0   0   0   0   0   0   0   0   0   0   0   0   0   0   0   0   0   0   0   0   0   0   0   0   0   0   0   0   0   0   0   0   0   0   0   0   0   0   0   0   0   0   0   0   0   0   0   0   0   0   0   0   0   0   0   0   0   0   0   0   0   0   
T_sec   15.0   15.5   16.0   16.5   17.0   17.5   18.0   18.5   19.0   19.5   20.0   20.5   21.0   21.5   22.0   22.5   23.0   23.5   24.0   24.5   25.0   25.5   26.0   26.5   27.0   27.5   28.0   28.5   29.0   29.5   30.0   30.5   31.0   31.5   32.0   32.5   33.0   33.5   34.0   34.5   35.0   35.5   36.0   36.5   37.0   37.5   38.0   38.5   39.0   39.5   40.0   40.5   41.0   41.5   42.0   42.5   43.0   43.5   44.0   44.5   45.0   45.5   46.0   46.5   47.0   47.5   48.0   48.5   49.0   49.5   50.0   50.5   51.0   51.5   52.0   52.5   53.0   53.5   54.0   54.5   55.0   
U9   0   0   0   0   0   0   0   0   0   0   0   0   0   0   0   0   0   0   0   0   0   0   0   0   0   0   0   0   0   0   0   0   0   0   0   0   0   0   0   0   0   0   0   0   0   0   0   0   0   0   0   0   0   0   0   0   0   0   0   0   0   0   0   0   0   0   0   0   0   0   0   0   0   0   0   0   0   0   0   0   0   
T_sec   15.0   15.5   16.0   16.5   17.0   17.5   18.0   18.5   19.0   19.5   20.0   20.5   21.0   21.5   22.0   22.5   23.0   23.5   24.0   24.5   25.0   25.5   26.0   26.5   27.0   27.5   28.0   28.5   29.0   29.5   30.0   30.5   31.0   31.5   32.0   32.5   33.0   33.5   34.0   34.5   35.0   35.5   36.0   36.5   37.0   37.5   38.0   38.5   39.0   39.5   40.0   40.5   41.0   41.5   42.0   42.5   43.0   43.5   44.0   44.5   45.0   45.5   46.0   46.5   47.0   47.5   48.0   48.5   49.0   49.5   50.0   50.5   51.0   51.5   52.0   52.5   53.0   53.5   54.0   54.5   55.0   
U10   0   0   0   0   0   0   0   0   0   0   0   0   0   0   0   0   0   0   0   0   0   0   0   0   0   0   0   0   0   0   0   0   0   0   0   0   0   0   0   0   0   0   0   0   0   0   0   0   0   0   0   0   0   0   0   0   0   0   0   0   0   0   0   0   0   0   0   0   0   0   0   0   0   0   0   0   0   0   0   0   0   
T_sec   15.0   15.5   16.0   16.5   17.0   17.5   18.0   18.5   19.0   19.5   20.0   20.5   21.0   21.5   22.0   22.5   23.0   23.5   24.0   24.5   25.0   25.5   26.0   26.5   27.0   27.5   28.0   28.5   29.0   29.5   30.0   30.5   31.0   31.5   32.0   32.5   33.0   33.5   34.0   34.5   35.0   35.5   36.0   36.5   37.0   37.5   38.0   38.5   39.0   39.5   40.0   40.5   41.0   41.5   42.0   42.5   43.0   43.5   44.0   44.5   45.0   45.5   46.0   46.5   47.0   47.5   48.0   48.5   49.0   49.5   50.0   50.5   51.0   51.5   52.0   52.5   53.0   53.5   54.0   54.5   55.0   
U11   0.26240610925917773   0.1278318140284546   -0.18764543584010854   -0.30660475033220375   0.10689634534512273   -0.0030889776149945073   -0.03305188293942726   -0.05977196781752584   0.02280379603298157   -0.03534440387630979   -0.1986530069610146   0.20475335543200954   0.06033901384913916   0.0037273742227532376   -0.09860335260230821   0.0681972975501357   0.04511584475249886   0.05156145008129389   0.06328981533397887   0.17160385887133423   -0.05916965943320618   -0.0729738064735409   -0.4023298985408492   0.02194990271020204   -0.11513801297121747   0.028654928741498307   0.09360773217679381   0.08889227940822472   0.1568610754661415   0.013491216032237855   0.06062366687896099   -0.22918194326497315   0.3282747365067246   0.001990251249928092   -0.037125597495482596   -0.17691047355164893   0.004520288996732041   -0.14331964447182816   0.0849970504920045   0.00435837757981432   0.12158849391804293   -0.18290070047050874   0.009952388282194783   -0.0737228864699519   0.07941896533965899   -0.1578899048369683   0.218286379688083   -0.044093983441137116   0.02301469287746674   0.03818261722421824   0.19345946828015398   0.730685303597132   1.0   0.5264000501930273   -0.12482634760739234   0.9882319922552332   0.44408830311802167   -0.4894741058169417   -0.13168041543169987   -0.49328210531826083   -0.4270404941263233   -0.22374726748098128   -0.05422114102746232   -0.015706153977284823   -0.336814045963447   0.03608740427232177   -0.2853761584171228   -0.19929955883798456   -0.07119053471397159   0.21392183811653923   -0.27672226339031986   -0.37168982579329235   -0.4481998014036718   -0.1479360965407104   -0.3734619128779434   0.14527473408765929   -0.0727948991732151   0.32306676291690406   -0.16278167578377573   0.13759224890198452   -0.2722507473272041   
T_sec   15.0   15.5   16.0   16.5   17.0   17.5   18.0   18.5   19.0   19.5   20.0   20.5   21.0   21.5   22.0   22.5   23.0   23.5   24.0   24.5   25.0   25.5   26.0   26.5   27.0   27.5   28.0   28.5   29.0   29.5   30.0   30.5   31.0   31.5   32.0   32.5   33.0   33.5   34.0   34.5   35.0   35.5   36.0   36.5   37.0   37.5   38.0   38.5   39.0   39.5   40.0   40.5   41.0   41.5   42.0   42.5   43.0   43.5   44.0   44.5   45.0   45.5   46.0   46.5   47.0   47.5   48.0   48.5   49.0   49.5   50.0   50.5   51.0   51.5   52.0   52.5   53.0   53.5   54.0   54.5   55.0   
U12   0   0   0   0   0   0   0   0   0   0   0   0   0   0   0   0   0   0   0   0   0   0   0   0   0   0   0   0   0   0   0   0   0   0   0   0   0   0   0   0   0   0   0   0   0   0   0   0   0   0   0   0   0   0   0   0   0   0   0   0   0   0   0   0   0   0   0   0   0   0   0   0   0   0   0   0   0   0   0   0   0   
T_sec   15.0   15.5   16.0   16.5   17.0   17.5   18.0   18.5   19.0   19.5   20.0   20.5   21.0   21.5   22.0   22.5   23.0   23.5   24.0   24.5   25.0   25.5   26.0   26.5   27.0   27.5   28.0   28.5   29.0   29.5   30.0   30.5   31.0   31.5   32.0   32.5   33.0   33.5   34.0   34.5   35.0   35.5   36.0   36.5   37.0   37.5   38.0   38.5   39.0   39.5   40.0   40.5   41.0   41.5   42.0   42.5   43.0   43.5   44.0   44.5   45.0   45.5   46.0   46.5   47.0   47.5   48.0   48.5   49.0   49.5   50.0   50.5   51.0   51.5   52.0   52.5   53.0   53.5   54.0   54.5   55.0   
U13   0   0   0   0   0   0   0   0   0   0   0   0   0   0   0   0   0   0   0   0   0   0   0   0   0   0   0   0   0   0   0   0   0   0   0   0   0   0   0   0   0   0   0   0   0   0   0   0   0   0   0   0   0   0   0   0   0   0   0   0   0   0   0   0   0   0   0   0   0   0   0   0   0   0   0   0   0   0   0   0   0   
T_sec   15.0   15.5   16.0   16.5   17.0   17.5   18.0   18.5   19.0   19.5   20.0   20.5   21.0   21.5   22.0   22.5   23.0   23.5   24.0   24.5   25.0   25.5   26.0   26.5   27.0   27.5   28.0   28.5   29.0   29.5   30.0   30.5   31.0   31.5   32.0   32.5   33.0   33.5   34.0   34.5   35.0   35.5   36.0   36.5   37.0   37.5   38.0   38.5   39.0   39.5   40.0   40.5   41.0   41.5   42.0   42.5   43.0   43.5   44.0   44.5   45.0   45.5   46.0   46.5   47.0   47.5   48.0   48.5   49.0   49.5   50.0   50.5   51.0   51.5   52.0   52.5   53.0   53.5   54.0   54.5   55.0   
U14   -0.051997473167094736   -0.0627425219669975   0.083949525166454   0.19440504572500097   0.011061431498827207   -0.1228818309729286   0.2943427636895376   -0.012677576889753253   0.02529630012491812   -0.21591229733873163   -0.03185749041009499   -0.03628452857230789   -0.1104328666551605   0.09436841762412305   0.060404105460729246   0.27866052775103267   -0.12977262330255765   0.24862382201248878   -0.004613213718141942   0.164092064010153   0.1896475257245505   0.1380441743245987   0.03114270176346804   0.21145797341718137   0.15182926991287718   -0.09542747649013192   -0.03509639521449862   0.04841165975696576   -0.29255346529977583   0.022237391174920514   0.05623894616174407   0.009426788714865202   0.13471968204381282   -0.14791304929261204   -0.010457963100104552   -0.23312752443577325   -0.08173589175345637   -0.08070493798184722   -0.20048342036723307   -0.004148686420161123   0.22987213401626524   0.03970663174468792   0.0420874569869057   0.032435669829438865   0.1801280372649319   0.12039981549879347   -0.03574707229854713   -0.12549844218764514   0.03263687037421987   0.09970762788848317   -0.05034876569997367   0.2822954438533643   0.5736528166738815   1.0   0.779238983253922   0.5831168932925884   -0.35590437525627344   -0.526451488178798   -0.3142000751212084   -0.2807200379653829   -0.3096326654749113   -0.18589348337399308   -0.25568676526264367   -0.04984285837476782   0.07950788843126587   -0.1069269883673432   -0.0814230790123432   -0.14062822710972311   -0.23028528302267515   -0.15836818058793367   -0.038137712971031336   -0.053768085850845845   -0.35706494429487257   0.1814439546649086   -0.10665725720577444   0.25928754854278735   0.010322499193399412   0.27113255164764843   -0.4241829664823002   -0.16989052038341948   -0.13721876661277377   
T_sec   15.0   15.5   16.0   16.5   17.0   17.5   18.0   18.5   19.0   19.5   20.0   20.5   21.0   21.5   22.0   22.5   23.0   23.5   24.0   24.5   25.0   25.5   26.0   26.5   27.0   27.5   28.0   28.5   29.0   29.5   30.0   30.5   31.0   31.5   32.0   32.5   33.0   33.5   34.0   34.5   35.0   35.5   36.0   36.5   37.0   37.5   38.0   38.5   39.0   39.5   40.0   40.5   41.0   41.5   42.0   42.5   43.0   43.5   44.0   44.5   45.0   45.5   46.0   46.5   47.0   47.5   48.0   48.5   49.0   49.5   50.0   50.5   51.0   51.5   52.0   52.5   53.0   53.5   54.0   54.5   55.0   
U15   0.2560993440613514   0.15608478108876955   -0.02040186898849962   0.29996482881706094   -0.08266511086345048   -0.17492412877803198   0.2911298707160424   0.4069336768655147   0.23924944205384677   -0.41167749176750257   0.3271274133357305   0.4372167910751756   0.24076273784386612   -0.07114685783490042   0.2358802159167272   -0.15884083186033524   0.0946555105157261   0.017794414247606857   -0.019700910137160608   0.25086855870397357   -0.09833473164216464   0.08514266969937667   0.04962941837933619   0.30035600329236467   -0.11206134829454907   -0.3833727373276004   -0.024367146183333396   0.29286038604289877   0.03793164670309407   -0.3764978407370135   -0.1863172620378956   -0.022129803750330617   -0.056979294677219766   -0.23482711630169156   -0.014142221332509025   -0.18148678034862922   -0.02477782385373672   -0.3661879415754373   -0.02564066994707842   0.16021292947924387   -0.31714660406801626   -0.1215891471253505   0.059923979563459163   0.13163539508980793   -0.23265906192458227   -0.3384301072191188   -0.02449200178679468   -0.0723463158310893   0.1656408933439127   0.3734104853465127   0.34504302870478293   0.2740504419994544   0.6496006636743604   0.9775468807504764   1.0   -0.24066003692200497   -0.6034467682687675   -0.07095691553617582   -0.2497259911970415   -0.45904572262410265   -0.2575679357160416   -0.35844853270341287   -0.5642747840208755   -0.3547888461408502   0.2093889878988797   0.09830945820138753   -0.057074098591878265   0.014203998663004737   -0.06822175335017083   -0.03850752155449438   -0.2506883978214279   -0.33159528784164777   -0.1164312782156125   -0.28235577886238805   0.1609504501639022   0.21034401265241315   -0.07842097320968462   0.19839407167532555   -0.4040506320463108   0.16348229432061345   0.20595252442913756   
T_sec   15.0   15.5   16.0   16.5   17.0   17.5   18.0   18.5   19.0   19.5   20.0   20.5   21.0   21.5   22.0   22.5   23.0   23.5   24.0   24.5   25.0   25.5   26.0   26.5   27.0   27.5   28.0   28.5   29.0   29.5   30.0   30.5   31.0   31.5   32.0   32.5   33.0   33.5   34.0   34.5   35.0   35.5   36.0   36.5   37.0   37.5   38.0   38.5   39.0   39.5   40.0   40.5   41.0   41.5   42.0   42.5   43.0   43.5   44.0   44.5   45.0   45.5   46.0   46.5   47.0   47.5   48.0   48.5   49.0   49.5   50.0   50.5   51.0   51.5   52.0   52.5   53.0   53.5   54.0   54.5   55.0   
U16   0   0   0   0   0   0   0   0   0   0   0   0   0   0   0   0   0   0   0   0   0   0   0   0   0   0   0   0   0   0   0   0   0   0   0   0   0   0   0   0   0   0   0   0   0   0   0   0   0   0   0   0   0   0   0   0   0   0   0   0   0   0   0   0   0   0   0   0   0   0   0   0   0   0   0   0   0   0   0   0   0   
T_sec   15.0   15.5   16.0   16.5   17.0   17.5   18.0   18.5   19.0   19.5   20.0   20.5   21.0   21.5   22.0   22.5   23.0   23.5   24.0   24.5   25.0   25.5   26.0   26.5   27.0   27.5   28.0   28.5   29.0   29.5   30.0   30.5   31.0   31.5   32.0   32.5   33.0   33.5   34.0   34.5   35.0   35.5   36.0   36.5   37.0   37.5   38.0   38.5   39.0   39.5   40.0   40.5   41.0   41.5   42.0   42.5   43.0   43.5   44.0   44.5   45.0   45.5   46.0   46.5   47.0   47.5   48.0   48.5   49.0   49.5   50.0   50.5   51.0   51.5   52.0   52.5   53.0   53.5   54.0   54.5   55.0   
U17   0   0   0   0   0   0   0   0   0   0   0   0   0   0   0   0   0   0   0   0   0   0   0   0   0   0   0   0   0   0   0   0   0   0   0   0   0   0   0   0   0   0   0   0   0   0   0   0   0   0   0   0   0   0   0   0   0   0   0   0   0   0   0   0   0   0   0   0   0   0   0   0   0   0   0   0   0   0   0   0   0   
T_sec   15.0   15.5   16.0   16.5   17.0   17.5   18.0   18.5   19.0   19.5   20.0   20.5   21.0   21.5   22.0   22.5   23.0   23.5   24.0   24.5   25.0   25.5   26.0   26.5   27.0   27.5   28.0   28.5   29.0   29.5   30.0   30.5   31.0   31.5   32.0   32.5   33.0   33.5   34.0   34.5   35.0   35.5   36.0   36.5   37.0   37.5   38.0   38.5   39.0   39.5   40.0   40.5   41.0   41.5   42.0   42.5   43.0   43.5   44.0   44.5   45.0   45.5   46.0   46.5   47.0   47.5   48.0   48.5   49.0   49.5   50.0   50.5   51.0   51.5   52.0   52.5   53.0   53.5   54.0   54.5   55.0   
U18   0.03886414973213476   0.2246706619332045   -0.05053990630044801   0.26296117567826854   0.14783544426430437   -0.06091584369183985   0.015405307234168691   0.150432983371427   0.023502456517255764   -0.1489691177069287   0.11811637852298269   -0.027876076370556672   -0.08764116294724192   0.13031210390376385   -0.11321426611222907   0.10695713280675591   -0.18897621838387957   -0.11135636942336755   -0.1741380439341483   0.21360660865299103   -0.19224225024898028   0.09952980956336964   0.013004257496721395   0.21868853946658565   -0.016774687102315573   0.19684156669234726   -0.33928550481764136   0.26151276707477356   -0.3070368871983096   0.305763365010117   0.09632948437191438   0.045428711988321775   0.3390533412945598   0.015128878842363386   -0.09197932076399903   -0.10973803925617619   0.14019179348694508   -0.002810218025587374   -0.5388726681455902   -0.14836084989330994   -0.16663501425718288   0.1194656824903004   -0.28239997920511867   -0.0781203451494972   0.04166134491589691   0.2597237251053493   0.22015699112383016   0.10019578148376258   0.13885397753895054   0.5362923936431588   0.7475430533634998   0.4351093056464322   0.4303431078101039   0.7437236571907314   1.0   0.3858183687864641   -0.1135923216811786   -0.33150324777489   -0.4642230238667917   -0.5340797187285554   -0.17273399007164159   -0.15572335023002276   -0.13083457709700955   0.03705395134514383   -0.24821114439511902   -0.13200074088163366   -0.056215956530252   0.11696496880618913   -0.1042915088715629   -0.19154828141157085   -0.06402489882054921   -0.04813555372238303   -0.21613706262694338   -0.336645771467715   -0.21160848261366655   0.11606570633210468   -0.0934184189386903   -0.10559681419207065   -0.015392275945976964   0.12787196779055104   0.08000500979118037   
T_sec   15.0   15.5   16.0   16.5   17.0   17.5   18.0   18.5   19.0   19.5   20.0   20.5   21.0   21.5   22.0   22.5   23.0   23.5   24.0   24.5   25.0   25.5   26.0   26.5   27.0   27.5   28.0   28.5   29.0   29.5   30.0   30.5   31.0   31.5   32.0   32.5   33.0   33.5   34.0   34.5   35.0   35.5   36.0   36.5   37.0   37.5   38.0   38.5   39.0   39.5   40.0   40.5   41.0   41.5   42.0   42.5   43.0   43.5   44.0   44.5   45.0   45.5   46.0   46.5   47.0   47.5   48.0   48.5   49.0   49.5   50.0   50.5   51.0   51.5   52.0   52.5   53.0   53.5   54.0   54.5   55.0   
U19   0   0   0   0   0   0   0   0   0   0   0   0   0   0   0   0   0   0   0   0   0   0   0   0   0   0   0   0   0   0   0   0   0   0   0   0   0   0   0   0   0   0   0   0   0   0   0   0   0   0   0   0   0   0   0   0   0   0   0   0   0   0   0   0   0   0   0   0   0   0   0   0   0   0   0   0   0   0   0   0   0   
T_sec   15.0   15.5   16.0   16.5   17.0   17.5   18.0   18.5   19.0   19.5   20.0   20.5   21.0   21.5   22.0   22.5   23.0   23.5   24.0   24.5   25.0   25.5   26.0   26.5   27.0   27.5   28.0   28.5   29.0   29.5   30.0   30.5   31.0   31.5   32.0   32.5   33.0   33.5   34.0   34.5   35.0   35.5   36.0   36.5   37.0   37.5   38.0   38.5   39.0   39.5   40.0   40.5   41.0   41.5   42.0   42.5   43.0   43.5   44.0   44.5   45.0   45.5   46.0   46.5   47.0   47.5   48.0   48.5   49.0   49.5   50.0   50.5   51.0   51.5   52.0   52.5   53.0   53.5   54.0   54.5   55.0   
U20   0.13526551697232642   0.13004485015237546   0.19847366523433554   0.1213825866468227   0.035220837624522924   0.12554794088896462   -0.21120550057367518   -0.04532191327803206   0.15737016000393658   0.06995060028795802   0.08557679746768813   0.298695303747964   0.1719705932749999   -0.13063952440007012   0.03359453083041983   -0.0666105940129993   0.17211757152957122   0.22937207660608272   0.00040500764629992903   -0.08766584505288832   0.01507509035064646   0.026307469954207515   -0.15130773125670582   0.15920136300675236   0.1877218257382509   -0.02692831057967015   0.013987825629890992   0.15957488547860468   -0.046192167342745956   -0.07581800267435578   0.14486061545298493   -0.006634291671538285   -0.07468815894720959   0.01278163761245574   0.009987423221183761   0.14620953696808323   0.12161745029505809   -0.08079427595942205   -0.0795324278790468   -0.20646887731624727   -0.25742612014122446   -0.05705803571070891   0.12306777492622464   -0.028320012208202735   0.044907501459271484   0.06390334874295671   0.5883812187392837   0.7690447841209361   0.8024960622332362   0.1475940822711048   0.21616529703340892   0.6637722538707836   0.5808785005376335   0.9888239562813089   0.8284486703173747   0.6889930640468054   0.1703099478901547   -1.0   -0.881706976118902   -0.4089813662976094   -0.3410344714400804   -0.07124923705872661   -0.04084267188313086   -0.03160869053724632   0.08583125475324724   -0.06336122268011593   -0.011573999438188372   0.12487656561205181   -0.010321362939719416   -0.04688805104433977   -0.13789225190158494   -0.4644015520417482   -0.1451097693855036   -0.29796042101705483   -0.2192477924185687   0.03129536415679087   -0.0027206122230453633   0.03969796921012315   -0.040973227385669546   -0.007519171546032051   -0.26234767314957447   
T_sec   15.0   15.5   16.0   16.5   17.0   17.5   18.0   18.5   19.0   19.5   20.0   20.5   21.0   21.5   22.0   22.5   23.0   23.5   24.0   24.5   25.0   25.5   26.0   26.5   27.0   27.5   28.0   28.5   29.0   29.5   30.0   30.5   31.0   31.5   32.0   32.5   33.0   33.5   34.0   34.5   35.0   35.5   36.0   36.5   37.0   37.5   38.0   38.5   39.0   39.5   40.0   40.5   41.0   41.5   42.0   42.5   43.0   43.5   44.0   44.5   45.0   45.5   46.0   46.5   47.0   47.5   48.0   48.5   49.0   49.5   50.0   50.5   51.0   51.5   52.0   52.5   53.0   53.5   54.0   54.5   55.0   
U21   0.002098279162910911   -0.1598546457222419   0.06487340216772129   0.08866527270775978   0.23261409708250436   -0.251453649776505   -0.39811947646390555   0.30634071096725785   -0.1679666710700516   -0.05718299718924615   -0.013873548908987529   -0.13589991630796341   -0.02645028456803368   0.3115028985002545   0.28472596784717674   -0.056878212970921625   0.19261070097740243   0.16902701473922482   -0.00815345132291712   -0.23176531934010686   -0.20535209836161966   -0.06065221395603308   0.11019495724406728   -0.1003471502983923   0.05200512463891183   0.015979720921606967   0.04767903916798645   0.15470024084735623   -0.08897264938580962   0.03800516533086339   0.03230662056155523   -0.0035527611154988663   -0.17405420723548104   -0.040018867088744074   0.001257594067345422   -0.06501224993227635   -0.2445456120551235   0.04307415650650702   0.14598513516979994   -0.1431594152200344   0.09013776263574666   0.16853081092950917   -0.03256494193714028   0.08094159182380702   0.13751093522325747   0.33696213480574533   1.0   0.3642382148355573   0.0727378605829061   0.2904013347830545   0.3925666310733973   0.48458193048743026   0.6075374725599433   0.7570131757028234   0.7730521574493161   0.2887582516611195   0.09770428128982567   -0.6488673689630092   -0.6855441911272838   -0.25234595645981517   -0.08580941229977088   0.22861512695609126   -0.15195855800090427   -0.13148498773489986   0.02405796056331139   -0.22405077228438286   -0.13544234217416562   -0.21577244742320473   0.14355377096751346   -0.08978480115287131   0.05077552236194081   0.22546964454334523   -0.2128138325774037   0.22846646902790657   -0.020433449052434004   -0.24974640935416978   0.07514435110368405   -0.1990159089809894   0.2545483783885031   0.18478575011615267   -0.23831165893699344   
T_sec   15.0   15.5   16.0   16.5   17.0   17.5   18.0   18.5   19.0   19.5   20.0   20.5   21.0   21.5   22.0   22.5   23.0   23.5   24.0   24.5   25.0   25.5   26.0   26.5   27.0   27.5   28.0   28.5   29.0   29.5   30.0   30.5   31.0   31.5   32.0   32.5   33.0   33.5   34.0   34.5   35.0   35.5   36.0   36.5   37.0   37.5   38.0   38.5   39.0   39.5   40.0   40.5   41.0   41.5   42.0   42.5   43.0   43.5   44.0   44.5   45.0   45.5   46.0   46.5   47.0   47.5   48.0   48.5   49.0   49.5   50.0   50.5   51.0   51.5   52.0   52.5   53.0   53.5   54.0   54.5   55.0   
U22   0   0   0   0   0   0   0   0   0   0   0   0   0   0   0   0   0   0   0   0   0   0   0   0   0   0   0   0   0   0   0   0   0   0   0   0   0   0   0   0   0   0   0   0   0   0   0   0   0   0   0   0   0   0   0   0   0   0   0   0   0   0   0   0   0   0   0   0   0   0   0   0   0   0   0   0   0   0   0   0   0   
T_sec   15.0   15.5   16.0   16.5   17.0   17.5   18.0   18.5   19.0   19.5   20.0   20.5   21.0   21.5   22.0   22.5   23.0   23.5   24.0   24.5   25.0   25.5   26.0   26.5   27.0   27.5   28.0   28.5   29.0   29.5   30.0   30.5   31.0   31.5   32.0   32.5   33.0   33.5   34.0   34.5   35.0   35.5   36.0   36.5   37.0   37.5   38.0   38.5   39.0   39.5   40.0   40.5   41.0   41.5   42.0   42.5   43.0   43.5   44.0   44.5   45.0   45.5   46.0   46.5   47.0   47.5   48.0   48.5   49.0   49.5   50.0   50.5   51.0   51.5   52.0   52.5   53.0   53.5   54.0   54.5   55.0   
U23   0   0   0   0   0   0   0   0   0   0   0   0   0   0   0   0   0   0   0   0   0   0   0   0   0   0   0   0   0   0   0   0   0   0   0   0   0   0   0   0   0   0   0   0   0   0   0   0   0   0   0   0   0   0   0   0   0   0   0   0   0   0   0   0   0   0   0   0   0   0   0   0   0   0   0   0   0   0   0   0   0   
T_sec   15.0   15.5   16.0   16.5   17.0   17.5   18.0   18.5   19.0   19.5   20.0   20.5   21.0   21.5   22.0   22.5   23.0   23.5   24.0   24.5   25.0   25.5   26.0   26.5   27.0   27.5   28.0   28.5   29.0   29.5   30.0   30.5   31.0   31.5   32.0   32.5   33.0   33.5   34.0   34.5   35.0   35.5   36.0   36.5   37.0   37.5   38.0   38.5   39.0   39.5   40.0   40.5   41.0   41.5   42.0   42.5   43.0   43.5   44.0   44.5   45.0   45.5   46.0   46.5   47.0   47.5   48.0   48.5   49.0   49.5   50.0   50.5   51.0   51.5   52.0   52.5   53.0   53.5   54.0   54.5   55.0   
U24   0   0   0   0   0   0   0   0   0   0   0   0   0   0   0   0   0   0   0   0   0   0   0   0   0   0   0   0   0   0   0   0   0   0   0   0   0   0   0   0   0   0   0   0   0   0   0   0   0   0   0   0   0   0   0   0   0   0   0   0   0   0   0   0   0   0   0   0   0   0   0   0   0   0   0   0   0   0   0   0   0   
T_sec   15.0   15.5   16.0   16.5   17.0   17.5   18.0   18.5   19.0   19.5   20.0   20.5   21.0   21.5   22.0   22.5   23.0   23.5   24.0   24.5   25.0   25.5   26.0   26.5   27.0   27.5   28.0   28.5   29.0   29.5   30.0   30.5   31.0   31.5   32.0   32.5   33.0   33.5   34.0   34.5   35.0   35.5   36.0   36.5   37.0   37.5   38.0   38.5   39.0   39.5   40.0   40.5   41.0   41.5   42.0   42.5   43.0   43.5   44.0   44.5   45.0   45.5   46.0   46.5   47.0   47.5   48.0   48.5   49.0   49.5   50.0   50.5   51.0   51.5   52.0   52.5   53.0   53.5   54.0   54.5   55.0   
U25   0   0   0   0   0   0   0   0   0   0   0   0   0   0   0   0   0   0   0   0   0   0   0   0   0   0   0   0   0   0   0   0   0   0   0   0   0   0   0   0   0   0   0   0   0   0   0   0   0   0   0   0   0   0   0   0   0   0   0   0   0   0   0   0   0   0   0   0   0   0   0   0   0   0   0   0   0   0   0   0   0   
T_sec   15.0   15.5   16.0   16.5   17.0   17.5   18.0   18.5   19.0   19.5   20.0   20.5   21.0   21.5   22.0   22.5   23.0   23.5   24.0   24.5   25.0   25.5   26.0   26.5   27.0   27.5   28.0   28.5   29.0   29.5   30.0   30.5   31.0   31.5   32.0   32.5   33.0   33.5   34.0   34.5   35.0   35.5   36.0   36.5   37.0   37.5   38.0   38.5   39.0   39.5   40.0   40.5   41.0   41.5   42.0   42.5   43.0   43.5   44.0   44.5   45.0   45.5   46.0   46.5   47.0   47.5   48.0   48.5   49.0   49.5   50.0   50.5   51.0   51.5   52.0   52.5   53.0   53.5   54.0   54.5   55.0   
U26   0   0   0   0   0   0   0   0   0   0   0   0   0   0   0   0   0   0   0   0   0   0   0   0   0   0   0   0   0   0   0   0   0   0   0   0   0   0   0   0   0   0   0   0   0   0   0   0   0   0   0   0   0   0   0   0   0   0   0   0   0   0   0   0   0   0   0   0   0   0   0   0   0   0   0   0   0   0   0   0   0   
T_sec   15.0   15.5   16.0   16.5   17.0   17.5   18.0   18.5   19.0   19.5   20.0   20.5   21.0   21.5   22.0   22.5   23.0   23.5   24.0   24.5   25.0   25.5   26.0   26.5   27.0   27.5   28.0   28.5   29.0   29.5   30.0   30.5   31.0   31.5   32.0   32.5   33.0   33.5   34.0   34.5   35.0   35.5   36.0   36.5   37.0   37.5   38.0   38.5   39.0   39.5   40.0   40.5   41.0   41.5   42.0   42.5   43.0   43.5   44.0   44.5   45.0   45.5   46.0   46.5   47.0   47.5   48.0   48.5   49.0   49.5   50.0   50.5   51.0   51.5   52.0   52.5   53.0   53.5   54.0   54.5   55.0   
U27   0.041036614226361234   0.080995519140808   -0.0709983385077773   0.15608511072101577   -0.029118574617725847   -0.11143834961770198   -0.15430337627186472   -0.13867347554509718   0.053676382941406586   0.17808030204244146   -0.0052039554375053945   -0.12093261996858738   -0.22975338131559453   0.18208508074510182   -0.1334720383346231   0.06013052004220336   0.09859544391332419   -0.10890816173058883   -0.07902948583766635   0.11977493018288393   -0.1402038879065951   0.16644335574349375   -0.06418616567552124   0.11130896445761974   0.17782861723336052   -0.006449135871370641   0.015425056756236327   -0.01241439316447507   -0.13994057195226997   -0.03195785177409557   0.034312734077211686   -0.23767470182578335   0.20656883851063737   -0.2393041098321151   0.03390728482776507   -0.1662840157575356   0.019090547923855453   0.17466574590481562   0.315092464869873   1.0   0.4587720627787707   0.3025914161779968   0.2323393491104064   -0.14856394430350178   -0.00823855905611231   0.1563981841992574   0.1148986459085676   0.3260835746595158   0.35381571908751   0.24179822620152994   0.5912072305285446   0.3488297021708587   0.2532824247588201   0.19048395214018737   0.1342618993629939   -0.4398961870646396   0.008321024641268663   0.19296791818049075   0.20083945915014875   0.06401403624016265   -0.21595968368673804   -0.33145351023948305   -0.15682808840027973   -0.236516214464537   -0.04117495095499913   -0.17411065223042202   -0.31428569721325195   -0.1714892866737607   -0.2497120671712276   -0.3921894118444164   -0.13500161523847418   -0.07071998132591821   -0.14413760309669302   -0.08487880086145323   0.0959722489777889   0.25001163554084443   0.1754680338781903   -0.3363602596234031   0.016514064770247545   -0.1437932803061993   -0.12380850854913024   
T_sec   15.0   15.5   16.0   16.5   17.0   17.5   18.0   18.5   19.0   19.5   20.0   20.5   21.0   21.5   22.0   22.5   23.0   23.5   24.0   24.5   25.0   25.5   26.0   26.5   27.0   27.5   28.0   28.5   29.0   29.5   30.0   30.5   31.0   31.5   32.0   32.5   33.0   33.5   34.0   34.5   35.0   35.5   36.0   36.5   37.0   37.5   38.0   38.5   39.0   39.5   40.0   40.5   41.0   41.5   42.0   42.5   43.0   43.5   44.0   44.5   45.0   45.5   46.0   46.5   47.0   47.5   48.0   48.5   49.0   49.5   50.0   50.5   51.0   51.5   52.0   52.5   53.0   53.5   54.0   54.5   55.0   
U28   0   0   0   0   0   0   0   0   0   0   0   0   0   0   0   0   0   0   0   0   0   0   0   0   0   0   0   0   0   0   0   0   0   0   0   0   0   0   0   0   0   0   0   0   0   0   0   0   0   0   0   0   0   0   0   0   0   0   0   0   0   0   0   0   0   0   0   0   0   0   0   0   0   0   0   0   0   0   0   0   0   
T_sec   15.0   15.5   16.0   16.5   17.0   17.5   18.0   18.5   19.0   19.5   20.0   20.5   21.0   21.5   22.0   22.5   23.0   23.5   24.0   24.5   25.0   25.5   26.0   26.5   27.0   27.5   28.0   28.5   29.0   29.5   30.0   30.5   31.0   31.5   32.0   32.5   33.0   33.5   34.0   34.5   35.0   35.5   36.0   36.5   37.0   37.5   38.0   38.5   39.0   39.5   40.0   40.5   41.0   41.5   42.0   42.5   43.0   43.5   44.0   44.5   45.0   45.5   46.0   46.5   47.0   47.5   48.0   48.5   49.0   49.5   50.0   50.5   51.0   51.5   52.0   52.5   53.0   53.5   54.0   54.5   55.0   
U29   0   0   0   0   0   0   0   0   0   0   0   0   0   0   0   0   0   0   0   0   0   0   0   0   0   0   0   0   0   0   0   0   0   0   0   0   0   0   0   0   0   0   0   0   0   0   0   0   0   0   0   0   0   0   0   0   0   0   0   0   0   0   0   0   0   0   0   0   0   0   0   0   0   0   0   0   0   0   0   0   0   
T_sec   15.0   15.5   16.0   16.5   17.0   17.5   18.0   18.5   19.0   19.5   20.0   20.5   21.0   21.5   22.0   22.5   23.0   23.5   24.0   24.5   25.0   25.5   26.0   26.5   27.0   27.5   28.0   28.5   29.0   29.5   30.0   30.5   31.0   31.5   32.0   32.5   33.0   33.5   34.0   34.5   35.0   35.5   36.0   36.5   37.0   37.5   38.0   38.5   39.0   39.5   40.0   40.5   41.0   41.5   42.0   42.5   43.0   43.5   44.0   44.5   45.0   45.5   46.0   46.5   47.0   47.5   48.0   48.5   49.0   49.5   50.0   50.5   51.0   51.5   52.0   52.5   53.0   53.5   54.0   54.5   55.0   
U30   -0.0020455995925975773   0.13560100373475895   -0.13900711275063868   -0.12486774053141977   -0.01830499727453741   -0.056347398386565224   -0.016195280902443418   0.02774147573708204   -0.042905304522240825   -0.27560795696062196   0.09550822745265987   0.047263898244685285   0.14836263008274644   -0.16207088979801787   -0.16194035301740187   -0.16604401417256967   -0.030734835899453715   0.14278721379694279   0.01954215131737854   0.11454443664219073   0.20947846643244397   -0.012166071031121195   -0.3283224377901231   -0.11589390794857887   0.09458678046422905   -0.13911748025977455   0.05951807195463098   0.19675092099278557   0.07935078151372274   0.10781878589082482   0.04092768225985229   -0.0049868391743071545   -0.12521246765969077   0.15813788711765492   0.27467846509721167   0.6903442058801794   1.0   0.6162842906527922   0.12295296027311987   -0.3694202115349721   0.04251404189954145   0.1053903142043657   0.1281191587176265   0.3690372501507792   0.32984952926023037   0.10913661776322589   0.21933652513814217   0.21327774789358755   0.08282019220394234   0.3147543846769379   0.1153476734764726   0.16741884326914186   -0.0031287272907020588   0.10803737778013538   0.02155827376793869   -0.10272405617539501   -0.11824358510872991   0.03122000307806086   -0.019189769341990744   -0.07470869954279385   0.13486363896253795   -0.1501715217025459   -0.41429409245725546   -0.15720947796087897   -0.22073901109159316   -0.3741549839443494   -0.23111096712004867   0.14795877621294024   -0.18695929713908277   -0.1558390573996106   -0.08441255869658341   0.14547296242353963   0.2147388576762888   0.12021258516331298   0.29955721766578125   0.11054632857784893   0.004431495294953496   0.015748868898022624   0.1372460573507424   0.18040048011829377   -0.1892537433401863   
T_sec   15.0   15.5   16.0   16.5   17.0   17.5   18.0   18.5   19.0   19.5   20.0   20.5   21.0   21.5   22.0   22.5   23.0   23.5   24.0   24.5   25.0   25.5   26.0   26.5   27.0   27.5   28.0   28.5   29.0   29.5   30.0   30.5   31.0   31.5   32.0   32.5   33.0   33.5   34.0   34.5   35.0   35.5   36.0   36.5   37.0   37.5   38.0   38.5   39.0   39.5   40.0   40.5   41.0   41.5   42.0   42.5   43.0   43.5   44.0   44.5   45.0   45.5   46.0   46.5   47.0   47.5   48.0   48.5   49.0   49.5   50.0   50.5   51.0   51.5   52.0   52.5   53.0   53.5   54.0   54.5   55.0   
U31   -0.02700353640456481   -0.019014517816783077   0.14588950280671856   -0.059711603869496185   -0.02790181724024809   -0.21530964687954313   0.2752248377684037   0.0795331538225418   0.21963487235175574   0.04544136798595717   -0.19916509156891424   -0.1942318938438276   0.09235958085467269   0.16011038139756367   -0.05631429586549256   0.168852480906103   -0.020178757893944698   -0.3295450542255806   -0.013519684510690588   0.02132201477402329   -0.0826460894993801   -0.044836938457551705   0.011857595640123354   -0.11044947248174157   -0.2089652351501375   0.03217349670017398   0.027833943649236595   0.04725597787343275   -0.35660563856041105   0.12846163033566432   0.006096519392488075   0.203184977967727   -0.054755063729397445   0.027865529275109265   0.4905026945433056   0.7112606744932441   1.0   0.0364770798791272   -0.21856367242563324   -0.09544813998712422   0.05931278032210187   0.2896857553205974   -0.06943023439706378   0.3428634761995369   0.42111502783491794   0.012083843549506094   -0.019801058143231506   0.18259426203396242   -0.07852844897262651   -0.09666252419255977   0.09619271820237053   0.0628821939500757   -0.03086222406028413   -0.03351422327098351   -0.2354592685426043   -0.16707893765693296   -0.2946066409774948   -0.09337378038882242   0.006646081907297207   -0.01481923598797931   0.1798350943149373   -0.06795423031276034   -0.46878988220924345   -0.08271849284683466   -0.48847901086505713   -0.21090148367246192   -0.17784694894132702   -0.03653150271930321   0.1635329719853664   -0.08351599538868294   -0.04139998944652008   0.06626621069022745   -0.02088027757470239   0.020948281161262183   0.12121121703718524   0.18745442127658163   0.16793869929327168   -0.16147657689692924   0.07039035563063403   0.00039502258310385456   0.02733817962591328   
T_sec   15.0   15.5   16.0   16.5   17.0   17.5   18.0   18.5   19.0   19.5   20.0   20.5   21.0   21.5   22.0   22.5   23.0   23.5   24.0   24.5   25.0   25.5   26.0   26.5   27.0   27.5   28.0   28.5   29.0   29.5   30.0   30.5   31.0   31.5   32.0   32.5   33.0   33.5   34.0   34.5   35.0   35.5   36.0   36.5   37.0   37.5   38.0   38.5   39.0   39.5   40.0   40.5   41.0   41.5   42.0   42.5   43.0   43.5   44.0   44.5   45.0   45.5   46.0   46.5   47.0   47.5   48.0   48.5   49.0   49.5   50.0   50.5   51.0   51.5   52.0   52.5   53.0   53.5   54.0   54.5   55.0   
U32   0   0   0   0   0   0   0   0   0   0   0   0   0   0   0   0   0   0   0   0   0   0   0   0   0   0   0   0   0   0   0   0   0   0   0   0   0   0   0   0   0   0   0   0   0   0   0   0   0   0   0   0   0   0   0   0   0   0   0   0   0   0   0   0   0   0   0   0   0   0   0   0   0   0   0   0   0   0   0   0   0   
T_sec   15.0   15.5   16.0   16.5   17.0   17.5   18.0   18.5   19.0   19.5   20.0   20.5   21.0   21.5   22.0   22.5   23.0   23.5   24.0   24.5   25.0   25.5   26.0   26.5   27.0   27.5   28.0   28.5   29.0   29.5   30.0   30.5   31.0   31.5   32.0   32.5   33.0   33.5   34.0   34.5   35.0   35.5   36.0   36.5   37.0   37.5   38.0   38.5   39.0   39.5   40.0   40.5   41.0   41.5   42.0   42.5   43.0   43.5   44.0   44.5   45.0   45.5   46.0   46.5   47.0   47.5   48.0   48.5   49.0   49.5   50.0   50.5   51.0   51.5   52.0   52.5   53.0   53.5   54.0   54.5   55.0   
U33   0   0   0   0   0   0   0   0   0   0   0   0   0   0   0   0   0   0   0   0   0   0   0   0   0   0   0   0   0   0   0   0   0   0   0   0   0   0   0   0   0   0   0   0   0   0   0   0   0   0   0   0   0   0   0   0   0   0   0   0   0   0   0   0   0   0   0   0   0   0   0   0   0   0   0   0   0   0   0   0   0   
T_sec   15.0   15.5   16.0   16.5   17.0   17.5   18.0   18.5   19.0   19.5   20.0   20.5   21.0   21.5   22.0   22.5   23.0   23.5   24.0   24.5   25.0   25.5   26.0   26.5   27.0   27.5   28.0   28.5   29.0   29.5   30.0   30.5   31.0   31.5   32.0   32.5   33.0   33.5   34.0   34.5   35.0   35.5   36.0   36.5   37.0   37.5   38.0   38.5   39.0   39.5   40.0   40.5   41.0   41.5   42.0   42.5   43.0   43.5   44.0   44.5   45.0   45.5   46.0   46.5   47.0   47.5   48.0   48.5   49.0   49.5   50.0   50.5   51.0   51.5   52.0   52.5   53.0   53.5   54.0   54.5   55.0   
U34   0   0   0   0   0   0   0   0   0   0   0   0   0   0   0   0   0   0   0   0   0   0   0   0   0   0   0   0   0   0   0   0   0   0   0   0   0   0   0   0   0   0   0   0   0   0   0   0   0   0   0   0   0   0   0   0   0   0   0   0   0   0   0   0   0   0   0   0   0   0   0   0   0   0   0   0   0   0   0   0   0   
T_sec   15.0   15.5   16.0   16.5   17.0   17.5   18.0   18.5   19.0   19.5   20.0   20.5   21.0   21.5   22.0   22.5   23.0   23.5   24.0   24.5   25.0   25.5   26.0   26.5   27.0   27.5   28.0   28.5   29.0   29.5   30.0   30.5   31.0   31.5   32.0   32.5   33.0   33.5   34.0   34.5   35.0   35.5   36.0   36.5   37.0   37.5   38.0   38.5   39.0   39.5   40.0   40.5   41.0   41.5   42.0   42.5   43.0   43.5   44.0   44.5   45.0   45.5   46.0   46.5   47.0   47.5   48.0   48.5   49.0   49.5   50.0   50.5   51.0   51.5   52.0   52.5   53.0   53.5   54.0   54.5   55.0   
U35   0   0   0   0   0   0   0   0   0   0   0   0   0   0   0   0   0   0   0   0   0   0   0   0   0   0   0   0   0   0   0   0   0   0   0   0   0   0   0   0   0   0   0   0   0   0   0   0   0   0   0   0   0   0   0   0   0   0   0   0   0   0   0   0   0   0   0   0   0   0   0   0   0   0   0   0   0   0   0   0   0   
T_sec   15.0   15.5   16.0   16.5   17.0   17.5   18.0   18.5   19.0   19.5   20.0   20.5   21.0   21.5   22.0   22.5   23.0   23.5   24.0   24.5   25.0   25.5   26.0   26.5   27.0   27.5   28.0   28.5   29.0   29.5   30.0   30.5   31.0   31.5   32.0   32.5   33.0   33.5   34.0   34.5   35.0   35.5   36.0   36.5   37.0   37.5   38.0   38.5   39.0   39.5   40.0   40.5   41.0   41.5   42.0   42.5   43.0   43.5   44.0   44.5   45.0   45.5   46.0   46.5   47.0   47.5   48.0   48.5   49.0   49.5   50.0   50.5   51.0   51.5   52.0   52.5   53.0   53.5   54.0   54.5   55.0   
U36   0   0   0   0   0   0   0   0   0   0   0   0   0   0   0   0   0   0   0   0   0   0   0   0   0   0   0   0   0   0   0   0   0   0   0   0   0   0   0   0   0   0   0   0   0   0   0   0   0   0   0   0   0   0   0   0   0   0   0   0   0   0   0   0   0   0   0   0   0   0   0   0   0   0   0   0   0   0   0   0   0   
T_sec   15.0   15.5   16.0   16.5   17.0   17.5   18.0   18.5   19.0   19.5   20.0   20.5   21.0   21.5   22.0   22.5   23.0   23.5   24.0   24.5   25.0   25.5   26.0   26.5   27.0   27.5   28.0   28.5   29.0   29.5   30.0   30.5   31.0   31.5   32.0   32.5   33.0   33.5   34.0   34.5   35.0   35.5   36.0   36.5   37.0   37.5   38.0   38.5   39.0   39.5   40.0   40.5   41.0   41.5   42.0   42.5   43.0   43.5   44.0   44.5   45.0   45.5   46.0   46.5   47.0   47.5   48.0   48.5   49.0   49.5   50.0   50.5   51.0   51.5   52.0   52.5   53.0   53.5   54.0   54.5   55.0   
U37   0   0   0   0   0   0   0   0   0   0   0   0   0   0   0   0   0   0   0   0   0   0   0   0   0   0   0   0   0   0   0   0   0   0   0   0   0   0   0   0   0   0   0   0   0   0   0   0   0   0   0   0   0   0   0   0   0   0   0   0   0   0   0   0   0   0   0   0   0   0   0   0   0   0   0   0   0   0   0   0   0   
T_sec   15.0   15.5   16.0   16.5   17.0   17.5   18.0   18.5   19.0   19.5   20.0   20.5   21.0   21.5   22.0   22.5   23.0   23.5   24.0   24.5   25.0   25.5   26.0   26.5   27.0   27.5   28.0   28.5   29.0   29.5   30.0   30.5   31.0   31.5   32.0   32.5   33.0   33.5   34.0   34.5   35.0   35.5   36.0   36.5   37.0   37.5   38.0   38.5   39.0   39.5   40.0   40.5   41.0   41.5   42.0   42.5   43.0   43.5   44.0   44.5   45.0   45.5   46.0   46.5   47.0   47.5   48.0   48.5   49.0   49.5   50.0   50.5   51.0   51.5   52.0   52.5   53.0   53.5   54.0   54.5   55.0   
U38   0   0   0   0   0   0   0   0   0   0   0   0   0   0   0   0   0   0   0   0   0   0   0   0   0   0   0   0   0   0   0   0   0   0   0   0   0   0   0   0   0   0   0   0   0   0   0   0   0   0   0   0   0   0   0   0   0   0   0   0   0   0   0   0   0   0   0   0   0   0   0   0   0   0   0   0   0   0   0   0   0   
T_sec   15.0   15.5   16.0   16.5   17.0   17.5   18.0   18.5   19.0   19.5   20.0   20.5   21.0   21.5   22.0   22.5   23.0   23.5   24.0   24.5   25.0   25.5   26.0   26.5   27.0   27.5   28.0   28.5   29.0   29.5   30.0   30.5   31.0   31.5   32.0   32.5   33.0   33.5   34.0   34.5   35.0   35.5   36.0   36.5   37.0   37.5   38.0   38.5   39.0   39.5   40.0   40.5   41.0   41.5   42.0   42.5   43.0   43.5   44.0   44.5   45.0   45.5   46.0   46.5   47.0   47.5   48.0   48.5   49.0   49.5   50.0   50.5   51.0   51.5   52.0   52.5   53.0   53.5   54.0   54.5   55.0   
U39   0   0   0   0   0   0   0   0   0   0   0   0   0   0   0   0   0   0   0   0   0   0   0   0   0   0   0   0   0   0   0   0   0   0   0   0   0   0   0   0   0   0   0   0   0   0   0   0   0   0   0   0   0   0   0   0   0   0   0   0   0   0   0   0   0   0   0   0   0   0   0   0   0   0   0   0   0   0   0   0   0   
T_sec   15.0   15.5   16.0   16.5   17.0   17.5   18.0   18.5   19.0   19.5   20.0   20.5   21.0   21.5   22.0   22.5   23.0   23.5   24.0   24.5   25.0   25.5   26.0   26.5   27.0   27.5   28.0   28.5   29.0   29.5   30.0   30.5   31.0   31.5   32.0   32.5   33.0   33.5   34.0   34.5   35.0   35.5   36.0   36.5   37.0   37.5   38.0   38.5   39.0   39.5   40.0   40.5   41.0   41.5   42.0   42.5   43.0   43.5   44.0   44.5   45.0   45.5   46.0   46.5   47.0   47.5   48.0   48.5   49.0   49.5   50.0   50.5   51.0   51.5   52.0   52.5   53.0   53.5   54.0   54.5   55.0   
U40   -0.04413642698238977   -0.25581030782762215   0.04249800293742051   -0.2773676927678238   -0.09811316472766582   0.002452619717662084   -0.14156026797501522   0.24212119234745724   0.08209237126552572   -0.19473573605191175   -0.1820516007132978   -0.28469432016916585   0.2725723825080716   0.2753689192085863   -0.3372307992342286   0.27029777904605196   0.35666517289257105   0.15752798585144556   -0.04741917907852744   -0.11645008040668027   -0.11766232916935195   0.22999937063970333   0.41086426905212925   0.9271178189609519   1.0   0.3323099833609363   0.1957435522372042   0.3704233077526429   0.6482530179023851   0.5025643495080134   0.29988812652731645   -0.1691975543258754   0.2758384980037384   0.15456454591573532   0.03251550840758336   -0.04391861787113342   0.2956154285211959   0.42442641613626997   -0.1483231763451967   -0.003299576656768955   -0.25622103097503346   -0.20340416323664381   -0.15762873206528985   0.05352745921729206   0.08057912271308387   0.012420052970791687   0.07725895734032132   0.03769639167410983   -0.08451601918017612   -0.2368392026876241   0.200736605511684   -0.16046458814160114   0.07449645455895494   -0.5161372060535814   -0.07448889710052606   -0.18423868917216735   -0.14200807029762946   0.28570168263239953   0.09975890361908554   0.0698889079734372   0.01798067947998309   0.22880212526187857   -0.42473829140662567   -0.16756522338631724   -0.2047861680856155   0.08608087385640241   0.07096713710438418   -0.10985325982335896   -0.16769988606193884   0.28321592957013525   -0.022975116262275597   0.06229185719892403   -0.05738938148590602   -0.09416229438345931   -0.040649253061881635   -0.005866911079496583   0.16468414984456328   -0.14342824012865613   0.38646581945839026   0.13011724934151295   -0.13636832969409318   
sta_location:9.594800269105399,10.17750816164621,10.73245975558304,11.00082036889347,11.967339536495572,12.261135866376309,12.891216350440457,13.414298698169286,13.922158109290285,14.45022626114821,14.705107538407379,15.492805328233455,15.980135156846888,16.43807627371055,16.54255803211285,17.466538855581266,17.72519005031792,18.04412394756687,18.69091961051442,19.051030147698746,19.71798609994805,20.3143293633457,20.764043441191863,21.36698266270103,21.877714390636175,22.33258699925905,22.851314253298742,23.290261306783258,23.961882582274647,24.083717134363166,24.815409378621297,25.001831585307453,25.552707374718544,26.497181406661436,26.65936196323281,27.14646944303507,27.619083592584907,28.180261577230677,28.831845530145173,29.227663682760333,29.58703516298598,
rebuild_index:0,1,2,3,4,5,6,7,8,9,10,11,12,13,14,15,16,17,18,19,20,21,22,23,24,25,26,27,28,29,30,31,32,33,34,35,36,37,38,39,40,
use_index:1,3,4,5,7,11,14,15,18,20,21,27,30,31,40,
rebuild_locdata:9.75,10.17750816164621,10.75,11.00082036889347,11.967339536495572,12.261135866376309,12.75,13.414298698169286,13.75,14.25,14.75,15.492805328233455,15.75,16.25,16.54255803211285,17.466538855581266,17.75,18.25,18.69091961051442,19.25,19.71798609994805,20.3143293633457,20.75,21.25,21.75,22.25,22.75,23.290261306783258,23.75,24.25,24.815409378621297,25.001831585307453,25.75,26.25,26.75,27.25,27.75,28.25,28.75,29.25,29.58703516298598,
cut_start_time:15.0---cut_windows:40.0---reduction_v:10.0---move_time_window_all:0.0
move_time_window:0.0,0.0,0.0,0.0,0.0,0.0,0.0,0.0,0.0,0.0,0.0,0.0,0.0,0.0,0.0,0.0,0.0,0.0,0.0,0.0,0.0,0.0,0.0,0.0,0.0,0.0,0.0,0.0,0.0,0.0,0.0,0.0,0.0,0.0,0.0,0.0,0.0,0.0,0.0,0.0,0.0,
sta_noise_mean:0.0,0.0,0.0,0.0,0.0,0.0,0.0,0.0,0.0,0.0,0.0,0.0,0.0,0.0,0.0,0.0,0.0,0.0,0.0,0.0,0.0,0.0,0.0,0.0,0.0,0.0,0.0,0.0,0.0,0.0,0.0,0.0,0.0,0.0,0.0,0.0,0.0,0.0,0.0,0.0,0.0,
sta_noise_sigma:0.15,0.15,0.15,0.15,0.15,0.15,0.15,0.15,0.15,0.15,0.15,0.15,0.15,0.15,0.15,0.15,0.15,0.15,0.15,0.15,0.15,0.15,0.15,0.15,0.15,0.15,0.15,0.15,0.15,0.15,0.15,0.15,0.15,0.15,0.15,0.15,0.15,0.15,0.15,0.15,0.15,
add_noise_region_move_range:0.0,0.0,0.0,0.0,0.0,0.0,0.0,0.0,0.0,0.0,0.0,0.0,0.0,0.0,0.0,0.0,0.0,0.0,0.0,0.0,0.0,0.0,0.0,0.0,0.0,0.0,0.0,0.0,0.0,0.0,0.0,0.0,0.0,0.0,0.0,0.0,0.0,0.0,0.0,0.0,0.0,