T_sec   15.0   15.5   16.0   16.5   17.0   17.5   18.0   18.5   19.0   19.5   20.0   20.5   21.0   21.5   22.0   22.5   23.0   23.5   24.0   24.5   25.0   25.5   26.0   26.5   27.0   27.5   28.0   28.5   29.0   29.5   30.0   30.5   31.0   31.5   32.0   32.5   33.0   33.5   34.0   34.5   35.0   35.5   36.0   36.5   37.0   37.5   38.0   38.5   39.0   39.5   40.0   40.5   41.0   41.5   42.0   42.5   43.0   43.5   44.0   44.5   45.0   45.5   46.0   46.5   47.0   47.5   48.0   48.5   49.0   49.5   50.0   50.5   51.0   51.5   52.0   52.5   53.0   53.5   54.0   54.5   55.0   
U0   0   0   0   0   0   0   0   0   0   0   0   0   0   0   0   0   0   0   0   0   0   0   0   0   0   0   0   0   0   0   0   0   0   0   0   0   0   0   0   0   0   0   0   0   0   0   0   0   0   0   0   0   0   0   0   0   0   0   0   0   0   0   0   0   0   0   0   0   0   0   0   0   0   0   0   0   0   0   0   0   0   
T_sec   15.0   15.5   16.0   16.5   17.0   17.5   18.0   18.5   19.0   19.5   20.0   20.5   21.0   21.5   22.0   22.5   23.0   23.5   24.0   24.5   25.0   25.5   26.0   26.5   27.0   27.5   28.0   28.5   29.0   29.5   30.0   30.5   31.0   31.5   32.0   32.5   33.0   33.5   34.0   34.5   35.0   35.5   36.0   36.5   37.0   37.5   38.0   38.5   39.0   39.5   40.0   40.5   41.0   41.5   42.0   42.5   43.0   43.5   44.0   44.5   45.0   45.5   46.0   46.5   47.0   47.5   48.0   48.5   49.0   49.5   50.0   50.5   51.0   51.5   52.0   52.5   53.0   53.5   54.0   54.5   55.0   
U1   0.0015258530528247508   0.0044531392597265   0.0062124147415993   0.005906815496041206   0.010444177368638664   0.010798648465356341   0.004136898954868801   0.008488815975750831   0.016191478422100936   0.01240770301757814   0.0036978647147182216   -0.005352218242948148   -0.007738170295911079   -0.001938198546247707   0.001964045722889017   -0.0012821056489144174   -0.005775545314368172   -0.008009828315697007   -0.011544515991335878   -0.003448310495173442   0.01098675379097473   0.00864234437130841   -0.009385623726636441   -0.022304805416030443   -0.015562845050204931   -0.005895905433027956   -0.0067063098710530055   -0.007971247746102106   -0.009610401077124638   -0.021341947107780992   -0.03338164994676841   -0.03080418030105693   -0.016273310052956604   -0.001765439712273717   0.008005518975258825   0.005979531925335056   -0.007387910565810877   -0.015791873002007534   -0.01925376577079563   -0.02774576383185796   -0.03333301308487848   -0.027309664826915464   -0.017122738312341984   -0.04542375699400652   0.07214774307855089   1.0   0.29086235446463454   -0.39664293063389683   -0.11941604850265185   -0.09822428821811452   0.17988166469961833   -0.2015065226988835   -0.09970190800926039   -0.05879620197100925   -0.017024810235087246   -0.21237580718582091   -0.03499875878114582   0.12905584351431465   -0.060300075108389334   -0.046761397341864706   -0.03869601624024908   -0.008060128762749117   -0.05591087802981528   -0.02355560622902871   0.03189672843291457   0.10448841601495142   -0.05330722836274659   0.0044991333565865144   -0.019923821584461154   0.023094499907494355   -0.002731865371508951   -0.0920106255337109   -0.13657699340538237   0.08896496394793918   -0.07171002378999422   -0.08301311673985977   0.11361950905102962   0.022789564367581408   0.019176018164771373   0.06349296043373537   0.16028881382802335   
T_sec   15.0   15.5   16.0   16.5   17.0   17.5   18.0   18.5   19.0   19.5   20.0   20.5   21.0   21.5   22.0   22.5   23.0   23.5   24.0   24.5   25.0   25.5   26.0   26.5   27.0   27.5   28.0   28.5   29.0   29.5   30.0   30.5   31.0   31.5   32.0   32.5   33.0   33.5   34.0   34.5   35.0   35.5   36.0   36.5   37.0   37.5   38.0   38.5   39.0   39.5   40.0   40.5   41.0   41.5   42.0   42.5   43.0   43.5   44.0   44.5   45.0   45.5   46.0   46.5   47.0   47.5   48.0   48.5   49.0   49.5   50.0   50.5   51.0   51.5   52.0   52.5   53.0   53.5   54.0   54.5   55.0   
U2   0.013391145431832114   -0.001902243575641321   -0.012410110141105695   -0.007110547442118806   -0.0007965485408511328   -0.0027894955809504712   0.0016879121924296308   0.012309929649254687   0.009880396789685202   -0.00919549140199765   -0.028976491534902605   -0.023672965051009215   -0.004084924798008867   0.008045062672359835   0.011959588265903057   0.010815989684733747   0.011039901756772327   0.006675415463796569   -0.008234840248297947   -0.020069334039922785   -0.01836269540442115   -0.011915721395634167   -0.005270702178153113   0.00444421802864536   0.010775146217725086   0.009565547616351968   0.008405583945375156   0.0054488240717181675   -0.0009165957565527806   -0.01115350336187154   -0.013329937560283842   -0.007364757218565553   -0.007404123633036164   -0.02027784187629208   -0.035934017916596735   -0.04258484224617487   -0.040216286869262   -0.03530695554892639   -0.027927809945161527   -0.024124512881843738   -0.02294008282087375   -0.01253063235264873   -0.005994576132958949   -0.01856866878860782   -0.07487475634096426   0.08166856540130776   1.0   -0.08938143648319177   -0.05180943577720083   0.09737120725353123   -0.1661850331491983   -0.007242255813981986   0.003201038582001003   -0.15732949031879506   -0.07104983503025457   -0.1515774051915947   -0.017146189025673712   -0.018568827910533478   -0.05854474539799964   -0.07929801658072036   0.001001886407936957   0.05389349512872222   0.020611955410309968   -0.0545999686071767   -0.02865972549846927   -0.06610652962012199   0.04350902988419124   0.016993478707143777   -0.037736591017266695   0.014350174402315482   -0.021615587394833383   0.013043360164155714   -0.13439850148635757   -0.004982922807304228   0.09362177584293627   0.006058687775274392   -0.009497760783580698   0.010637678724023724   0.039489253236015515   0.06508266106849696   0.015543754315329623   
T_sec   15.0   15.5   16.0   16.5   17.0   17.5   18.0   18.5   19.0   19.5   20.0   20.5   21.0   21.5   22.0   22.5   23.0   23.5   24.0   24.5   25.0   25.5   26.0   26.5   27.0   27.5   28.0   28.5   29.0   29.5   30.0   30.5   31.0   31.5   32.0   32.5   33.0   33.5   34.0   34.5   35.0   35.5   36.0   36.5   37.0   37.5   38.0   38.5   39.0   39.5   40.0   40.5   41.0   41.5   42.0   42.5   43.0   43.5   44.0   44.5   45.0   45.5   46.0   46.5   47.0   47.5   48.0   48.5   49.0   49.5   50.0   50.5   51.0   51.5   52.0   52.5   53.0   53.5   54.0   54.5   55.0   
U3   -0.03760031791496888   -0.03459059715383566   -0.019061863899560202   -0.005340530942713942   0.003383098566342166   0.007405699568958135   0.006193312871739826   0.006888048089476823   0.015933563377964262   0.023362303171982755   0.011372752390638513   -0.010565453307406021   -0.00992038887455491   0.0020262261681762   0.00022760621450102666   -0.010996655180955318   -0.00194208653627643   0.023885576967400457   0.032468284140150995   0.017121659648870895   -0.002677921277346624   -0.007314053742926317   -0.014685432013027588   -0.03568015631266451   -0.0480713318217395   -0.0303862794533804   0.008825702601648382   0.023668446029381625   -0.004807163506379481   -0.03746669192522371   -0.04386156389991544   -0.0464203740897093   -0.055624263564229656   -0.04958416770153281   -0.01969269041388283   0.005612418982157401   6.582331998715113e-05   -0.025036994045331315   -0.04781851295370704   -0.06250847154177855   -0.07704471856978957   -0.08495243471691453   -0.07055659569208131   -0.03403867609349516   -0.0195178744403972   -0.025312850217779785   1.0   0.7413949146606761   0.14453965072964248   0.15003811617762208   -0.13338707707474723   -0.1296541790890912   -0.24069505494067742   -0.06770819110547698   -0.19852517285942717   -0.037237686835613404   -0.22140958393032775   -0.1788099911008574   -0.07575044854749739   -0.10801730760657735   -0.015095701834883221   -0.007968702542845207   -0.02084929104206372   0.05077487627065084   -0.04766570677651492   -0.11105630811127591   0.08927864198764032   -0.02980145934945529   0.12341496145314458   -0.014950237296756444   -0.16289979498629598   -0.07718388856708022   -0.050743606310534456   -0.1470699482765398   -0.07861431186484298   0.2957343102979791   0.039085860095326774   -0.0986786452406955   0.03731700581392403   -0.02934115453487314   0.1824597346013467   
T_sec   15.0   15.5   16.0   16.5   17.0   17.5   18.0   18.5   19.0   19.5   20.0   20.5   21.0   21.5   22.0   22.5   23.0   23.5   24.0   24.5   25.0   25.5   26.0   26.5   27.0   27.5   28.0   28.5   29.0   29.5   30.0   30.5   31.0   31.5   32.0   32.5   33.0   33.5   34.0   34.5   35.0   35.5   36.0   36.5   37.0   37.5   38.0   38.5   39.0   39.5   40.0   40.5   41.0   41.5   42.0   42.5   43.0   43.5   44.0   44.5   45.0   45.5   46.0   46.5   47.0   47.5   48.0   48.5   49.0   49.5   50.0   50.5   51.0   51.5   52.0   52.5   53.0   53.5   54.0   54.5   55.0   
U4   0.03265718809336801   0.04961675431359713   0.037479307026522454   0.010622088361135613   -0.013214895206812124   -0.0233156965356733   -0.010026384778851328   0.017224702785153537   0.036611112346527086   0.0415582898106825   0.031033878113247898   0.009942197593020249   -0.007658898118614705   -0.01702156431367048   -0.018707180488340854   -0.013548769390115269   -0.002921119493509567   0.002659973174896429   0.005048412992737642   0.006659312936998282   -0.0014949013903640222   -0.015677007027369072   -0.019116569810342147   -0.010181381208612362   -0.0015042926838940078   -0.0021834415389163624   -0.009147943803505401   -0.021262725117117364   -0.04009630992399204   -0.057057524961836324   -0.05769418986800094   -0.03570614326729767   -0.008119850984664962   0.002827939511941947   -0.013662999210874731   -0.04195981712925891   -0.06455829453255939   -0.07251442429204098   -0.06386552866178077   -0.04241191621649921   -0.017930079396930546   0.0015222185326449068   0.0016180840874482937   -0.01922476369728096   -0.04234163609051227   -0.07763235884011212   -0.07754174384253595   1.0   0.9827926241805821   0.07834643211548524   0.018148788978750698   -0.002643653442241529   -0.1855773864555489   -0.12576607986726931   -0.15790536039650735   -0.14421735511315184   -0.14887651556723472   -0.17662549449573434   -0.207025857153015   -0.2367014793374008   0.03482894228656057   -0.001606762697115364   -0.034424327462439425   -0.060725038536627675   -0.08451118439804031   -0.04495124726472857   -0.028646223351058563   0.006943989131107705   -0.07012077264708065   0.012218618866552625   0.09361043506012807   -0.05832391129868186   0.025624547649757155   -0.03285440345068998   -0.09322762018850876   -0.007730238966771665   0.025481534249882726   0.10440968614813813   0.08921923518332812   -0.007842907450344426   -0.08120892073581804   
T_sec   15.0   15.5   16.0   16.5   17.0   17.5   18.0   18.5   19.0   19.5   20.0   20.5   21.0   21.5   22.0   22.5   23.0   23.5   24.0   24.5   25.0   25.5   26.0   26.5   27.0   27.5   28.0   28.5   29.0   29.5   30.0   30.5   31.0   31.5   32.0   32.5   33.0   33.5   34.0   34.5   35.0   35.5   36.0   36.5   37.0   37.5   38.0   38.5   39.0   39.5   40.0   40.5   41.0   41.5   42.0   42.5   43.0   43.5   44.0   44.5   45.0   45.5   46.0   46.5   47.0   47.5   48.0   48.5   49.0   49.5   50.0   50.5   51.0   51.5   52.0   52.5   53.0   53.5   54.0   54.5   55.0   
U5   0.059041981739748416   0.05876602358181563   0.05390183808408124   0.03741358452782417   0.01702307919208376   0.006273977708894513   0.011029655714135226   0.017223542029960022   0.0036505285796558746   -0.02348887934100002   -0.04253033912711016   -0.038156285498610255   -0.006216900927911099   0.03847038464345919   0.06985558206264562   0.07355039070457949   0.04185197536804416   -0.021707336436879356   -0.09046985298578636   -0.1241491878390079   -0.10993413213311318   -0.057799880802398   0.004517849497330262   0.040060957560975545   0.04903631166231979   0.049510756543733186   0.041950304165968205   0.03881758943592204   0.06324153826365239   0.11501510551723858   0.1726930963302153   0.21131389716063492   0.20776572566713472   0.17358433781275018   0.1325102021175996   0.08951416309688305   0.04441167403063381   0.004708509879875045   -0.028980680876598008   -0.0600741994158357   -0.08168018090374135   -0.08410829679137535   -0.06314298496541113   -0.032679167160725636   0.0017129876100688576   0.04294179245148319   0.02178170392322475   0.31463619956340755   1.0   0.24142138189068477   -0.49362943893734473   -0.5003581484622044   -0.3112544511798503   -0.49725593937587653   -0.26373193699293584   -0.18613009270780081   -0.30556747797456213   -0.3961604496967693   -0.35987671315226794   -0.16632739893592124   0.012309711642779287   0.08236853257393371   0.25307304523313084   0.18433696366378166   0.14553197182068964   0.05477301595875999   -0.07954505846859412   -0.055394711170639384   0.020969613463200913   0.01042586105952862   0.15229185202597303   0.1939128041349465   0.012863921599441953   0.0756017200519152   -0.048866441686533285   -0.19186249555902415   -0.11749062302063441   -0.057462787035142585   -0.041529302138230015   0.06437254187696344   -0.011841401244900044   
T_sec   15.0   15.5   16.0   16.5   17.0   17.5   18.0   18.5   19.0   19.5   20.0   20.5   21.0   21.5   22.0   22.5   23.0   23.5   24.0   24.5   25.0   25.5   26.0   26.5   27.0   27.5   28.0   28.5   29.0   29.5   30.0   30.5   31.0   31.5   32.0   32.5   33.0   33.5   34.0   34.5   35.0   35.5   36.0   36.5   37.0   37.5   38.0   38.5   39.0   39.5   40.0   40.5   41.0   41.5   42.0   42.5   43.0   43.5   44.0   44.5   45.0   45.5   46.0   46.5   47.0   47.5   48.0   48.5   49.0   49.5   50.0   50.5   51.0   51.5   52.0   52.5   53.0   53.5   54.0   54.5   55.0   
U6   -0.019194759252649105   -0.017085355198391446   -0.009180693184713007   0.006652167990984919   0.02255804936118862   0.03325175759684986   0.024291973302451024   -0.0017721443409468107   -0.03042643434859487   -0.04713705831453582   -0.04222521460903318   -0.019950312214901993   0.006763986293813362   0.021476308858524272   0.02317514517528567   0.014153136977960477   -0.011455389534133753   -0.037277996593911525   -0.04884193321565653   -0.04555428062191413   -0.02988188547906085   -0.01131895258421102   0.0045890826348942105   0.013165181663529067   0.019596877687030178   0.026538590505404767   0.02848410045054362   0.015579582256767255   -0.00588011449799388   -0.02453238309791415   -0.0313448686913684   -0.015624144174872196   0.014174785737970937   0.0402557031051244   0.047803756443293544   0.031055841398422577   -0.006197020305868052   -0.04985701518349133   -0.08324174118409977   -0.09347873628501036   -0.08181880273583791   -0.05290960114439401   -0.020516869837807594   -0.007934549738367536   -0.025523766323863703   -0.06333019643564977   -0.09600528314980843   -0.14693892428982433   0.1366093132350426   1.0   0.4116275862579195   0.008561548637820342   0.04970477129966577   -0.18503591983009576   -0.10184888358877037   0.22012758346933944   -0.02181338360144848   -0.21831769445281268   -0.0759816740732646   -0.08508135522168267   -0.014730576766026281   0.0756066383159964   -0.037776370268426764   -0.11326833333487205   -0.03890322504812089   -0.059802846071336145   -0.06697115690012022   -0.0062524317563417255   -0.024261002010288506   -0.019056834011839704   -0.0919540482155531   0.0024140278671426207   -0.051074908434529435   -0.14339911645235273   -0.018950025139496347   0.024016630587322146   0.03719411400044612   0.10732583037351133   -0.03828472871254037   -0.07164731946254765   -0.05374105092737332   
T_sec   15.0   15.5   16.0   16.5   17.0   17.5   18.0   18.5   19.0   19.5   20.0   20.5   21.0   21.5   22.0   22.5   23.0   23.5   24.0   24.5   25.0   25.5   26.0   26.5   27.0   27.5   28.0   28.5   29.0   29.5   30.0   30.5   31.0   31.5   32.0   32.5   33.0   33.5   34.0   34.5   35.0   35.5   36.0   36.5   37.0   37.5   38.0   38.5   39.0   39.5   40.0   40.5   41.0   41.5   42.0   42.5   43.0   43.5   44.0   44.5   45.0   45.5   46.0   46.5   47.0   47.5   48.0   48.5   49.0   49.5   50.0   50.5   51.0   51.5   52.0   52.5   53.0   53.5   54.0   54.5   55.0   
U7   0.0031750325239341894   -0.0154179772185089   -0.026558511931663534   -0.021351486876911057   0.001141396640368555   0.02817876264124945   0.040948653711310366   0.03029777227465991   0.00816160224199092   -0.010352211762482024   -0.020220518322063414   -0.026047487979692557   -0.02657073565350534   -0.02097458667622595   -0.00805506367974709   0.013197614256438228   0.033029004610858635   0.03994357818113603   0.023814307121303908   -0.011347750189667659   -0.05306726820454925   -0.07112630289833662   -0.0468092853118007   0.010634573869382378   0.06110273939898649   0.07574344560538364   0.05509937372994237   0.008057246664452724   -0.03962477364998901   -0.05479093460115182   -0.036897686847752686   -0.007294768895458951   0.010769405977075307   0.007960828978523635   -0.008361786960359644   -0.03520592814115516   -0.06689789230736418   -0.08513778202760246   -0.07667055116770193   -0.05065513565857803   -0.029000492048179716   -0.02007848989051828   -0.019561316428192022   -0.029291254932555192   -0.045706775502646284   -0.061246783996626135   -0.06836159167046728   -0.09046077571233889   -0.05835705525205   0.8694794386590413   1.0   -0.3486522812350688   -0.3382116215733535   0.09631960769127461   0.036381223151593506   -0.06034855793696511   0.11865694211467137   -0.18180961998508152   0.01905640903311224   0.18930095300557517   -0.14097533937092108   -0.2600870641746356   0.10038724016330053   -0.08047471752677716   -0.1811840487782725   -0.1620447635803579   0.003589425670320382   0.07957167443139453   0.000787212347872564   -0.0329048701445805   0.01565292042890745   0.05016757662935073   -0.11810104433341703   0.018772129050736913   -0.05644632899253489   -0.05730245931990164   -0.011111439269891716   -0.11023673648313469   0.1329164958521876   0.10166195321175456   0.02305680584880296   
T_sec   15.0   15.5   16.0   16.5   17.0   17.5   18.0   18.5   19.0   19.5   20.0   20.5   21.0   21.5   22.0   22.5   23.0   23.5   24.0   24.5   25.0   25.5   26.0   26.5   27.0   27.5   28.0   28.5   29.0   29.5   30.0   30.5   31.0   31.5   32.0   32.5   33.0   33.5   34.0   34.5   35.0   35.5   36.0   36.5   37.0   37.5   38.0   38.5   39.0   39.5   40.0   40.5   41.0   41.5   42.0   42.5   43.0   43.5   44.0   44.5   45.0   45.5   46.0   46.5   47.0   47.5   48.0   48.5   49.0   49.5   50.0   50.5   51.0   51.5   52.0   52.5   53.0   53.5   54.0   54.5   55.0   
U8   -0.08459090151257667   -0.0321573633796023   0.01997348894276211   0.045457753226987224   0.03815579898835523   0.002999260876557219   -0.03332386480933871   -0.07184216065701418   -0.09884280590013157   -0.06014066970510271   0.016441975488801344   0.07994096972939456   0.09001577860743369   0.04361605189341794   -0.029528427239701817   -0.09108216765944237   -0.1107949358232495   -0.08316148109788737   -0.029988690133416707   0.021062769891071503   0.04353939864601617   0.035353408616404826   0.010804262497523984   -0.01734069384533092   -0.03982952910095251   -0.04678593691610524   -0.03536624305740119   -0.016435308743166465   0.010691645410259782   0.03526368085712429   0.044557221400855974   0.03559427715399666   0.022532965330866274   0.01466189752672267   0.01904055792609493   0.034596306889967315   0.04850245955905264   0.046718315277327144   0.035259960687116204   0.03631347330829201   0.03284956930785066   -0.013968612095421447   -0.062463829266376183   -0.09333478452293195   -0.11241834701316361   -0.12403126828779172   -0.12144155902424379   -0.09324953467274842   -0.07830888617747586   0.377010317357952   1.0   0.3128389163190287   -0.10956480252922335   -0.2770183402102089   -0.3881790517198575   -0.37179785340845123   -0.03288279334653679   -0.03597345564591851   -0.21908881011696507   -0.19681258142819108   -0.14239609522760774   -0.07187733321674179   -0.046752357517912096   -0.029830309729316995   0.13485851224214854   0.21274534130561845   0.18394378737559594   -0.06472018776937823   -0.20321641958407177   -0.03448273415921021   0.14609920812975713   0.049236700238703295   0.0938948169429737   0.16012171906811812   0.1112779486119602   0.08051815300399572   -0.06680265154670567   -0.275507751198554   -0.212694275491997   -0.007532911691538192   0.16817249430973238   
T_sec   15.0   15.5   16.0   16.5   17.0   17.5   18.0   18.5   19.0   19.5   20.0   20.5   21.0   21.5   22.0   22.5   23.0   23.5   24.0   24.5   25.0   25.5   26.0   26.5   27.0   27.5   28.0   28.5   29.0   29.5   30.0   30.5   31.0   31.5   32.0   32.5   33.0   33.5   34.0   34.5   35.0   35.5   36.0   36.5   37.0   37.5   38.0   38.5   39.0   39.5   40.0   40.5   41.0   41.5   42.0   42.5   43.0   43.5   44.0   44.5   45.0   45.5   46.0   46.5   47.0   47.5   48.0   48.5   49.0   49.5   50.0   50.5   51.0   51.5   52.0   52.5   53.0   53.5   54.0   54.5   55.0   
U9   -0.1255084551938609   -0.08573617143845984   -0.049066263626899934   -0.027312699846113297   -0.01027621579060948   0.006049224124627788   0.021484559302397954   0.046412005770583284   0.07833732362545608   0.11056838343872175   0.13625954562726636   0.14791799787294385   0.13579782592845185   0.1146974915781577   0.10148328649358464   0.09259531959935395   0.08570716282275669   0.08538408976697658   0.08427382663485658   0.07619142316232691   0.0506070538917621   0.0026380038486925146   -0.06036506333042535   -0.12530365548393171   -0.16644925026255247   -0.1756862413229582   -0.1733447253289714   -0.16537277968792524   -0.14532356730267948   -0.11704650177741589   -0.0953842202543802   -0.08157436211212395   -0.0687044518558456   -0.04252696930020099   0.006465899074827947   0.07021523574276675   0.13166697071450661   0.157872808526617   0.13506162146201267   0.09326485100956818   0.04754813938819775   0.012888602919456265   -0.007906489914935392   -0.028843995470860962   -0.0600626258943372   -0.08402671179052465   -0.08805507303050898   -0.07016144740406195   -0.08588056615241946   -0.0402465002761229   1.0   0.9827161233617329   0.18725939369510772   -0.4441498280742226   -0.5637772165505553   -0.4664315165129474   -0.5700951427709139   -0.2851831536102202   -0.14893272631635657   -0.2616854931548481   -0.11457336053890653   -0.012097960832922805   0.06747137244510734   0.1297259635207344   0.21281609870241083   -0.027533525106741324   -0.006949587453431922   0.0915911752292707   0.15694690891636418   0.2473714699118126   0.20467853297683303   0.2116628301481221   0.3024578344468199   0.23024638025852842   0.12656946751726159   0.2876815729360533   -0.112559889967153   -0.3500033128604366   -0.11509184274393126   0.0530496314940155   -0.062202784102549376   
T_sec   15.0   15.5   16.0   16.5   17.0   17.5   18.0   18.5   19.0   19.5   20.0   20.5   21.0   21.5   22.0   22.5   23.0   23.5   24.0   24.5   25.0   25.5   26.0   26.5   27.0   27.5   28.0   28.5   29.0   29.5   30.0   30.5   31.0   31.5   32.0   32.5   33.0   33.5   34.0   34.5   35.0   35.5   36.0   36.5   37.0   37.5   38.0   38.5   39.0   39.5   40.0   40.5   41.0   41.5   42.0   42.5   43.0   43.5   44.0   44.5   45.0   45.5   46.0   46.5   47.0   47.5   48.0   48.5   49.0   49.5   50.0   50.5   51.0   51.5   52.0   52.5   53.0   53.5   54.0   54.5   55.0   
U10   -0.008433186026413431   0.004747247415594062   0.01183184976969318   0.011629588277304348   0.004828751677278767   0.0064852438844094406   0.019901951011916913   0.03499540133626793   0.044433781005858645   0.03910302758165863   0.009556505763524322   -0.03980512628469374   -0.07242589811240112   -0.07103293236662231   -0.03896400874648076   0.010177693238263334   0.04731198636288118   0.05710661666238385   0.05160382130278369   0.03548874122309215   0.015969131450931474   -0.004414627552767911   -0.021067602907490192   -0.02305708009181934   -0.010476935879077151   0.005362738669405078   0.004963765867088121   -0.004426032214736293   -0.005578290712310626   -0.00014539710683557561   0.0016141703124757367   -0.005083011498035507   -0.019893264120709953   -0.03810448934217581   -0.049188315105410545   -0.046835274441280536   -0.03536924276556909   -0.03365484786167936   -0.0521363545041691   -0.08361793255329672   -0.11053392208869821   -0.12032527070594752   -0.10056057919249192   -0.05189877278808043   0.0033625525726588518   0.028789966739951194   0.01586373959286228   -0.021050980022935196   -0.08363362957505369   -0.18982702652731676   0.054091427008241655   1.0   0.6371745511131244   0.20963188977956554   -0.01878285127001698   0.023566033549551488   0.01133115154796068   -0.03983880979232911   0.06588980622282532   -0.17867847816823926   -0.1643324095786937   -0.06627920712787463   -0.13330526141597432   -0.19592565179146854   0.03141992434799063   0.015419789493458982   -0.09577798133183489   -0.056167643855679565   -0.09832242849992225   -0.14664386981734667   0.0646110512862025   0.10367167372959607   0.06351923819532436   -0.07469521082814698   -0.09025137670887154   -0.1925301541923796   -0.0597312308871858   -0.013453247362039318   -0.07643019950279714   -0.03308578649012911   0.00410639277833373   
T_sec   15.0   15.5   16.0   16.5   17.0   17.5   18.0   18.5   19.0   19.5   20.0   20.5   21.0   21.5   22.0   22.5   23.0   23.5   24.0   24.5   25.0   25.5   26.0   26.5   27.0   27.5   28.0   28.5   29.0   29.5   30.0   30.5   31.0   31.5   32.0   32.5   33.0   33.5   34.0   34.5   35.0   35.5   36.0   36.5   37.0   37.5   38.0   38.5   39.0   39.5   40.0   40.5   41.0   41.5   42.0   42.5   43.0   43.5   44.0   44.5   45.0   45.5   46.0   46.5   47.0   47.5   48.0   48.5   49.0   49.5   50.0   50.5   51.0   51.5   52.0   52.5   53.0   53.5   54.0   54.5   55.0   
U11   0.010985080726707619   0.01122006843762563   -0.0034839366868782613   -0.02995399672442848   -0.054163226864464245   -0.06210908563504365   -0.051604482135596506   -0.02652048679711587   0.004559327066829334   0.027458782792530983   0.03533197740426285   0.02752621147843858   0.005324986330767133   -0.018883137961554365   -0.029476261290450795   -0.01768706335795046   0.007938478711548461   0.03592008143110558   0.0587003309518207   0.0602103060076383   0.03598035106808149   0.006967545210178624   -0.009403618364840646   -0.009356938959659845   0.003097757673800867   0.020231577113862614   0.02867384353518986   0.019910925078824294   0.004289766622643917   -0.008877669126391693   -0.020785716491212535   -0.0340589968712648   -0.05112512850896698   -0.0622040542232691   -0.06573013811642506   -0.0648874125478888   -0.059386548874976644   -0.04667384170191363   -0.03074392349161476   -0.020200302514020153   -0.02279825004711702   -0.03316447372142517   -0.04363067082262751   -0.04544165866292909   -0.034995998488106354   -0.01982399602397729   -0.008828719831670365   -0.007095609037788163   -0.013949231136280394   -0.03483441433728104   -0.08673725525559423   0.4870517528140489   1.0   0.23847620819002854   -0.16965658638241607   0.06622477196533558   0.27229368203462123   -0.32296101564052543   -0.2093324953416668   -0.0774226133460989   -0.10696907340497477   -0.1599564157874393   -0.18316724603824594   -0.0731771615744342   -0.11323804819694086   -0.08015377155510095   0.04453913448519718   0.11449997015739657   -0.0018194706126171845   -0.09707152136009661   -0.05317543240131972   0.023891093993746896   -0.011987133884699012   -0.09790039919306999   -0.08419125889487813   -0.010090775530510774   0.02480194802994621   0.01917766026605887   0.022497459636729403   0.07466640852458126   -0.03304978255571757   
T_sec   15.0   15.5   16.0   16.5   17.0   17.5   18.0   18.5   19.0   19.5   20.0   20.5   21.0   21.5   22.0   22.5   23.0   23.5   24.0   24.5   25.0   25.5   26.0   26.5   27.0   27.5   28.0   28.5   29.0   29.5   30.0   30.5   31.0   31.5   32.0   32.5   33.0   33.5   34.0   34.5   35.0   35.5   36.0   36.5   37.0   37.5   38.0   38.5   39.0   39.5   40.0   40.5   41.0   41.5   42.0   42.5   43.0   43.5   44.0   44.5   45.0   45.5   46.0   46.5   47.0   47.5   48.0   48.5   49.0   49.5   50.0   50.5   51.0   51.5   52.0   52.5   53.0   53.5   54.0   54.5   55.0   
U12   -0.047598145481052026   -0.04858252807293368   -0.017630529825385537   0.022919490055575507   0.044016752778663806   0.033470632206099075   0.0041283889257551255   -0.018172188465181833   -0.025170582705141532   -0.016006774340373568   -0.0008571612118182748   0.0057392733009699   0.002830362808887315   -0.0022448363344534797   -0.005766125044055961   -0.012238509052141796   -0.022057648283246845   -0.0311040682185551   -0.028101864476380745   -0.006079445483608512   0.026898530751769775   0.0502287459084161   0.04776107357796259   0.023910633880214156   -0.005522143449428743   -0.020046006538125972   -0.01675379600747915   -0.0057840866982214354   0.006923298969912377   0.013230134021439454   0.009089335201679491   0.00023242285449424547   -0.00842923893841378   -0.01828949976867292   -0.02667157854032202   -0.03121908543254637   -0.028625121747542805   -0.022607151041946816   -0.026925600715404577   -0.04355863274504955   -0.06333898767097487   -0.07059163371000893   -0.05947790732957628   -0.04555533198087679   -0.038865256769790094   -0.037129759321017114   -0.036778467667198764   -0.03100963787067384   -0.024827088791524513   -0.03164212724380963   -0.06545341827042149   0.4615218090697897   1.0   0.27759132365482136   -0.10806870099132272   -0.12961824947047776   0.1296961831197536   -0.13135566822262285   -0.16331348713458435   -0.15562324265108834   -0.10952959845808291   0.07958044028679184   -0.02631376032298026   -0.14511221689762996   -0.1835435963466737   -0.10166992053064533   0.04206821197408802   0.04033877473159166   -0.09132849390330522   -0.058380053546072376   -0.06230557239187661   -0.12359939135035355   -0.0635461691574963   -0.014123150894111683   0.023784751148878413   0.005224829217749066   -0.06252234846486722   0.058756986944671866   -0.027967979555133735   -0.09050300586351433   0.09377757754123395   
T_sec   15.0   15.5   16.0   16.5   17.0   17.5   18.0   18.5   19.0   19.5   20.0   20.5   21.0   21.5   22.0   22.5   23.0   23.5   24.0   24.5   25.0   25.5   26.0   26.5   27.0   27.5   28.0   28.5   29.0   29.5   30.0   30.5   31.0   31.5   32.0   32.5   33.0   33.5   34.0   34.5   35.0   35.5   36.0   36.5   37.0   37.5   38.0   38.5   39.0   39.5   40.0   40.5   41.0   41.5   42.0   42.5   43.0   43.5   44.0   44.5   45.0   45.5   46.0   46.5   47.0   47.5   48.0   48.5   49.0   49.5   50.0   50.5   51.0   51.5   52.0   52.5   53.0   53.5   54.0   54.5   55.0   
U13   -0.026227001398056133   -0.03902836706639419   -0.03917832713837549   -0.003619520597161772   0.05994870230233658   0.10089939389495994   0.08241351260324004   0.016596432656861764   -0.04840038096356073   -0.08136425854633977   -0.07702651711742535   -0.045479485662380074   0.006409231425021494   0.058010418691571385   0.07438387899671496   0.04694633297320529   -0.008647928796312614   -0.05254730958500957   -0.061845970748674255   -0.029997241805534338   0.015837600269664902   0.05274180743838998   0.057406135037426205   0.017140706983809668   -0.029490714794482505   -0.03713677230123961   -0.026933611706071448   -0.02707038669887143   -0.04553941884265175   -0.06152725640725466   -0.05125550851340954   -0.02036156600018616   0.008184154741490505   0.027755797641644958   0.01610292477463569   -0.025714151110440113   -0.06993869112917937   -0.09427529146853604   -0.08452084696486267   -0.04275469571251732   0.013885354615897239   0.05177345278703521   0.06771603077024572   0.0574935579134669   0.006085456983257441   -0.06679945084554693   -0.12343722762043963   -0.1333488455856155   -0.09717233989972017   -0.03185675347612503   -0.0048494051172814825   0.1350181843982246   1.0   0.716820726842379   0.07558188565228512   0.2727652681870363   -0.19831694381436235   -0.4119018151805357   -0.18736154023401036   -0.15565773573518513   -0.19796457503546064   -0.1276676899697036   -0.027065903421730493   -0.117105913142047   -0.06517477791300647   -0.06321475307519589   -0.15861512799713412   -0.08544563611144985   0.11953365595323578   0.12080837491678026   -0.033014467725296766   -0.011189388042785393   -0.009812591045521782   -0.13539097286490442   -0.12043551266077392   -0.05973015323906764   0.053432506493874196   0.08880403228001438   0.08906189480248447   0.053387995321458215   -0.01692570880587161   
T_sec   15.0   15.5   16.0   16.5   17.0   17.5   18.0   18.5   19.0   19.5   20.0   20.5   21.0   21.5   22.0   22.5   23.0   23.5   24.0   24.5   25.0   25.5   26.0   26.5   27.0   27.5   28.0   28.5   29.0   29.5   30.0   30.5   31.0   31.5   32.0   32.5   33.0   33.5   34.0   34.5   35.0   35.5   36.0   36.5   37.0   37.5   38.0   38.5   39.0   39.5   40.0   40.5   41.0   41.5   42.0   42.5   43.0   43.5   44.0   44.5   45.0   45.5   46.0   46.5   47.0   47.5   48.0   48.5   49.0   49.5   50.0   50.5   51.0   51.5   52.0   52.5   53.0   53.5   54.0   54.5   55.0   
U14   0.012222278210908419   -0.0002249470445051912   -0.01651946326707895   -0.024859906574602637   -0.02759391987771748   -0.025702427366749544   -0.02019290571635598   -0.006739539498017412   0.013563804471296206   0.017706178710747134   2.7679576932615063e-06   -0.015983169540220547   -0.008881883069921432   0.010207037440384278   0.02271662863593327   0.016300830829337552   0.0017921965468868488   0.0005116988517880005   0.02242977503785512   0.05170987519173206   0.07563145896428615   0.08006003218406299   0.04899582513615783   0.0025717709874332802   -0.031288457691244234   -0.04298869347134533   -0.028266476562377397   -0.002209261382673622   0.01056156880997848   0.002527388803936987   -0.024100875774852752   -0.06895301507068334   -0.10355012164564882   -0.11329739366346775   -0.10924536287924917   -0.10488403758959695   -0.09346512802007734   -0.07329354214235968   -0.04421380661019215   -0.00928123896263202   0.022871108678166704   0.037154640716814125   0.02723401433381309   0.005337649776092755   -0.005076743679220437   0.0044275597814049505   0.003979765044652335   -0.024333183192539635   -0.06553771039737871   -0.0819309215458357   -0.07441514657579981   -0.029371270062592852   0.9896577631418663   1.0   0.3777009991259923   0.43245179375419684   -0.052162751833961005   0.1790018236557641   -0.20416240513244605   -0.2139997911928577   -0.16278005201996937   -0.36783274576650865   -0.27954158215617586   -0.2102263630438847   -0.11782815641826754   -0.19143353086609852   -0.05919350643720578   -0.024185773519641778   0.07185635083667638   -0.0910294607127412   -0.11875302978571675   -0.030558038440000226   -0.19707862879752802   -0.16610518184575707   -0.16984816904801267   -0.17325915639426914   -0.025501210890531346   0.037737501167181386   0.0873649248478187   0.033596917481544204   -0.008460392869308659   
T_sec   15.0   15.5   16.0   16.5   17.0   17.5   18.0   18.5   19.0   19.5   20.0   20.5   21.0   21.5   22.0   22.5   23.0   23.5   24.0   24.5   25.0   25.5   26.0   26.5   27.0   27.5   28.0   28.5   29.0   29.5   30.0   30.5   31.0   31.5   32.0   32.5   33.0   33.5   34.0   34.5   35.0   35.5   36.0   36.5   37.0   37.5   38.0   38.5   39.0   39.5   40.0   40.5   41.0   41.5   42.0   42.5   43.0   43.5   44.0   44.5   45.0   45.5   46.0   46.5   47.0   47.5   48.0   48.5   49.0   49.5   50.0   50.5   51.0   51.5   52.0   52.5   53.0   53.5   54.0   54.5   55.0   
U15   0.0033576816961755494   0.044833626589491485   0.07352817402263224   0.07020096154036656   0.029790655744371543   -0.027933921783204644   -0.07003272409200259   -0.07344128275388236   -0.04180654150884677   0.01391109147710584   0.06648637753880375   0.09331998367429281   0.09043466945170278   0.07001205553423541   0.038107633841642743   -0.003076265545302549   -0.03864615631684935   -0.055463255669959625   -0.04558217616633   -0.0145651370173998   0.008047079451448757   0.018102273322509296   0.01643631052582572   0.0009649253809731625   -0.028295862438299513   -0.05513089932407636   -0.06709464293243411   -0.05697926414098616   -0.03083034271335   -5.1374033668697075e-05   0.014534709432354622   0.0033218976898397013   -0.02497542802155866   -0.05414582315708937   -0.06332120947168578   -0.04128364425482231   -0.0003349521605936689   0.03295406451462588   0.0375789804924968   0.014982435803509568   -0.0142179019676307   -0.029241220826189174   -0.025273252929743473   -0.01913827435693719   -0.016287951764598022   -0.0111404743774016   -0.014445824082926264   -0.03911573895556844   -0.06925157400519956   -0.08480035015284809   -0.10181608425047438   -0.09628635405141793   0.7532891642199928   1.0   0.38292289356916526   0.2601023590770702   -0.31699347617362317   -0.227598531595644   -0.40166323796009973   -0.13181028332346117   -0.15529764032967694   -0.24902451544267934   -0.14262560088817455   0.04575468359403075   -0.017061813636697162   -0.08085584668719946   -0.1670969105907333   -0.2322185606410964   0.09881546184978812   0.15502890677327377   0.006377187702442133   -0.018865296714483688   0.018159140636421083   0.0785363895848177   -0.02001104262162825   0.020206369791862116   0.06179244000988738   -0.11760353349078868   0.03355668737694941   0.04560779677221154   0.03991012824257194   
T_sec   15.0   15.5   16.0   16.5   17.0   17.5   18.0   18.5   19.0   19.5   20.0   20.5   21.0   21.5   22.0   22.5   23.0   23.5   24.0   24.5   25.0   25.5   26.0   26.5   27.0   27.5   28.0   28.5   29.0   29.5   30.0   30.5   31.0   31.5   32.0   32.5   33.0   33.5   34.0   34.5   35.0   35.5   36.0   36.5   37.0   37.5   38.0   38.5   39.0   39.5   40.0   40.5   41.0   41.5   42.0   42.5   43.0   43.5   44.0   44.5   45.0   45.5   46.0   46.5   47.0   47.5   48.0   48.5   49.0   49.5   50.0   50.5   51.0   51.5   52.0   52.5   53.0   53.5   54.0   54.5   55.0   
U16   -0.001027792103692336   -0.006048181735442441   0.007105895299439092   0.026300639207399234   0.04326780325425766   0.05069345469737676   0.03676375471599247   0.010757830896795094   -0.012323401336370597   -0.023512902478599957   -0.043984194403950315   -0.06477974854911094   -0.06083140148600334   -0.019332994212352326   0.030491093341642676   0.07871323860516725   0.11916049172434802   0.12294688473452735   0.07894927590912064   0.011121445514170145   -0.05766270062773151   -0.10676071931859132   -0.11336872727789209   -0.07018765441530787   -0.003854846583347255   0.04254101326272097   0.042416435381523655   0.005383870794394036   -0.034849569921942415   -0.046565384521581266   -0.04014811795911579   -0.006209119652649193   0.04766200359776738   0.0834435178996192   0.06939805078812605   -0.008248142895478984   -0.10036160534450005   -0.15940330698685048   -0.16311762722523127   -0.11583554075396743   -0.0408684558855218   0.02064077626374575   0.04378449285118197   0.025942592932197847   -0.029229975001024852   -0.1058419351667608   -0.1573728276846507   -0.15965885136965685   -0.11557714427505983   -0.06940326069357727   -0.037570415637671745   0.41995892071239094   0.8536591339577917   1.0   0.367503725744119   -0.24182473704702845   -0.19348188362109614   -0.06408251794398621   -0.07600396913982824   -0.07514458407608261   -0.07871425553549705   -0.15859914204134082   -0.11367360794870024   -0.283893656961118   -0.1614780551419042   -0.11617577536724251   -0.1254565834921935   -0.01918818790200193   0.010607000685685692   -0.009181745517422013   -0.05406576647961338   -0.03320343235067463   -0.030286338841833804   -0.011750111287456578   0.05074657973796376   0.1333522823330962   0.08018936043143438   -0.028560922621221813   -0.057066759620635864   -0.03501335021125816   0.019825081857203494   
T_sec   15.0   15.5   16.0   16.5   17.0   17.5   18.0   18.5   19.0   19.5   20.0   20.5   21.0   21.5   22.0   22.5   23.0   23.5   24.0   24.5   25.0   25.5   26.0   26.5   27.0   27.5   28.0   28.5   29.0   29.5   30.0   30.5   31.0   31.5   32.0   32.5   33.0   33.5   34.0   34.5   35.0   35.5   36.0   36.5   37.0   37.5   38.0   38.5   39.0   39.5   40.0   40.5   41.0   41.5   42.0   42.5   43.0   43.5   44.0   44.5   45.0   45.5   46.0   46.5   47.0   47.5   48.0   48.5   49.0   49.5   50.0   50.5   51.0   51.5   52.0   52.5   53.0   53.5   54.0   54.5   55.0   
U17   -0.057163544852436604   -0.07156262789391406   -0.08342523852915147   -0.09235567555494628   -0.1031005668262852   -0.11364457995542185   -0.11746546040249468   -0.10752777657471027   -0.08966754496620236   -0.06665596400316563   -0.04232708241283224   -0.02335700120811154   -0.009936824937477034   0.00083898420035031   0.008399033802986363   0.015953981250910472   0.03013025091187326   0.05176890503463063   0.07795486004327103   0.09568631232381339   0.09689030261644382   0.08674473807810718   0.07594625214748511   0.0706804978069457   0.06868257468246429   0.06886170649065307   0.07247457672785612   0.07623039474352619   0.07635555688653571   0.07060847580552874   0.05711127552608256   0.037843955621756666   0.01665534962515935   -0.000896349249356319   -0.01660505712136597   -0.03313081318194586   -0.05269000753376813   -0.07105231702575089   -0.08220441345531271   -0.08764204239513976   -0.09374375624333876   -0.10531645100394166   -0.11901335075118677   -0.1269318999738651   -0.12145687132706305   -0.1051693702600144   -0.08602649914470124   -0.07125406588094534   -0.0641355116283944   -0.061392349024301636   -0.05084274944799038   -0.038420269254743525   -0.01303997062506127   0.4698838009137888   1.0   -0.2174175481207772   -0.29961040585648946   -0.040576402113026204   -0.06677364684193687   -0.060551028581270865   0.1232183426715126   0.1588937291889625   0.061746293732491624   0.0023816210353210035   0.022446718105207354   0.1104571932662907   0.10620410667324653   0.14380473370230512   0.11743457667746686   0.04402385008557418   0.11038049449633494   0.09814055972513634   -0.012055508229500677   -0.03325767763346949   -0.055543492347853426   -0.04542517560948076   -0.1101999271402193   -0.16790616019803672   -0.05632126456199412   0.011514336346731128   -0.12071881325206407   
T_sec   15.0   15.5   16.0   16.5   17.0   17.5   18.0   18.5   19.0   19.5   20.0   20.5   21.0   21.5   22.0   22.5   23.0   23.5   24.0   24.5   25.0   25.5   26.0   26.5   27.0   27.5   28.0   28.5   29.0   29.5   30.0   30.5   31.0   31.5   32.0   32.5   33.0   33.5   34.0   34.5   35.0   35.5   36.0   36.5   37.0   37.5   38.0   38.5   39.0   39.5   40.0   40.5   41.0   41.5   42.0   42.5   43.0   43.5   44.0   44.5   45.0   45.5   46.0   46.5   47.0   47.5   48.0   48.5   49.0   49.5   50.0   50.5   51.0   51.5   52.0   52.5   53.0   53.5   54.0   54.5   55.0   
U18   0   0   0   0   0   0   0   0   0   0   0   0   0   0   0   0   0   0   0   0   0   0   0   0   0   0   0   0   0   0   0   0   0   0   0   0   0   0   0   0   0   0   0   0   0   0   0   0   0   0   0   0   0   0   0   0   0   0   0   0   0   0   0   0   0   0   0   0   0   0   0   0   0   0   0   0   0   0   0   0   0   
T_sec   15.0   15.5   16.0   16.5   17.0   17.5   18.0   18.5   19.0   19.5   20.0   20.5   21.0   21.5   22.0   22.5   23.0   23.5   24.0   24.5   25.0   25.5   26.0   26.5   27.0   27.5   28.0   28.5   29.0   29.5   30.0   30.5   31.0   31.5   32.0   32.5   33.0   33.5   34.0   34.5   35.0   35.5   36.0   36.5   37.0   37.5   38.0   38.5   39.0   39.5   40.0   40.5   41.0   41.5   42.0   42.5   43.0   43.5   44.0   44.5   45.0   45.5   46.0   46.5   47.0   47.5   48.0   48.5   49.0   49.5   50.0   50.5   51.0   51.5   52.0   52.5   53.0   53.5   54.0   54.5   55.0   
U19   -0.0028246982562134346   -0.0019033359507237414   0.004450638885266185   0.009466308545892844   0.01215825826057863   0.008464370572997539   -0.00420768440268833   -0.01306152128849652   -0.006086645770293653   0.012407721070103284   0.03161271409719161   0.04330777797566267   0.040876987673742836   0.023588785316406468   -0.003210750320739671   -0.02911126867707029   -0.04237571338896511   -0.0337515837709961   -0.012311249979406311   0.0012928441730105976   -0.002800726960310597   -0.019725057537947472   -0.045164120230028526   -0.06935803508273619   -0.07808058243303308   -0.06466614750115769   -0.032123048697423405   -0.002376029422002612   0.009184143958868627   0.002265930827259938   -0.01166979844721954   -0.019749014270094394   -0.011402409917743628   0.003512583124061106   0.009919916495930266   0.005382896283314255   -0.00130123229545301   -0.0006573641837268659   0.006512779304074612   0.011852916722903064   0.018135316202700154   0.02705184151679213   0.03886232873731392   0.045422179651963726   0.03694011447717189   0.019509738676147685   0.00526769258268965   0.0028845976398682834   0.014525544238984922   0.03478507104221718   0.04911891448161317   0.014790560712159001   0.16074710224328428   1.0   0.7073601485788408   -0.40723567281561024   -0.34397107773911517   -0.14246687388066548   -0.1808873814064492   -0.0553045955440065   -9.812586533158364e-05   -0.16448124297666583   -0.15526879483150158   -0.17250945663861572   -0.19168921950978585   -0.21111424910028148   -0.040565824895449194   0.014055187586224583   0.06964676056709579   0.03755055540951118   0.03362699996588693   -0.017926015704222257   -0.04161914887665066   -0.06586210542288919   -0.08950898669757022   0.009312832494222437   0.043322005431630575   -0.01710193201864961   -0.020476945728119308   -0.014011177020583179   -0.01642118553177638   
T_sec   15.0   15.5   16.0   16.5   17.0   17.5   18.0   18.5   19.0   19.5   20.0   20.5   21.0   21.5   22.0   22.5   23.0   23.5   24.0   24.5   25.0   25.5   26.0   26.5   27.0   27.5   28.0   28.5   29.0   29.5   30.0   30.5   31.0   31.5   32.0   32.5   33.0   33.5   34.0   34.5   35.0   35.5   36.0   36.5   37.0   37.5   38.0   38.5   39.0   39.5   40.0   40.5   41.0   41.5   42.0   42.5   43.0   43.5   44.0   44.5   45.0   45.5   46.0   46.5   47.0   47.5   48.0   48.5   49.0   49.5   50.0   50.5   51.0   51.5   52.0   52.5   53.0   53.5   54.0   54.5   55.0   
U20   -0.05916109900239234   -0.09005812226543923   -0.08936934701456194   -0.061740942565781755   -0.02052762940489457   0.01579038718144692   0.040575400087104196   0.05009166366207642   0.02738064417157807   -0.01513564684894676   -0.044347396510320346   -0.037867007401941155   -0.0023786589290549767   0.03103410640748838   0.03603950573051375   0.005416773746144488   -0.03686281798360965   -0.06867806076966997   -0.07591948053155254   -0.0514429507204312   -0.00030094736067019   0.06002345856714965   0.08698778412830785   0.06709692143104735   0.02651832020830983   -0.008489475484061745   -0.02806102241987958   -0.018033515496706835   0.011686814419885103   0.039605549500070836   0.0500386309522584   0.03867339721312264   0.00703861530917563   -0.038340195086428525   -0.0852105327132253   -0.10009477962034902   -0.06964720895094467   -0.008024566869523492   0.06051676779738386   0.10200973679159679   0.0897598153282794   0.03009323488683936   -0.04227010694065596   -0.09221166614746361   -0.08635590162137631   -0.03098972473500331   0.041832650973987216   0.07516352100930063   0.0480308929640155   -0.010659363311592047   -0.09261921362147134   0.1856515220249902   1.0   0.6797654108546972   0.17463953473166396   -0.6918427413696243   -0.6854477679322482   -0.19704508389695613   -0.36590865044092147   -0.4456272223740311   -0.13719548379418986   -0.1210956886523956   -0.12085224172376173   -0.125267700017171   -0.06740616060602789   0.030274470103345375   0.15193738086520256   0.18652265632884613   0.23053004619797668   0.12118554553022899   0.03210781764576167   -0.0685329596977407   -0.011757041925471043   0.0725985644758325   0.17993246017396702   0.15258249566399612   0.13162811520781983   0.07903780716178002   -0.1756708733295694   0.034104950403941715   0.038174699618137305   
T_sec   15.0   15.5   16.0   16.5   17.0   17.5   18.0   18.5   19.0   19.5   20.0   20.5   21.0   21.5   22.0   22.5   23.0   23.5   24.0   24.5   25.0   25.5   26.0   26.5   27.0   27.5   28.0   28.5   29.0   29.5   30.0   30.5   31.0   31.5   32.0   32.5   33.0   33.5   34.0   34.5   35.0   35.5   36.0   36.5   37.0   37.5   38.0   38.5   39.0   39.5   40.0   40.5   41.0   41.5   42.0   42.5   43.0   43.5   44.0   44.5   45.0   45.5   46.0   46.5   47.0   47.5   48.0   48.5   49.0   49.5   50.0   50.5   51.0   51.5   52.0   52.5   53.0   53.5   54.0   54.5   55.0   
U21   -0.06745516598658562   -0.1085151622859412   -0.12102718001868708   -0.10533862732636377   -0.0717524600182869   -0.038828478976379144   -0.030179324077528713   -0.043306831368854284   -0.052241243629775024   -0.04315110059332176   -0.016180500511097328   0.022544224105325913   0.06452211117624643   0.09069373660969239   0.08937462201518778   0.06787129543319129   0.03823519557111246   0.02367499068400669   0.03937226120298323   0.07770484089390176   0.10877511240575032   0.10691734122347965   0.07251303354406867   0.03525112935827394   0.02661267553962253   0.052310198022462354   0.0960961843670353   0.12716867388437647   0.10732165019588026   0.042721033696179356   -0.03508893621501346   -0.10404352828870306   -0.1438602298892385   -0.140675950279865   -0.09882593113692859   -0.047905411389489956   -0.013034599359465163   -0.0019640266419197064   -0.012044188387867574   -0.030497913589882065   -0.05459051621814193   -0.0812396587761114   -0.09864383536805979   -0.09009444869965563   -0.06629197352657148   -0.04130375354847704   -0.024841259266530902   -0.028541004748290758   -0.055238655879688105   -0.11208437349367961   -0.12180420796764818   0.6642283757778282   0.47510236629640673   1.0   -0.31963403346850744   -0.3811520257867098   -0.02709834993435758   -0.1979734969360894   -0.26569756637678954   -0.271556625969497   -0.08119887325654582   -0.021202827500580546   -0.00014443040677398794   -0.038261736383682105   -0.024219588003257714   -0.09539406147702283   -0.1699208434792239   -0.13937580617697926   -0.11872218152499875   -0.21678344607646383   -0.23648610079704896   -0.20601592286607526   -0.22781753140048105   -0.20004453245647097   -0.20182653426783978   -0.16618832112366153   -0.08061303193653803   -0.05436888576660874   -0.1572930164325844   -0.022036626586883316   0.04271037225213823   
T_sec   15.0   15.5   16.0   16.5   17.0   17.5   18.0   18.5   19.0   19.5   20.0   20.5   21.0   21.5   22.0   22.5   23.0   23.5   24.0   24.5   25.0   25.5   26.0   26.5   27.0   27.5   28.0   28.5   29.0   29.5   30.0   30.5   31.0   31.5   32.0   32.5   33.0   33.5   34.0   34.5   35.0   35.5   36.0   36.5   37.0   37.5   38.0   38.5   39.0   39.5   40.0   40.5   41.0   41.5   42.0   42.5   43.0   43.5   44.0   44.5   45.0   45.5   46.0   46.5   47.0   47.5   48.0   48.5   49.0   49.5   50.0   50.5   51.0   51.5   52.0   52.5   53.0   53.5   54.0   54.5   55.0   
U22   0   0   0   0   0   0   0   0   0   0   0   0   0   0   0   0   0   0   0   0   0   0   0   0   0   0   0   0   0   0   0   0   0   0   0   0   0   0   0   0   0   0   0   0   0   0   0   0   0   0   0   0   0   0   0   0   0   0   0   0   0   0   0   0   0   0   0   0   0   0   0   0   0   0   0   0   0   0   0   0   0   
T_sec   15.0   15.5   16.0   16.5   17.0   17.5   18.0   18.5   19.0   19.5   20.0   20.5   21.0   21.5   22.0   22.5   23.0   23.5   24.0   24.5   25.0   25.5   26.0   26.5   27.0   27.5   28.0   28.5   29.0   29.5   30.0   30.5   31.0   31.5   32.0   32.5   33.0   33.5   34.0   34.5   35.0   35.5   36.0   36.5   37.0   37.5   38.0   38.5   39.0   39.5   40.0   40.5   41.0   41.5   42.0   42.5   43.0   43.5   44.0   44.5   45.0   45.5   46.0   46.5   47.0   47.5   48.0   48.5   49.0   49.5   50.0   50.5   51.0   51.5   52.0   52.5   53.0   53.5   54.0   54.5   55.0   
U23   0   0   0   0   0   0   0   0   0   0   0   0   0   0   0   0   0   0   0   0   0   0   0   0   0   0   0   0   0   0   0   0   0   0   0   0   0   0   0   0   0   0   0   0   0   0   0   0   0   0   0   0   0   0   0   0   0   0   0   0   0   0   0   0   0   0   0   0   0   0   0   0   0   0   0   0   0   0   0   0   0   
T_sec   15.0   15.5   16.0   16.5   17.0   17.5   18.0   18.5   19.0   19.5   20.0   20.5   21.0   21.5   22.0   22.5   23.0   23.5   24.0   24.5   25.0   25.5   26.0   26.5   27.0   27.5   28.0   28.5   29.0   29.5   30.0   30.5   31.0   31.5   32.0   32.5   33.0   33.5   34.0   34.5   35.0   35.5   36.0   36.5   37.0   37.5   38.0   38.5   39.0   39.5   40.0   40.5   41.0   41.5   42.0   42.5   43.0   43.5   44.0   44.5   45.0   45.5   46.0   46.5   47.0   47.5   48.0   48.5   49.0   49.5   50.0   50.5   51.0   51.5   52.0   52.5   53.0   53.5   54.0   54.5   55.0   
U24   0.011701981822571582   0.025981370223768483   0.056471041313752135   0.11835751044139191   0.17282018978503297   0.16390171176798346   0.1088750128743275   0.015807232054140957   -0.06595623745633362   -0.08655559350549304   -0.04958296398946902   0.019599450738793645   0.0791242144478043   0.08096587363220709   0.029293861509917415   -0.015172368757886318   -0.0416086258080871   -0.04764394478886212   0.0015207745496466738   0.05748097628630623   0.08021062549116408   0.06183982424698541   0.008398190560025805   -0.05574227709995796   -0.10901652139548097   -0.11919903699220918   -0.0933450905072804   -0.06843585193842747   -0.060544660797079285   -0.07053862755122457   -0.09005525466624383   -0.0734484963515695   -0.015608415628966865   0.03280415980539045   0.028238618233983222   -0.029195644072608936   -0.09018183349296657   -0.11891862607320434   -0.11589529029502375   -0.0897037808821298   -0.05359466881206025   -0.007576830705715491   0.0255039165881383   0.0032769440692445367   -0.0689544096995645   -0.16364868314086786   -0.27544730294199327   0.997924555805183   0.4958028439020127   0.10753681188361683   0.6655649092077663   0.45761670839956237   1.0   0.8545535727562614   -0.43858305337631787   -0.478962180233764   -0.4595285991152454   -0.5336819271917913   -0.619396175777142   -0.4321672961473557   -0.16275508470872285   -0.25365605596490093   -0.34014010699330305   -0.13406796851771308   0.0503668258690728   -0.10231521202283898   -0.04769176997093274   -0.08017825376054855   -0.11824298236006377   0.24071888630899446   -0.16929956564409207   0.27042496747998274   0.2589971346969031   -0.1312422026420326   0.16565251913843246   0.1512252675821126   -0.1984674430825339   -0.004986591204893544   0.15664744785553486   0.09235892028966207   0.16701227780139663   
T_sec   15.0   15.5   16.0   16.5   17.0   17.5   18.0   18.5   19.0   19.5   20.0   20.5   21.0   21.5   22.0   22.5   23.0   23.5   24.0   24.5   25.0   25.5   26.0   26.5   27.0   27.5   28.0   28.5   29.0   29.5   30.0   30.5   31.0   31.5   32.0   32.5   33.0   33.5   34.0   34.5   35.0   35.5   36.0   36.5   37.0   37.5   38.0   38.5   39.0   39.5   40.0   40.5   41.0   41.5   42.0   42.5   43.0   43.5   44.0   44.5   45.0   45.5   46.0   46.5   47.0   47.5   48.0   48.5   49.0   49.5   50.0   50.5   51.0   51.5   52.0   52.5   53.0   53.5   54.0   54.5   55.0   
U25   0.07489719652679143   -0.11063543624334583   -0.24565569924608746   -0.27020422069835665   -0.17535104221174136   -0.018048434302429927   0.14108457048847894   0.24028038260455625   0.23915273733567186   0.13977278036789068   -0.01256974824588837   -0.14494570311961316   -0.2114439397474781   -0.18611369980574394   -0.0803929247848138   0.032993212123028616   0.10061657330947779   0.09676362568523636   0.03914113307987492   -0.0051642567469679015   -0.006263017921278773   0.030507903956166683   0.08176736366037934   0.11808268592022979   0.09431278013302638   0.030302733469461534   -0.05176063953232191   -0.1110475252567599   -0.11349461956604354   -0.054809358640871574   0.0324162484053701   0.06761324349329133   0.015314508612806118   -0.09805136948376383   -0.18698672335353342   -0.194977020874134   -0.13468855526192378   -0.06752849067850036   -0.0459024362328376   -0.07887497394983979   -0.12076024251858156   -0.1502753793879399   -0.1705557273481291   -0.20624715410530128   -0.2701653427012316   0.14733395133948377   1.0   0.7228250701348772   0.49601809736306174   0.2589419480410578   0.38880160539039643   0.5202372962157741   0.7166592486603387   0.20476499435075735   -0.5641176695631868   -0.6506706706915829   -0.7456500422123559   -0.7500142636241719   -0.21842186074782902   -0.1917377830407947   0.04864785806939038   0.005189945981620417   0.006702748494387797   0.009664886012238893   0.06449819956443167   -0.12236253815918341   -0.2479975671588944   -0.2622680620787291   -0.23637695922765425   0.04780951575548935   0.11803743757455139   0.15875613792733198   0.2526277725573302   0.2407648054322176   0.10247097687937083   0.026538013315232315   0.0729128242689185   0.054960936626056126   -0.08564895155645323   0.0016073871341867913   0.20458711386728465   
T_sec   15.0   15.5   16.0   16.5   17.0   17.5   18.0   18.5   19.0   19.5   20.0   20.5   21.0   21.5   22.0   22.5   23.0   23.5   24.0   24.5   25.0   25.5   26.0   26.5   27.0   27.5   28.0   28.5   29.0   29.5   30.0   30.5   31.0   31.5   32.0   32.5   33.0   33.5   34.0   34.5   35.0   35.5   36.0   36.5   37.0   37.5   38.0   38.5   39.0   39.5   40.0   40.5   41.0   41.5   42.0   42.5   43.0   43.5   44.0   44.5   45.0   45.5   46.0   46.5   47.0   47.5   48.0   48.5   49.0   49.5   50.0   50.5   51.0   51.5   52.0   52.5   53.0   53.5   54.0   54.5   55.0   
U26   0.07447739027594995   0.13984761432281373   0.14295212275012772   0.09199930451874426   0.01034845830731073   -0.06960311102950356   -0.11322939347256124   -0.09640256201722892   -0.04621643413829919   -0.010033428111976706   0.0015063691606699724   0.009853994451936651   0.014289733535400603   0.011018876292819807   0.010173919956917117   0.01679720550629203   0.024045740350054457   0.029844914216493695   0.04651729643679781   0.06187437272960469   0.05181382891281889   0.017574778954160406   -0.02585378600452682   -0.06656341365654928   -0.0731300621472618   -0.037245272934472835   0.02842685392618113   0.10232376001029889   0.1324388798965861   0.1034892063843993   0.03845875583089976   -0.05979933053638921   -0.18959153867866707   -0.31621023351279653   -0.39038752400273585   -0.36754409740359273   -0.21375421394177982   0.01844778524839542   0.19721670299085334   0.2199896461700501   0.08006033793343595   -0.10159634982217548   -0.20918340021354118   -0.27991309731109415   0.0440586903503123   1.0   0.0975015780414655   0.32895149981496236   0.05252985918977334   0.14549674926647949   0.1386117306381746   0.3843478932093319   0.6756766294484411   0.26848908575908226   -0.08516651155637456   -0.2517364930322404   -0.18568474795508233   -0.27586414301621087   -0.19839210406760557   -0.4914614106559224   -0.48859347532041103   -0.035439991107267046   0.018944755778001827   0.01064493899572181   0.12158405550289918   0.07345821016302789   0.020785357548960947   -0.16677413599484142   -0.15261997368379213   -0.11647346590960078   -0.13399878499206103   0.0811755106715758   -0.03651515408574608   -0.0834052105969801   -0.13391948315039667   -0.26105700197166687   -0.2839375041475888   -0.019586506958538908   0.2464455257091577   0.26007917325808566   0.18261264521860587   
T_sec   15.0   15.5   16.0   16.5   17.0   17.5   18.0   18.5   19.0   19.5   20.0   20.5   21.0   21.5   22.0   22.5   23.0   23.5   24.0   24.5   25.0   25.5   26.0   26.5   27.0   27.5   28.0   28.5   29.0   29.5   30.0   30.5   31.0   31.5   32.0   32.5   33.0   33.5   34.0   34.5   35.0   35.5   36.0   36.5   37.0   37.5   38.0   38.5   39.0   39.5   40.0   40.5   41.0   41.5   42.0   42.5   43.0   43.5   44.0   44.5   45.0   45.5   46.0   46.5   47.0   47.5   48.0   48.5   49.0   49.5   50.0   50.5   51.0   51.5   52.0   52.5   53.0   53.5   54.0   54.5   55.0   
U27   -0.002735738906612878   0.008492266045010542   0.013099457788635055   0.006624928219270163   -0.0013492272124967094   0.007237184709525677   0.03773649616039288   0.0706668548901886   0.06095329000478101   0.008682364238896819   -0.031076272718443262   -0.039364051328777495   -0.025224498905367057   -0.00027032887608221515   0.011650259121036599   -0.01710162584731766   -0.06030182955781567   -0.07504738874802   -0.04439052944827217   0.0014935814702476305   0.05431379862653379   0.07158663934905155   0.03137568182007927   -0.041395872613479504   -0.0840340007464392   -0.06892134864556265   -0.012234127553337087   0.029686056689257556   0.025383249031443372   -0.0059148947255862235   -0.028858958311099702   -0.029356298135768854   -0.023083861454006926   -0.03239484289529983   -0.03963211950021587   -0.04280110578159624   -0.03581554817040004   -0.011136537714850498   0.012414308505303296   0.0025251867749769563   -0.03393551759039239   -0.08594187262243683   -0.18604086420023822   -0.03488143785380529   1.0   0.15020507998719904   -0.2454510827758123   0.2328804253537295   0.14483731126953128   -0.09698623732311898   0.13196286552533396   0.2146211050524152   0.04012607577667955   -0.11102641968923034   -0.23489286236811657   -0.31723671526083025   -0.19385040045143045   -0.05276467070947778   -0.09280247065479066   0.20390716618418794   0.03262042876717112   -0.19386285499966208   -0.007933305122959082   -0.011967181925907051   -0.049884677397260414   -0.02457679595562726   0.026783240848714134   0.10716929293216022   -0.0653488129157807   -0.06257296723385926   -0.22208391528435803   0.069385316898461   0.24029623232481653   0.13741761491293694   0.03654773889580467   -0.08068383097480089   -0.2161310409913976   -0.0012247036714245823   0.0014646056491650474   0.026723241174604347   0.07865981987865554   
T_sec   15.0   15.5   16.0   16.5   17.0   17.5   18.0   18.5   19.0   19.5   20.0   20.5   21.0   21.5   22.0   22.5   23.0   23.5   24.0   24.5   25.0   25.5   26.0   26.5   27.0   27.5   28.0   28.5   29.0   29.5   30.0   30.5   31.0   31.5   32.0   32.5   33.0   33.5   34.0   34.5   35.0   35.5   36.0   36.5   37.0   37.5   38.0   38.5   39.0   39.5   40.0   40.5   41.0   41.5   42.0   42.5   43.0   43.5   44.0   44.5   45.0   45.5   46.0   46.5   47.0   47.5   48.0   48.5   49.0   49.5   50.0   50.5   51.0   51.5   52.0   52.5   53.0   53.5   54.0   54.5   55.0   
U28   0.08704566247895165   0.06993539659118427   0.06702454647571957   0.11482841912762126   0.19055129046663846   0.22549558848634702   0.2167137628202505   0.15586302337315486   0.05589373379775671   -0.05376077401367855   -0.12207794751656602   -0.10425590970522268   -0.04555338697247785   0.014091522312135393   0.04253931709576204   0.030123284190120673   0.015540577208661994   -0.004278878705783966   -0.029655698585743257   -0.09715642363035774   -0.16030260457452422   -0.18117790192054264   -0.14059411229924093   -0.07216958765477485   -0.003057881141988963   0.035468429035481815   0.0213323107952248   -0.013428687261711156   -0.05643485099529507   -0.11982445144345114   -0.16534065761654304   -0.1577167408659843   -0.07611727324351064   -0.0026148418759845103   0.024900739759354605   0.020237912508804603   -0.04007019932180163   -0.11989087615236696   -0.17115398004510207   -0.1849559837978934   -0.18348661599251626   -0.11907348166342031   1.0   0.9693591693395276   -0.23055101738582334   0.12163069476063149   0.22161394267462198   -0.06517218035857579   -0.013623584125524961   0.13866151759607057   0.40855403734095913   0.34631136793562134   0.015989082460054   0.019899085182115615   -0.22687815837434944   -0.6647281402341311   -0.4930291266299718   -0.044010748591211866   -0.1264330722894314   -0.03753932847785387   0.1020179623837077   -0.07777326340895731   -0.15297497566120946   -0.24788869803154504   -0.2787558185425514   -0.2009573506884209   -0.13973419661040276   0.04604591558451411   0.233606424774605   0.1141974929193676   0.08179994031587294   0.15071488788546178   0.15827761816636446   0.016557736962245266   -0.18085669844885022   0.1413161531890004   0.15561640463973125   0.033653526216131116   0.2185236447038216   0.3301840494429636   -0.027167788951105925   
T_sec   15.0   15.5   16.0   16.5   17.0   17.5   18.0   18.5   19.0   19.5   20.0   20.5   21.0   21.5   22.0   22.5   23.0   23.5   24.0   24.5   25.0   25.5   26.0   26.5   27.0   27.5   28.0   28.5   29.0   29.5   30.0   30.5   31.0   31.5   32.0   32.5   33.0   33.5   34.0   34.5   35.0   35.5   36.0   36.5   37.0   37.5   38.0   38.5   39.0   39.5   40.0   40.5   41.0   41.5   42.0   42.5   43.0   43.5   44.0   44.5   45.0   45.5   46.0   46.5   47.0   47.5   48.0   48.5   49.0   49.5   50.0   50.5   51.0   51.5   52.0   52.5   53.0   53.5   54.0   54.5   55.0   
U29   0   0   0   0   0   0   0   0   0   0   0   0   0   0   0   0   0   0   0   0   0   0   0   0   0   0   0   0   0   0   0   0   0   0   0   0   0   0   0   0   0   0   0   0   0   0   0   0   0   0   0   0   0   0   0   0   0   0   0   0   0   0   0   0   0   0   0   0   0   0   0   0   0   0   0   0   0   0   0   0   0   
T_sec   15.0   15.5   16.0   16.5   17.0   17.5   18.0   18.5   19.0   19.5   20.0   20.5   21.0   21.5   22.0   22.5   23.0   23.5   24.0   24.5   25.0   25.5   26.0   26.5   27.0   27.5   28.0   28.5   29.0   29.5   30.0   30.5   31.0   31.5   32.0   32.5   33.0   33.5   34.0   34.5   35.0   35.5   36.0   36.5   37.0   37.5   38.0   38.5   39.0   39.5   40.0   40.5   41.0   41.5   42.0   42.5   43.0   43.5   44.0   44.5   45.0   45.5   46.0   46.5   47.0   47.5   48.0   48.5   49.0   49.5   50.0   50.5   51.0   51.5   52.0   52.5   53.0   53.5   54.0   54.5   55.0   
U30   -0.007821721719088076   0.017651190092435015   0.039289154710909165   0.04973537796904808   0.04154147457438395   0.013669390995114139   -0.023846156926616933   -0.05193510407712745   -0.0548253267856236   -0.03513790492420185   -0.004489443508554797   0.032563174251681384   0.06432670415530907   0.06683734464414631   0.02883051018264063   -0.03180513620713685   -0.08582249323103826   -0.11465263916545346   -0.10235607255132557   -0.049064327020332886   0.021445028021574705   0.09103894346939974   0.12197126317229061   0.08746407990608886   0.010011999366053735   -0.07238451372564958   -0.12933175256209758   -0.1412341032074104   -0.10479448845559562   -0.04173055596372688   0.018631062604599576   0.05337128084691941   0.045784478744799274   0.012397406940514066   -0.020641911640902257   -0.04423784601734504   -0.05832456665721159   -0.06504086501647463   -0.049319771610995766   -0.0658516093460594   0.29520957684908566   1.0   0.1251818164973382   -0.2842228421764721   -0.2704087887902732   -0.11357449514123796   0.10619856362068672   -0.04149665721200161   0.21518751246859558   0.06408763430976384   0.029346043299346918   0.2529486759253002   -0.11623916633107337   -0.29063933429795025   -0.06479417547866406   -0.2596774368272807   -0.1337318337916321   -0.058991278934252184   -0.007340143790550113   -0.15010006667538395   0.06841169230140298   0.07657143196419208   0.13189938758292202   0.007445998626953109   -0.10678278936489764   -0.14540432487571123   0.059944686639666456   0.051961988652014485   -0.1452562456188776   -0.12230910033132365   0.052886079920932375   -0.010686763283160193   0.08667957936184882   0.10042814000817352   -0.17627572187345628   -0.08466921463347941   0.05555335329057229   0.058858400597341154   -0.013760182809158666   0.09670898571555062   0.04642982017186517   
T_sec   15.0   15.5   16.0   16.5   17.0   17.5   18.0   18.5   19.0   19.5   20.0   20.5   21.0   21.5   22.0   22.5   23.0   23.5   24.0   24.5   25.0   25.5   26.0   26.5   27.0   27.5   28.0   28.5   29.0   29.5   30.0   30.5   31.0   31.5   32.0   32.5   33.0   33.5   34.0   34.5   35.0   35.5   36.0   36.5   37.0   37.5   38.0   38.5   39.0   39.5   40.0   40.5   41.0   41.5   42.0   42.5   43.0   43.5   44.0   44.5   45.0   45.5   46.0   46.5   47.0   47.5   48.0   48.5   49.0   49.5   50.0   50.5   51.0   51.5   52.0   52.5   53.0   53.5   54.0   54.5   55.0   
U31   0.08055312260907199   0.047201764844428895   -0.02625922643675422   -0.11092126523853693   -0.14763406359377765   -0.11871123380637418   -0.05101080856045847   0.028665498268373432   0.09472208601335809   0.10955142556611812   0.053567292013529715   -0.03399645752435614   -0.09274434396071843   -0.08676087123856745   -0.03716448354592405   -0.0010408475248724503   -0.003661969098458287   -0.01945079840849477   -0.026075176198856624   -0.012288615374820662   0.021335882218471512   0.05185357745324968   0.052897363439106115   0.030174721938685513   -0.007204447719732499   -0.038499137152377454   -0.04173682145040087   -0.023078822188682697   -0.02313604999088181   -0.05268377001652593   -0.08718829492482566   -0.1102232253595911   -0.1157487418518869   -0.12007040780804794   -0.12670410919291797   -0.11269406303803488   -0.0685052193126417   -0.021364944671643477   -0.04582621575602197   0.3221814778428684   1.0   0.1674188549485445   -0.1184472790788153   -0.10912995940617852   0.03257554006312843   -0.1843676052474283   -0.10920061761630544   0.0146117991389161   0.16213608564701082   0.2190106375935346   0.2509987380101385   0.19566776019177845   -0.006452713651635609   -0.1921155113705026   -0.12410490897090425   -0.1424742597953652   -0.19376622508706975   -0.24963453725772236   -0.20056431775423808   -0.04885874823187497   0.11459647141417886   -0.02165590535229591   -0.09327317280139055   0.1349103204801846   0.15610558178041697   -0.05879697495775167   -0.06512776791783215   0.007728211235154115   0.019730366649230644   -0.11791855199615962   -0.21108938961455598   -0.1459003593186424   0.02711305890046699   0.03280196746671099   0.07048638193749059   0.07079608675113885   0.1241817111439935   0.13934609818008617   0.037755496156841886   -0.06730449840706576   -0.14548790281094828   
T_sec   15.0   15.5   16.0   16.5   17.0   17.5   18.0   18.5   19.0   19.5   20.0   20.5   21.0   21.5   22.0   22.5   23.0   23.5   24.0   24.5   25.0   25.5   26.0   26.5   27.0   27.5   28.0   28.5   29.0   29.5   30.0   30.5   31.0   31.5   32.0   32.5   33.0   33.5   34.0   34.5   35.0   35.5   36.0   36.5   37.0   37.5   38.0   38.5   39.0   39.5   40.0   40.5   41.0   41.5   42.0   42.5   43.0   43.5   44.0   44.5   45.0   45.5   46.0   46.5   47.0   47.5   48.0   48.5   49.0   49.5   50.0   50.5   51.0   51.5   52.0   52.5   53.0   53.5   54.0   54.5   55.0   
U32   0   0   0   0   0   0   0   0   0   0   0   0   0   0   0   0   0   0   0   0   0   0   0   0   0   0   0   0   0   0   0   0   0   0   0   0   0   0   0   0   0   0   0   0   0   0   0   0   0   0   0   0   0   0   0   0   0   0   0   0   0   0   0   0   0   0   0   0   0   0   0   0   0   0   0   0   0   0   0   0   0   
T_sec   15.0   15.5   16.0   16.5   17.0   17.5   18.0   18.5   19.0   19.5   20.0   20.5   21.0   21.5   22.0   22.5   23.0   23.5   24.0   24.5   25.0   25.5   26.0   26.5   27.0   27.5   28.0   28.5   29.0   29.5   30.0   30.5   31.0   31.5   32.0   32.5   33.0   33.5   34.0   34.5   35.0   35.5   36.0   36.5   37.0   37.5   38.0   38.5   39.0   39.5   40.0   40.5   41.0   41.5   42.0   42.5   43.0   43.5   44.0   44.5   45.0   45.5   46.0   46.5   47.0   47.5   48.0   48.5   49.0   49.5   50.0   50.5   51.0   51.5   52.0   52.5   53.0   53.5   54.0   54.5   55.0   
U33   0   0   0   0   0   0   0   0   0   0   0   0   0   0   0   0   0   0   0   0   0   0   0   0   0   0   0   0   0   0   0   0   0   0   0   0   0   0   0   0   0   0   0   0   0   0   0   0   0   0   0   0   0   0   0   0   0   0   0   0   0   0   0   0   0   0   0   0   0   0   0   0   0   0   0   0   0   0   0   0   0   
T_sec   15.0   15.5   16.0   16.5   17.0   17.5   18.0   18.5   19.0   19.5   20.0   20.5   21.0   21.5   22.0   22.5   23.0   23.5   24.0   24.5   25.0   25.5   26.0   26.5   27.0   27.5   28.0   28.5   29.0   29.5   30.0   30.5   31.0   31.5   32.0   32.5   33.0   33.5   34.0   34.5   35.0   35.5   36.0   36.5   37.0   37.5   38.0   38.5   39.0   39.5   40.0   40.5   41.0   41.5   42.0   42.5   43.0   43.5   44.0   44.5   45.0   45.5   46.0   46.5   47.0   47.5   48.0   48.5   49.0   49.5   50.0   50.5   51.0   51.5   52.0   52.5   53.0   53.5   54.0   54.5   55.0   
U34   0.018198774084327612   -0.007498678456168006   -0.004112139735637167   0.03460530608548608   0.07207550971218207   0.0647454071631566   0.026961459921558656   -0.00501912480485128   -0.01606068520121992   -0.009383906759713926   -0.0077183701080956275   -0.014922030798718566   -0.013826996510643088   -0.012719121783145803   -0.025986632410608387   -0.043332268558009916   -0.05548993932639637   -0.06262973095171387   -0.06405120431735678   -0.06860029201774716   -0.075056668051718   -0.08367226244302578   -0.09410649568231363   -0.09615766585781013   -0.0968658188357513   -0.08779586128079592   -0.05786191959871858   -0.010935606963797017   0.03772675414181216   0.04652651293539982   0.018770463272756076   -0.025920622146475007   -0.06820484764055952   -0.0798952198223515   -0.08912779869456476   -0.013254382329925771   1.0   0.6785453373265311   0.03337019962452981   0.11437103665344137   -0.007797985407422503   -0.20446678321777503   -0.08560491022825098   0.050311694641424536   0.06502245339121471   0.2881543310224766   0.06025958923059178   -0.11105933429435991   -0.10370731722277081   -0.0953972218894941   -0.102740708336228   -0.05244412043785455   -0.15474051860324797   -0.24778918401986288   -0.13840885166807632   0.14471021649902588   -0.05781941739431625   -0.06915593326878654   0.06582972099923699   -0.19486371019659787   -0.1904672803281758   0.022138726686793193   0.19021830213719237   0.12164194587704426   -0.04305117203382145   -0.29757071563932924   -0.3291389773029661   -0.15107724512472567   0.07344010244102356   0.007906046618455958   0.01870814459756559   0.014538015379385523   -0.06157032071127804   -0.09688008978480851   0.06151542805772934   0.1370711424198744   0.2498414139063856   0.24483723364155524   0.10175884632186785   -0.10802779652475888   -0.03622244944488324   
T_sec   15.0   15.5   16.0   16.5   17.0   17.5   18.0   18.5   19.0   19.5   20.0   20.5   21.0   21.5   22.0   22.5   23.0   23.5   24.0   24.5   25.0   25.5   26.0   26.5   27.0   27.5   28.0   28.5   29.0   29.5   30.0   30.5   31.0   31.5   32.0   32.5   33.0   33.5   34.0   34.5   35.0   35.5   36.0   36.5   37.0   37.5   38.0   38.5   39.0   39.5   40.0   40.5   41.0   41.5   42.0   42.5   43.0   43.5   44.0   44.5   45.0   45.5   46.0   46.5   47.0   47.5   48.0   48.5   49.0   49.5   50.0   50.5   51.0   51.5   52.0   52.5   53.0   53.5   54.0   54.5   55.0   
U35   0.12882380623597595   0.12536614099375057   0.1119719598541   0.08584904822064797   0.05141354611382611   0.020410823698369013   -0.013412814743508061   -0.05749179620654327   -0.08672866001639304   -0.055920355676868566   0.015247144203666631   0.05156312734045969   0.04239524748784824   0.016533394970449596   -0.01305289214528237   -0.03274722128412547   -0.04273927944425224   -0.05465526965021464   -0.0676879291718746   -0.07287830144908976   -0.06717494169415157   -0.07906358315328799   -0.1174263267894387   -0.14756533356299473   -0.1390847012999914   -0.09534299165109386   -0.035243995791849364   0.0162902921769745   0.03992546102235026   0.03737406403961039   -0.011029151510173855   -0.09174243736165215   -0.14136808722043226   -0.15631041113100422   -0.025647451165381918   1.0   0.5620527460767776   0.2069903530324334   0.15083008719283675   -0.03195587325651567   0.05590181887631273   -0.050097591612406754   0.004397971433502448   -0.03341936328184881   0.06769348123875638   -0.21368741228315596   0.0025309413214104353   0.09370667611194682   -0.06961498570778327   0.03946775784764664   -0.04331684325939001   -0.17227211382563487   -0.10602213746858394   -0.200427655038649   -0.09802822279444086   -0.36635737139014657   -0.23216481318950785   -0.15237768649448835   -0.01922655640504589   -0.06415931147277468   -0.0029234001446033714   0.08813218254651714   0.16834327095879179   -0.008140395374004605   -0.10819569591164875   0.09436226571146299   0.04835070492011967   0.042144407272799965   0.03150670770344531   0.04274530424649747   0.09421221758737057   0.04044029542446915   -0.016550971943577346   0.02749524664657903   0.05975728253926171   0.07761454225601136   0.11340277955947715   0.07184356257441891   0.06861105733628345   0.04709901382041123   0.0210606131999352   
T_sec   15.0   15.5   16.0   16.5   17.0   17.5   18.0   18.5   19.0   19.5   20.0   20.5   21.0   21.5   22.0   22.5   23.0   23.5   24.0   24.5   25.0   25.5   26.0   26.5   27.0   27.5   28.0   28.5   29.0   29.5   30.0   30.5   31.0   31.5   32.0   32.5   33.0   33.5   34.0   34.5   35.0   35.5   36.0   36.5   37.0   37.5   38.0   38.5   39.0   39.5   40.0   40.5   41.0   41.5   42.0   42.5   43.0   43.5   44.0   44.5   45.0   45.5   46.0   46.5   47.0   47.5   48.0   48.5   49.0   49.5   50.0   50.5   51.0   51.5   52.0   52.5   53.0   53.5   54.0   54.5   55.0   
U36   -0.005328236475825039   -0.03623213460762112   -0.008301519581926457   0.06407884323418253   0.1261133639698757   0.12988978500078227   0.07773553842666067   0.007023468498961986   -0.04470365242649667   -0.05839234678014531   -0.04368114987466782   -0.025987827282462784   -0.020405718611928143   -0.026040670285724397   -0.048433473426530656   -0.0983315028954432   -0.15028519820398153   -0.1638219182087563   -0.13734733740746113   -0.08129690702384254   -0.018669471065931007   0.026483516356551932   0.033886942840849116   0.005120563558927377   -0.042590858769446634   -0.08170143469116957   -0.09345592994332279   -0.06278045378806144   -0.006888949907907989   0.04246248306910097   0.055655607589079524   0.019356740998334992   -0.08860526695817489   0.0070387760783792485   1.0   0.33853763294374156   -0.07447799131324673   -0.08049291975335349   0.03232653573128278   -0.0991178286225372   -0.1633097952682057   0.10613976502794503   0.17658896451083594   -0.11323113968698112   -0.05080897808998738   -0.042011235089480715   -0.13878822315353498   -0.11791680036266883   0.07524722332999621   0.1153210133079572   0.029603237015626335   0.1831349836133708   0.11873501051499294   0.021317903049354422   -0.03689332844467661   -0.20239441034591454   -0.1280517345920721   -0.11496935269843474   -0.1675293330044228   -0.0407748675849721   -0.07937082744749988   -0.03679472016403276   -0.06807878882449554   0.023944922727264027   -0.03412418710987442   -0.12297725026791928   -0.07969638193410185   -0.026863321651240918   -0.048629359058120436   0.01609343241155533   0.16464129119395768   0.007957260947572459   -0.01421079764233413   -0.11245507231101903   -0.027189424348321656   0.031311652534779987   0.16521644899690785   0.24090152515399074   0.10254152438422515   0.10819587108927799   0.08721599374558951   
T_sec   15.0   15.5   16.0   16.5   17.0   17.5   18.0   18.5   19.0   19.5   20.0   20.5   21.0   21.5   22.0   22.5   23.0   23.5   24.0   24.5   25.0   25.5   26.0   26.5   27.0   27.5   28.0   28.5   29.0   29.5   30.0   30.5   31.0   31.5   32.0   32.5   33.0   33.5   34.0   34.5   35.0   35.5   36.0   36.5   37.0   37.5   38.0   38.5   39.0   39.5   40.0   40.5   41.0   41.5   42.0   42.5   43.0   43.5   44.0   44.5   45.0   45.5   46.0   46.5   47.0   47.5   48.0   48.5   49.0   49.5   50.0   50.5   51.0   51.5   52.0   52.5   53.0   53.5   54.0   54.5   55.0   
U37   0   0   0   0   0   0   0   0   0   0   0   0   0   0   0   0   0   0   0   0   0   0   0   0   0   0   0   0   0   0   0   0   0   0   0   0   0   0   0   0   0   0   0   0   0   0   0   0   0   0   0   0   0   0   0   0   0   0   0   0   0   0   0   0   0   0   0   0   0   0   0   0   0   0   0   0   0   0   0   0   0   
T_sec   15.0   15.5   16.0   16.5   17.0   17.5   18.0   18.5   19.0   19.5   20.0   20.5   21.0   21.5   22.0   22.5   23.0   23.5   24.0   24.5   25.0   25.5   26.0   26.5   27.0   27.5   28.0   28.5   29.0   29.5   30.0   30.5   31.0   31.5   32.0   32.5   33.0   33.5   34.0   34.5   35.0   35.5   36.0   36.5   37.0   37.5   38.0   38.5   39.0   39.5   40.0   40.5   41.0   41.5   42.0   42.5   43.0   43.5   44.0   44.5   45.0   45.5   46.0   46.5   47.0   47.5   48.0   48.5   49.0   49.5   50.0   50.5   51.0   51.5   52.0   52.5   53.0   53.5   54.0   54.5   55.0   
U38   0.06180706448639801   0.027946616303212955   0.005789446805511954   0.010670689733701283   0.009948161881805043   0.009858168383752046   0.019970496150067026   0.05310518991669145   0.06262951138624721   0.048830440989513064   0.054216934409269106   0.04254188609118288   0.026253482089842017   0.017824444032334533   -0.013231472213471202   -0.08430198114926198   -0.11946112822306991   -0.07739055838807993   0.03563510228166176   0.12220342848723645   0.12904550300643783   0.016786897785779194   -0.14155705157782134   -0.27350360704652027   -0.34281016569254275   -0.3001156367676123   -0.14940004276474664   -0.008512373012594799   0.021589151637469484   -0.015917581916325946   0.8509426420466004   1.0   0.18627015634184882   0.03415357559001199   -0.1871492306357688   -0.3478842758372671   -0.1619586653847384   -0.03156966377685789   0.010431592945900688   -0.01289577248654274   0.507341636897523   0.15352536041637876   -0.0007246952106857645   -0.10030381472494057   -0.2883559781993105   -0.3394656312488159   -0.5199826843946586   -0.1498501623329209   0.009042848696780579   0.1808029293423609   0.20905762161726385   0.28098471085861576   0.13833864771140916   -0.0005524744525302624   -0.1228306437271226   -0.19504065825878572   -0.17368984865748904   -0.1936226140951537   -0.23228108742244566   -0.016897646835548143   0.10611483970807575   0.16752559049340174   0.11688823240680889   0.10914879818165282   -0.02662000091924227   0.10843402153511746   0.029400231085854243   0.11305670359338447   -0.012114185798841886   -0.22618986917489703   -0.04265834948481309   0.16841103515783817   -0.1653932655830491   -0.05880974547392961   -0.18271492289259822   -0.22556558933601328   -0.17627122045402974   0.08310567007877696   0.18935503666897635   0.17893761555105286   0.20099744691243257   
T_sec   15.0   15.5   16.0   16.5   17.0   17.5   18.0   18.5   19.0   19.5   20.0   20.5   21.0   21.5   22.0   22.5   23.0   23.5   24.0   24.5   25.0   25.5   26.0   26.5   27.0   27.5   28.0   28.5   29.0   29.5   30.0   30.5   31.0   31.5   32.0   32.5   33.0   33.5   34.0   34.5   35.0   35.5   36.0   36.5   37.0   37.5   38.0   38.5   39.0   39.5   40.0   40.5   41.0   41.5   42.0   42.5   43.0   43.5   44.0   44.5   45.0   45.5   46.0   46.5   47.0   47.5   48.0   48.5   49.0   49.5   50.0   50.5   51.0   51.5   52.0   52.5   53.0   53.5   54.0   54.5   55.0   
U39   0   0   0   0   0   0   0   0   0   0   0   0   0   0   0   0   0   0   0   0   0   0   0   0   0   0   0   0   0   0   0   0   0   0   0   0   0   0   0   0   0   0   0   0   0   0   0   0   0   0   0   0   0   0   0   0   0   0   0   0   0   0   0   0   0   0   0   0   0   0   0   0   0   0   0   0   0   0   0   0   0   
T_sec   15.0   15.5   16.0   16.5   17.0   17.5   18.0   18.5   19.0   19.5   20.0   20.5   21.0   21.5   22.0   22.5   23.0   23.5   24.0   24.5   25.0   25.5   26.0   26.5   27.0   27.5   28.0   28.5   29.0   29.5   30.0   30.5   31.0   31.5   32.0   32.5   33.0   33.5   34.0   34.5   35.0   35.5   36.0   36.5   37.0   37.5   38.0   38.5   39.0   39.5   40.0   40.5   41.0   41.5   42.0   42.5   43.0   43.5   44.0   44.5   45.0   45.5   46.0   46.5   47.0   47.5   48.0   48.5   49.0   49.5   50.0   50.5   51.0   51.5   52.0   52.5   53.0   53.5   54.0   54.5   55.0   
U40   0   0   0   0   0   0   0   0   0   0   0   0   0   0   0   0   0   0   0   0   0   0   0   0   0   0   0   0   0   0   0   0   0   0   0   0   0   0   0   0   0   0   0   0   0   0   0   0   0   0   0   0   0   0   0   0   0   0   0   0   0   0   0   0   0   0   0   0   0   0   0   0   0   0   0   0   0   0   0   0   0   
sta_location:9.75,10.236455917358398,10.742192268371582,11.044050216674805,11.830944061279297,12.052767753601074,12.982544898986816,13.271843910217285,13.623527526855469,14.067000389099121,14.88654899597168,15.480774879455566,15.6087064743042,16.445114135742188,16.64248275756836,17.0286865234375,17.874277114868164,18.305561065673828,18.75,19.021020889282227,19.752901077270508,20.06238555908203,20.75,21.25,21.562055587768555,22.191694259643555,22.55689239501953,23.37229347229004,23.97148895263672,24.25,24.641489028930664,25.102840423583984,25.75,26.25,26.592655181884766,27.08936882019043,27.525720596313477,28.25,28.977432250976562,29.25,29.75,
rebuild_index:0,1,2,3,4,5,6,7,8,9,10,11,12,13,14,15,16,17,18,19,20,21,22,23,24,25,26,27,28,29,30,31,32,33,34,35,36,37,38,39,40,
use_index:1,2,3,4,5,6,7,8,9,10,11,12,13,14,15,16,17,19,20,21,24,25,26,27,28,30,31,34,35,36,38,
cut_start_time:20---cut_windows:35---reduction_v:10