T_sec   15.0   15.5   16.0   16.5   17.0   17.5   18.0   18.5   19.0   19.5   20.0   20.5   21.0   21.5   22.0   22.5   23.0   23.5   24.0   24.5   25.0   25.5   26.0   26.5   27.0   27.5   28.0   28.5   29.0   29.5   30.0   30.5   31.0   31.5   32.0   32.5   33.0   33.5   34.0   34.5   35.0   35.5   36.0   36.5   37.0   37.5   38.0   38.5   39.0   39.5   40.0   40.5   41.0   41.5   42.0   42.5   43.0   43.5   44.0   44.5   45.0   45.5   46.0   46.5   47.0   47.5   48.0   48.5   49.0   49.5   50.0   50.5   51.0   51.5   52.0   52.5   53.0   53.5   54.0   54.5   55.0   
U0   0   0   0   0   0   0   0   0   0   0   0   0   0   0   0   0   0   0   0   0   0   0   0   0   0   0   0   0   0   0   0   0   0   0   0   0   0   0   0   0   0   0   0   0   0   0   0   0   0   0   0   0   0   0   0   0   0   0   0   0   0   0   0   0   0   0   0   0   0   0   0   0   0   0   0   0   0   0   0   0   0   
T_sec   15.0   15.5   16.0   16.5   17.0   17.5   18.0   18.5   19.0   19.5   20.0   20.5   21.0   21.5   22.0   22.5   23.0   23.5   24.0   24.5   25.0   25.5   26.0   26.5   27.0   27.5   28.0   28.5   29.0   29.5   30.0   30.5   31.0   31.5   32.0   32.5   33.0   33.5   34.0   34.5   35.0   35.5   36.0   36.5   37.0   37.5   38.0   38.5   39.0   39.5   40.0   40.5   41.0   41.5   42.0   42.5   43.0   43.5   44.0   44.5   45.0   45.5   46.0   46.5   47.0   47.5   48.0   48.5   49.0   49.5   50.0   50.5   51.0   51.5   52.0   52.5   53.0   53.5   54.0   54.5   55.0   
U1   0.0022377107551881923   -0.0073017861528024445   -0.018616712392183807   -0.01187265916707723   0.010158175696370066   0.02316043694279177   0.02135925737386528   0.013014366151877762   -0.004326278162841193   -0.01507595834634737   -0.009795608416992776   -0.0024051292094242572   -0.008129612917698457   -0.014043071507966362   -0.005962189828443539   0.0033001894966338584   0.003426179049695541   0.0029574537205233325   0.006387562046590977   0.009460238961707973   0.006120053126663726   -0.004824161115170275   -0.011368951596590302   -0.008616525839419227   -0.004362740033606157   -0.0047615605673298304   -0.005673144270844098   -0.005007791124017305   -0.0033559301782540847   -0.005502415913024295   -0.01340819002270544   -0.022492806980363152   -0.028367859732270826   -0.03777493923017619   -0.04477509778935089   -0.04228770432015578   -0.031154460113531388   -0.019042271105848503   -0.018978749108483912   -0.022031614393525172   -0.015183718251160478   -0.014407476809329288   -0.021840908679051536   -0.022113125697794476   -0.03557772557688754   0.4764294941258751   1.0   0.37085989203007336   0.022413661303087036   -0.19630407167365513   -0.3581867718807369   -0.4323743525966383   -0.2767983804653496   -0.17539373171557002   -0.25873444830353703   -0.2570508519003911   -0.20062493430745432   0.030010977317269528   0.06399763263909795   0.12520590993691078   0.0848010387113869   0.09854175614922552   0.1446929827696689   0.043362974510726585   -0.0934105084165694   0.08638306778481661   0.0396525313317468   0.028222648020854186   0.0519133181176142   -0.03728206567781296   -0.08336181427903792   -0.034866131960190144   -0.0194158025386127   -0.03885893659915725   0.10470665645644138   0.1297392773955763   -0.0075059611563517   -0.043938958552556646   0.004899263642180525   0.05904355794694722   0.09458673157602485   
T_sec   15.0   15.5   16.0   16.5   17.0   17.5   18.0   18.5   19.0   19.5   20.0   20.5   21.0   21.5   22.0   22.5   23.0   23.5   24.0   24.5   25.0   25.5   26.0   26.5   27.0   27.5   28.0   28.5   29.0   29.5   30.0   30.5   31.0   31.5   32.0   32.5   33.0   33.5   34.0   34.5   35.0   35.5   36.0   36.5   37.0   37.5   38.0   38.5   39.0   39.5   40.0   40.5   41.0   41.5   42.0   42.5   43.0   43.5   44.0   44.5   45.0   45.5   46.0   46.5   47.0   47.5   48.0   48.5   49.0   49.5   50.0   50.5   51.0   51.5   52.0   52.5   53.0   53.5   54.0   54.5   55.0   
U2   0   0   0   0   0   0   0   0   0   0   0   0   0   0   0   0   0   0   0   0   0   0   0   0   0   0   0   0   0   0   0   0   0   0   0   0   0   0   0   0   0   0   0   0   0   0   0   0   0   0   0   0   0   0   0   0   0   0   0   0   0   0   0   0   0   0   0   0   0   0   0   0   0   0   0   0   0   0   0   0   0   
T_sec   15.0   15.5   16.0   16.5   17.0   17.5   18.0   18.5   19.0   19.5   20.0   20.5   21.0   21.5   22.0   22.5   23.0   23.5   24.0   24.5   25.0   25.5   26.0   26.5   27.0   27.5   28.0   28.5   29.0   29.5   30.0   30.5   31.0   31.5   32.0   32.5   33.0   33.5   34.0   34.5   35.0   35.5   36.0   36.5   37.0   37.5   38.0   38.5   39.0   39.5   40.0   40.5   41.0   41.5   42.0   42.5   43.0   43.5   44.0   44.5   45.0   45.5   46.0   46.5   47.0   47.5   48.0   48.5   49.0   49.5   50.0   50.5   51.0   51.5   52.0   52.5   53.0   53.5   54.0   54.5   55.0   
U3   0   0   0   0   0   0   0   0   0   0   0   0   0   0   0   0   0   0   0   0   0   0   0   0   0   0   0   0   0   0   0   0   0   0   0   0   0   0   0   0   0   0   0   0   0   0   0   0   0   0   0   0   0   0   0   0   0   0   0   0   0   0   0   0   0   0   0   0   0   0   0   0   0   0   0   0   0   0   0   0   0   
T_sec   15.0   15.5   16.0   16.5   17.0   17.5   18.0   18.5   19.0   19.5   20.0   20.5   21.0   21.5   22.0   22.5   23.0   23.5   24.0   24.5   25.0   25.5   26.0   26.5   27.0   27.5   28.0   28.5   29.0   29.5   30.0   30.5   31.0   31.5   32.0   32.5   33.0   33.5   34.0   34.5   35.0   35.5   36.0   36.5   37.0   37.5   38.0   38.5   39.0   39.5   40.0   40.5   41.0   41.5   42.0   42.5   43.0   43.5   44.0   44.5   45.0   45.5   46.0   46.5   47.0   47.5   48.0   48.5   49.0   49.5   50.0   50.5   51.0   51.5   52.0   52.5   53.0   53.5   54.0   54.5   55.0   
U4   0   0   0   0   0   0   0   0   0   0   0   0   0   0   0   0   0   0   0   0   0   0   0   0   0   0   0   0   0   0   0   0   0   0   0   0   0   0   0   0   0   0   0   0   0   0   0   0   0   0   0   0   0   0   0   0   0   0   0   0   0   0   0   0   0   0   0   0   0   0   0   0   0   0   0   0   0   0   0   0   0   
T_sec   15.0   15.5   16.0   16.5   17.0   17.5   18.0   18.5   19.0   19.5   20.0   20.5   21.0   21.5   22.0   22.5   23.0   23.5   24.0   24.5   25.0   25.5   26.0   26.5   27.0   27.5   28.0   28.5   29.0   29.5   30.0   30.5   31.0   31.5   32.0   32.5   33.0   33.5   34.0   34.5   35.0   35.5   36.0   36.5   37.0   37.5   38.0   38.5   39.0   39.5   40.0   40.5   41.0   41.5   42.0   42.5   43.0   43.5   44.0   44.5   45.0   45.5   46.0   46.5   47.0   47.5   48.0   48.5   49.0   49.5   50.0   50.5   51.0   51.5   52.0   52.5   53.0   53.5   54.0   54.5   55.0   
U5   0.006988505094495034   0.000661413705844933   -0.004573954732996069   -0.006488911812390398   -0.0036766299791432372   0.000552711134987942   0.00576456380170202   0.009202944093712181   0.0065714219803557445   0.002830900014476375   0.0004968315655626469   -0.0015847942228563604   -0.001380993018971729   -0.0031125880384900765   -0.0007841829548575411   0.0016826031420707525   0.004410307096140435   0.005617102910120592   0.0026947398067126956   -0.0025919487132375525   0.00023338021516615049   0.00025828474200996027   0.00014767983998976845   0.0005044140614668726   0.0035924049992865415   0.001991240903391678   -0.003457160776545177   -0.010661230912692382   -0.011255709956946738   -0.0069932215284373355   -0.016288611980312413   -0.016699171054855688   -0.01667985330295658   -0.014692483809738453   -0.01855744303392705   -0.023623454462287898   -0.034644203896978074   -0.04557549128771626   -0.060195511431518495   -0.06387819745868946   -0.06648741844326517   -0.07286354806857756   -0.07399182036171749   -0.07362542701715843   -0.07720178964593645   -0.091348965014311   -0.07999687806807358   0.5109028719245915   1.0   0.19405438092973687   -0.1708842466187388   -0.14085865522899915   -0.0743754602058747   0.03043408169934766   0.03307954884880385   -0.05207046624866304   -0.04581206689467043   -0.11259824245170605   -0.16781590467929378   -0.03061630315126223   -0.0688987071169039   -0.12713934362929688   0.05168620863950473   0.014666092521096581   -0.1451583227515267   -0.01573183365180237   0.045016861346101104   0.02489211887721604   -0.029241381696153753   -0.047765836977523096   0.0566068107681146   0.037550024716628064   0.04192607217442561   0.04493454290784009   -0.04642010583238041   -0.02941020547184716   -0.023970776424525074   0.015691343253433857   0.10990162361611079   -0.042461825559992485   -0.12442866047459498   
T_sec   15.0   15.5   16.0   16.5   17.0   17.5   18.0   18.5   19.0   19.5   20.0   20.5   21.0   21.5   22.0   22.5   23.0   23.5   24.0   24.5   25.0   25.5   26.0   26.5   27.0   27.5   28.0   28.5   29.0   29.5   30.0   30.5   31.0   31.5   32.0   32.5   33.0   33.5   34.0   34.5   35.0   35.5   36.0   36.5   37.0   37.5   38.0   38.5   39.0   39.5   40.0   40.5   41.0   41.5   42.0   42.5   43.0   43.5   44.0   44.5   45.0   45.5   46.0   46.5   47.0   47.5   48.0   48.5   49.0   49.5   50.0   50.5   51.0   51.5   52.0   52.5   53.0   53.5   54.0   54.5   55.0   
U6   0.009635670045824652   0.00884157472408852   -0.0004888021451743079   -0.01164646575774571   -0.015116426076850892   -0.010501108080700304   -0.0033289043631257293   -0.0013669992394069175   -0.005606690099247246   -0.011423855502046838   -0.013805549898005802   -0.010679692707166934   -0.005526719196360122   -0.004757891924495331   -0.005804859032680496   -0.004443873785927088   -0.001729286762465308   -0.0006512552614998578   -0.0015033429439754323   0.0004539838780890284   0.004325168653023086   0.006956784898603289   0.011847677170566442   0.017975589658593506   0.018488128599903418   0.014713238178165612   0.00709829285578473   -0.003591620521523455   -0.012399183525682641   -0.015035688139282029   -0.012420377066224743   -0.012477447171463802   -0.018620884909935218   -0.02305918546228771   -0.022143934119516883   -0.02091875569094511   -0.020220682973568348   -0.016674586682355386   -0.014551012423015857   -0.02098564939103779   -0.030239473778049093   -0.033273498747773675   -0.03067428457613062   -0.0319549852025601   -0.03458728616364802   -0.030007317811123285   -0.04882514585865424   0.229502572815435   1.0   0.5403096379726897   -0.04462826721448978   -0.15269089273896994   -0.38393342365081184   -0.47315538735921353   -0.15313565143558697   -0.002510462763256919   -0.22502324657321846   -0.17404849184161728   -0.18659704336505378   -0.06444356137319367   -0.07870534419599422   -0.14560803308174156   0.029412373784522647   0.11066005665815437   0.1569734882510199   0.03597034297709023   -0.09292124120513666   0.013236579428945048   0.19285427584841155   0.11815116473659867   0.07809930485297033   0.12022061255400357   0.12418297852252212   0.1539161412659248   0.16613062091748176   -0.010538282383265865   -0.050895892212873245   -0.02702269077556478   -0.05070334361138058   0.009839283403624114   0.013588802963301389   
T_sec   15.0   15.5   16.0   16.5   17.0   17.5   18.0   18.5   19.0   19.5   20.0   20.5   21.0   21.5   22.0   22.5   23.0   23.5   24.0   24.5   25.0   25.5   26.0   26.5   27.0   27.5   28.0   28.5   29.0   29.5   30.0   30.5   31.0   31.5   32.0   32.5   33.0   33.5   34.0   34.5   35.0   35.5   36.0   36.5   37.0   37.5   38.0   38.5   39.0   39.5   40.0   40.5   41.0   41.5   42.0   42.5   43.0   43.5   44.0   44.5   45.0   45.5   46.0   46.5   47.0   47.5   48.0   48.5   49.0   49.5   50.0   50.5   51.0   51.5   52.0   52.5   53.0   53.5   54.0   54.5   55.0   
U7   0   0   0   0   0   0   0   0   0   0   0   0   0   0   0   0   0   0   0   0   0   0   0   0   0   0   0   0   0   0   0   0   0   0   0   0   0   0   0   0   0   0   0   0   0   0   0   0   0   0   0   0   0   0   0   0   0   0   0   0   0   0   0   0   0   0   0   0   0   0   0   0   0   0   0   0   0   0   0   0   0   
T_sec   15.0   15.5   16.0   16.5   17.0   17.5   18.0   18.5   19.0   19.5   20.0   20.5   21.0   21.5   22.0   22.5   23.0   23.5   24.0   24.5   25.0   25.5   26.0   26.5   27.0   27.5   28.0   28.5   29.0   29.5   30.0   30.5   31.0   31.5   32.0   32.5   33.0   33.5   34.0   34.5   35.0   35.5   36.0   36.5   37.0   37.5   38.0   38.5   39.0   39.5   40.0   40.5   41.0   41.5   42.0   42.5   43.0   43.5   44.0   44.5   45.0   45.5   46.0   46.5   47.0   47.5   48.0   48.5   49.0   49.5   50.0   50.5   51.0   51.5   52.0   52.5   53.0   53.5   54.0   54.5   55.0   
U8   0   0   0   0   0   0   0   0   0   0   0   0   0   0   0   0   0   0   0   0   0   0   0   0   0   0   0   0   0   0   0   0   0   0   0   0   0   0   0   0   0   0   0   0   0   0   0   0   0   0   0   0   0   0   0   0   0   0   0   0   0   0   0   0   0   0   0   0   0   0   0   0   0   0   0   0   0   0   0   0   0   
T_sec   15.0   15.5   16.0   16.5   17.0   17.5   18.0   18.5   19.0   19.5   20.0   20.5   21.0   21.5   22.0   22.5   23.0   23.5   24.0   24.5   25.0   25.5   26.0   26.5   27.0   27.5   28.0   28.5   29.0   29.5   30.0   30.5   31.0   31.5   32.0   32.5   33.0   33.5   34.0   34.5   35.0   35.5   36.0   36.5   37.0   37.5   38.0   38.5   39.0   39.5   40.0   40.5   41.0   41.5   42.0   42.5   43.0   43.5   44.0   44.5   45.0   45.5   46.0   46.5   47.0   47.5   48.0   48.5   49.0   49.5   50.0   50.5   51.0   51.5   52.0   52.5   53.0   53.5   54.0   54.5   55.0   
U9   0   0   0   0   0   0   0   0   0   0   0   0   0   0   0   0   0   0   0   0   0   0   0   0   0   0   0   0   0   0   0   0   0   0   0   0   0   0   0   0   0   0   0   0   0   0   0   0   0   0   0   0   0   0   0   0   0   0   0   0   0   0   0   0   0   0   0   0   0   0   0   0   0   0   0   0   0   0   0   0   0   
T_sec   15.0   15.5   16.0   16.5   17.0   17.5   18.0   18.5   19.0   19.5   20.0   20.5   21.0   21.5   22.0   22.5   23.0   23.5   24.0   24.5   25.0   25.5   26.0   26.5   27.0   27.5   28.0   28.5   29.0   29.5   30.0   30.5   31.0   31.5   32.0   32.5   33.0   33.5   34.0   34.5   35.0   35.5   36.0   36.5   37.0   37.5   38.0   38.5   39.0   39.5   40.0   40.5   41.0   41.5   42.0   42.5   43.0   43.5   44.0   44.5   45.0   45.5   46.0   46.5   47.0   47.5   48.0   48.5   49.0   49.5   50.0   50.5   51.0   51.5   52.0   52.5   53.0   53.5   54.0   54.5   55.0   
U10   0   0   0   0   0   0   0   0   0   0   0   0   0   0   0   0   0   0   0   0   0   0   0   0   0   0   0   0   0   0   0   0   0   0   0   0   0   0   0   0   0   0   0   0   0   0   0   0   0   0   0   0   0   0   0   0   0   0   0   0   0   0   0   0   0   0   0   0   0   0   0   0   0   0   0   0   0   0   0   0   0   
T_sec   15.0   15.5   16.0   16.5   17.0   17.5   18.0   18.5   19.0   19.5   20.0   20.5   21.0   21.5   22.0   22.5   23.0   23.5   24.0   24.5   25.0   25.5   26.0   26.5   27.0   27.5   28.0   28.5   29.0   29.5   30.0   30.5   31.0   31.5   32.0   32.5   33.0   33.5   34.0   34.5   35.0   35.5   36.0   36.5   37.0   37.5   38.0   38.5   39.0   39.5   40.0   40.5   41.0   41.5   42.0   42.5   43.0   43.5   44.0   44.5   45.0   45.5   46.0   46.5   47.0   47.5   48.0   48.5   49.0   49.5   50.0   50.5   51.0   51.5   52.0   52.5   53.0   53.5   54.0   54.5   55.0   
U11   0.0056045965979615925   0.013988985112078592   0.014581129176202053   0.008638487524556001   0.0007392403162296005   -0.007251562849887774   -0.012506235297358908   -0.011155424696475527   -0.003222662533073507   0.0083959834376979   0.01830769233638908   0.02309948874025121   0.01931906855986972   0.006865870177859535   -0.005261251433088354   -0.011353686612533598   -0.010906714164996768   -0.0032332448025713728   0.005756315165976118   0.008170750429442531   0.004184595918622896   -0.002569714106254726   -0.009563723190332695   -0.013561500041495669   -0.011708983098913385   -0.004312387786035091   0.004211315703817893   0.011357875902786316   0.014056400242267442   0.012112455063341842   0.007676908406962558   0.0026375782224242143   -0.003460473737477681   -0.011552521914198824   -0.018294412166464217   -0.023075023506116815   -0.026508213929618458   -0.03322661713135111   -0.04648786313313956   -0.06257380789527879   -0.07772516093664752   -0.09072588263886718   -0.0998314907484219   -0.10549219274449485   -0.11016084053573914   -0.1137486431078684   -0.11181530923219334   -0.11092740376408752   -0.12428100121436306   0.3300785132866759   1.0   0.5607376585167685   0.40054388580844724   0.14543776553484827   -0.10971085155654293   -0.016909033552712786   -0.1430066841646849   -0.23696969265063678   -0.1657568151099699   -0.10474430117008766   -0.09254685852812329   -0.1272310137122126   -0.14878018705269308   -0.18585695712081476   -0.11080906132325724   -0.0903304768333991   -0.13661577867466418   -0.03317903856822387   0.06338919326707898   0.009195652723043594   -0.0026158535113399045   0.02081374225810721   0.02873104575035119   0.04101848652281036   0.011795216187072962   -0.011484373566718381   0.006942114160641102   0.01934709141393207   -0.029802760957196618   0.012789958397975377   0.0460159217397568   
T_sec   15.0   15.5   16.0   16.5   17.0   17.5   18.0   18.5   19.0   19.5   20.0   20.5   21.0   21.5   22.0   22.5   23.0   23.5   24.0   24.5   25.0   25.5   26.0   26.5   27.0   27.5   28.0   28.5   29.0   29.5   30.0   30.5   31.0   31.5   32.0   32.5   33.0   33.5   34.0   34.5   35.0   35.5   36.0   36.5   37.0   37.5   38.0   38.5   39.0   39.5   40.0   40.5   41.0   41.5   42.0   42.5   43.0   43.5   44.0   44.5   45.0   45.5   46.0   46.5   47.0   47.5   48.0   48.5   49.0   49.5   50.0   50.5   51.0   51.5   52.0   52.5   53.0   53.5   54.0   54.5   55.0   
U12   0   0   0   0   0   0   0   0   0   0   0   0   0   0   0   0   0   0   0   0   0   0   0   0   0   0   0   0   0   0   0   0   0   0   0   0   0   0   0   0   0   0   0   0   0   0   0   0   0   0   0   0   0   0   0   0   0   0   0   0   0   0   0   0   0   0   0   0   0   0   0   0   0   0   0   0   0   0   0   0   0   
T_sec   15.0   15.5   16.0   16.5   17.0   17.5   18.0   18.5   19.0   19.5   20.0   20.5   21.0   21.5   22.0   22.5   23.0   23.5   24.0   24.5   25.0   25.5   26.0   26.5   27.0   27.5   28.0   28.5   29.0   29.5   30.0   30.5   31.0   31.5   32.0   32.5   33.0   33.5   34.0   34.5   35.0   35.5   36.0   36.5   37.0   37.5   38.0   38.5   39.0   39.5   40.0   40.5   41.0   41.5   42.0   42.5   43.0   43.5   44.0   44.5   45.0   45.5   46.0   46.5   47.0   47.5   48.0   48.5   49.0   49.5   50.0   50.5   51.0   51.5   52.0   52.5   53.0   53.5   54.0   54.5   55.0   
U13   0.006621758700800733   0.006309400009384856   0.004832465560340387   0.002588986816382482   -0.002361154159862038   -0.008058335545923365   -0.009132800503933407   -0.0069364796454887   -0.0038629811398640684   5.1334563729717976e-05   0.0011197659359495245   -0.0011894047827366973   -0.0021478761873477237   -0.0016202654748213796   -0.0009050312648497996   -0.0011072656747802639   0.002143624960785501   0.008692886079627789   0.013128341650700035   0.01314915974292993   0.008335332287398597   -0.001350999056368656   -0.006969665386393612   -0.004041735146141462   0.006382132632098565   0.016280383158424984   0.017147910609585492   0.010316648185816416   0.001669197502316556   -0.004366124361330078   -0.008731958824470407   -0.011783924736860277   -0.014245373588576016   -0.016853062768712707   -0.0218401676861731   -0.02642170944004401   -0.03128327890098937   -0.03607877356400758   -0.04313286043287137   -0.05148062588800706   -0.0591114559106586   -0.06452601478977076   -0.06807100693813455   -0.0701518047536213   -0.07152256714032837   -0.07120536410091635   -0.06893514473438334   -0.0687385112294425   -0.09246416184437681   0.31164873415874206   1.0   0.6198508306287999   0.3774691750924406   -0.18681265468959943   -0.3422419397032683   -0.31651861454323943   -0.19104415138070094   -0.07833872846688301   -0.03603658361517336   -0.09754979671808668   -0.11066018748631096   -0.11519128054108424   -0.13473650146376406   -0.07909260490929547   -0.12098072647719568   0.00842339534495506   0.12967551777098085   0.07449697972584457   0.033846502680245645   -0.03663115380203457   -0.014953558313127583   0.027617154740703243   0.019970177980361527   0.059366598376047866   -0.049381838552938186   0.009864095240506332   0.04497642689396278   0.033567543335714524   -0.03820443496047198   -0.07828607733899266   -0.05146041395991589   
T_sec   15.0   15.5   16.0   16.5   17.0   17.5   18.0   18.5   19.0   19.5   20.0   20.5   21.0   21.5   22.0   22.5   23.0   23.5   24.0   24.5   25.0   25.5   26.0   26.5   27.0   27.5   28.0   28.5   29.0   29.5   30.0   30.5   31.0   31.5   32.0   32.5   33.0   33.5   34.0   34.5   35.0   35.5   36.0   36.5   37.0   37.5   38.0   38.5   39.0   39.5   40.0   40.5   41.0   41.5   42.0   42.5   43.0   43.5   44.0   44.5   45.0   45.5   46.0   46.5   47.0   47.5   48.0   48.5   49.0   49.5   50.0   50.5   51.0   51.5   52.0   52.5   53.0   53.5   54.0   54.5   55.0   
U14   0   0   0   0   0   0   0   0   0   0   0   0   0   0   0   0   0   0   0   0   0   0   0   0   0   0   0   0   0   0   0   0   0   0   0   0   0   0   0   0   0   0   0   0   0   0   0   0   0   0   0   0   0   0   0   0   0   0   0   0   0   0   0   0   0   0   0   0   0   0   0   0   0   0   0   0   0   0   0   0   0   
T_sec   15.0   15.5   16.0   16.5   17.0   17.5   18.0   18.5   19.0   19.5   20.0   20.5   21.0   21.5   22.0   22.5   23.0   23.5   24.0   24.5   25.0   25.5   26.0   26.5   27.0   27.5   28.0   28.5   29.0   29.5   30.0   30.5   31.0   31.5   32.0   32.5   33.0   33.5   34.0   34.5   35.0   35.5   36.0   36.5   37.0   37.5   38.0   38.5   39.0   39.5   40.0   40.5   41.0   41.5   42.0   42.5   43.0   43.5   44.0   44.5   45.0   45.5   46.0   46.5   47.0   47.5   48.0   48.5   49.0   49.5   50.0   50.5   51.0   51.5   52.0   52.5   53.0   53.5   54.0   54.5   55.0   
U15   0   0   0   0   0   0   0   0   0   0   0   0   0   0   0   0   0   0   0   0   0   0   0   0   0   0   0   0   0   0   0   0   0   0   0   0   0   0   0   0   0   0   0   0   0   0   0   0   0   0   0   0   0   0   0   0   0   0   0   0   0   0   0   0   0   0   0   0   0   0   0   0   0   0   0   0   0   0   0   0   0   
T_sec   15.0   15.5   16.0   16.5   17.0   17.5   18.0   18.5   19.0   19.5   20.0   20.5   21.0   21.5   22.0   22.5   23.0   23.5   24.0   24.5   25.0   25.5   26.0   26.5   27.0   27.5   28.0   28.5   29.0   29.5   30.0   30.5   31.0   31.5   32.0   32.5   33.0   33.5   34.0   34.5   35.0   35.5   36.0   36.5   37.0   37.5   38.0   38.5   39.0   39.5   40.0   40.5   41.0   41.5   42.0   42.5   43.0   43.5   44.0   44.5   45.0   45.5   46.0   46.5   47.0   47.5   48.0   48.5   49.0   49.5   50.0   50.5   51.0   51.5   52.0   52.5   53.0   53.5   54.0   54.5   55.0   
U16   0   0   0   0   0   0   0   0   0   0   0   0   0   0   0   0   0   0   0   0   0   0   0   0   0   0   0   0   0   0   0   0   0   0   0   0   0   0   0   0   0   0   0   0   0   0   0   0   0   0   0   0   0   0   0   0   0   0   0   0   0   0   0   0   0   0   0   0   0   0   0   0   0   0   0   0   0   0   0   0   0   
T_sec   15.0   15.5   16.0   16.5   17.0   17.5   18.0   18.5   19.0   19.5   20.0   20.5   21.0   21.5   22.0   22.5   23.0   23.5   24.0   24.5   25.0   25.5   26.0   26.5   27.0   27.5   28.0   28.5   29.0   29.5   30.0   30.5   31.0   31.5   32.0   32.5   33.0   33.5   34.0   34.5   35.0   35.5   36.0   36.5   37.0   37.5   38.0   38.5   39.0   39.5   40.0   40.5   41.0   41.5   42.0   42.5   43.0   43.5   44.0   44.5   45.0   45.5   46.0   46.5   47.0   47.5   48.0   48.5   49.0   49.5   50.0   50.5   51.0   51.5   52.0   52.5   53.0   53.5   54.0   54.5   55.0   
U17   0.009612526301149879   0.011807310829214759   0.01230660983465268   0.011929112737017689   0.012590886417548183   0.015089318009328997   0.018254846618461367   0.01813690178895699   0.014410697594055333   0.012342580196538812   0.013032159909517674   0.014895959558367656   0.016173597935826834   0.015689078719284287   0.01438397510073589   0.014743330457231058   0.01673306436115461   0.01874506721130657   0.018173038238691656   0.014534804507569447   0.0108303992095641   0.00844145907330777   0.006585828380323309   0.0027191323157560693   -0.0038053434793045692   -0.009551246181617115   -0.011234985719587797   -0.009792424817481436   -0.00872098516852635   -0.013127699665721597   -0.021038663927247445   -0.030408821466857985   -0.0379043077010184   -0.0424154258044926   -0.04640535960947254   -0.04975052914581217   -0.05246486211250444   -0.05713058578623862   -0.0630717681965199   -0.0683589581293659   -0.07313468997542619   -0.07937808549591882   -0.08408834602158506   -0.08374381538632868   -0.07996001935606761   -0.07432729025621604   -0.06686046586237872   -0.057774109086306216   -0.07343562021402071   0.1030829902940573   1.0   0.9898358871273669   -0.13425075146506957   -0.5370440504677706   -0.31703320605816726   -0.193335152623187   -0.06676400439605897   0.1283627366735602   0.0053477371762292   -0.09854256569623861   -0.07116615043253238   -0.06337618282559981   -0.07315946097516009   0.054045633777047436   0.04281932708461742   0.07933337023697572   0.08320163458003753   0.10034811541962649   0.08987003842994833   0.06695526111990839   0.007837442992598686   -0.0502409019717669   -0.030107048767943533   0.002967020940129479   0.0007564606292378664   0.03133944887032795   0.04378249092287411   0.04642589946664104   0.0719486530652471   -0.027965821396984857   -0.057362937248793516   
T_sec   15.0   15.5   16.0   16.5   17.0   17.5   18.0   18.5   19.0   19.5   20.0   20.5   21.0   21.5   22.0   22.5   23.0   23.5   24.0   24.5   25.0   25.5   26.0   26.5   27.0   27.5   28.0   28.5   29.0   29.5   30.0   30.5   31.0   31.5   32.0   32.5   33.0   33.5   34.0   34.5   35.0   35.5   36.0   36.5   37.0   37.5   38.0   38.5   39.0   39.5   40.0   40.5   41.0   41.5   42.0   42.5   43.0   43.5   44.0   44.5   45.0   45.5   46.0   46.5   47.0   47.5   48.0   48.5   49.0   49.5   50.0   50.5   51.0   51.5   52.0   52.5   53.0   53.5   54.0   54.5   55.0   
U18   0   0   0   0   0   0   0   0   0   0   0   0   0   0   0   0   0   0   0   0   0   0   0   0   0   0   0   0   0   0   0   0   0   0   0   0   0   0   0   0   0   0   0   0   0   0   0   0   0   0   0   0   0   0   0   0   0   0   0   0   0   0   0   0   0   0   0   0   0   0   0   0   0   0   0   0   0   0   0   0   0   
T_sec   15.0   15.5   16.0   16.5   17.0   17.5   18.0   18.5   19.0   19.5   20.0   20.5   21.0   21.5   22.0   22.5   23.0   23.5   24.0   24.5   25.0   25.5   26.0   26.5   27.0   27.5   28.0   28.5   29.0   29.5   30.0   30.5   31.0   31.5   32.0   32.5   33.0   33.5   34.0   34.5   35.0   35.5   36.0   36.5   37.0   37.5   38.0   38.5   39.0   39.5   40.0   40.5   41.0   41.5   42.0   42.5   43.0   43.5   44.0   44.5   45.0   45.5   46.0   46.5   47.0   47.5   48.0   48.5   49.0   49.5   50.0   50.5   51.0   51.5   52.0   52.5   53.0   53.5   54.0   54.5   55.0   
U19   -0.010636137074044625   -0.019652915014187547   -0.030988516479835884   -0.041665758527660156   -0.05250770354264117   -0.06186950564808057   -0.0664580845391164   -0.06515363392132689   -0.05890847084543148   -0.04904790861878399   -0.03425026229351074   -0.01593257324247723   -0.00025905042889917446   0.011042796492300527   0.019191344036237738   0.023275224861457736   0.02542392815993747   0.029908936349805453   0.03816351987252498   0.047998938436133495   0.05354152686241705   0.05436172590141329   0.048095805946769585   0.03648177809369628   0.024998943939547748   0.01443907022999191   0.003887816024800845   -0.006515142655077582   -0.016395753199075838   -0.0223418734334518   -0.024380325233251385   -0.021476472100631982   -0.017166571593057598   -0.020945867618246898   -0.03556912561863106   -0.054257009432049114   -0.07058110052544261   -0.07960273783588373   -0.08076405835618349   -0.07778248323377844   -0.07326249906664928   -0.07045036850770411   -0.0704302746318001   -0.07078963258562927   -0.06712682001544469   -0.054477464498792434   -0.044440002218745514   -0.03690970482673251   0.4805742621112294   0.8378719040377438   1.0   0.07886839090349025   -0.6433976868443593   -0.2997824970840879   -0.2406939787284091   -0.1440717977265548   -0.04424041497054378   0.020203337247239127   0.04397590577504363   0.02647726805689392   -0.053439143500371204   -0.0725642655401756   -0.013685825894185745   -0.010224170340794111   -0.014712021952886812   0.024642944749751934   0.005520486910824269   -0.03409748173723635   0.00528702454080026   -0.01077833770027422   -0.04853287678070942   -0.10024231164066108   -0.1065695895142024   -0.02228486310013126   0.0973068088962799   0.027647927436596623   0.009140753401930903   0.02930450850093922   -0.05539147289803951   -0.08867210314212368   -0.02057542506064292   
T_sec   15.0   15.5   16.0   16.5   17.0   17.5   18.0   18.5   19.0   19.5   20.0   20.5   21.0   21.5   22.0   22.5   23.0   23.5   24.0   24.5   25.0   25.5   26.0   26.5   27.0   27.5   28.0   28.5   29.0   29.5   30.0   30.5   31.0   31.5   32.0   32.5   33.0   33.5   34.0   34.5   35.0   35.5   36.0   36.5   37.0   37.5   38.0   38.5   39.0   39.5   40.0   40.5   41.0   41.5   42.0   42.5   43.0   43.5   44.0   44.5   45.0   45.5   46.0   46.5   47.0   47.5   48.0   48.5   49.0   49.5   50.0   50.5   51.0   51.5   52.0   52.5   53.0   53.5   54.0   54.5   55.0   
U20   0   0   0   0   0   0   0   0   0   0   0   0   0   0   0   0   0   0   0   0   0   0   0   0   0   0   0   0   0   0   0   0   0   0   0   0   0   0   0   0   0   0   0   0   0   0   0   0   0   0   0   0   0   0   0   0   0   0   0   0   0   0   0   0   0   0   0   0   0   0   0   0   0   0   0   0   0   0   0   0   0   
T_sec   15.0   15.5   16.0   16.5   17.0   17.5   18.0   18.5   19.0   19.5   20.0   20.5   21.0   21.5   22.0   22.5   23.0   23.5   24.0   24.5   25.0   25.5   26.0   26.5   27.0   27.5   28.0   28.5   29.0   29.5   30.0   30.5   31.0   31.5   32.0   32.5   33.0   33.5   34.0   34.5   35.0   35.5   36.0   36.5   37.0   37.5   38.0   38.5   39.0   39.5   40.0   40.5   41.0   41.5   42.0   42.5   43.0   43.5   44.0   44.5   45.0   45.5   46.0   46.5   47.0   47.5   48.0   48.5   49.0   49.5   50.0   50.5   51.0   51.5   52.0   52.5   53.0   53.5   54.0   54.5   55.0   
U21   0   0   0   0   0   0   0   0   0   0   0   0   0   0   0   0   0   0   0   0   0   0   0   0   0   0   0   0   0   0   0   0   0   0   0   0   0   0   0   0   0   0   0   0   0   0   0   0   0   0   0   0   0   0   0   0   0   0   0   0   0   0   0   0   0   0   0   0   0   0   0   0   0   0   0   0   0   0   0   0   0   
T_sec   15.0   15.5   16.0   16.5   17.0   17.5   18.0   18.5   19.0   19.5   20.0   20.5   21.0   21.5   22.0   22.5   23.0   23.5   24.0   24.5   25.0   25.5   26.0   26.5   27.0   27.5   28.0   28.5   29.0   29.5   30.0   30.5   31.0   31.5   32.0   32.5   33.0   33.5   34.0   34.5   35.0   35.5   36.0   36.5   37.0   37.5   38.0   38.5   39.0   39.5   40.0   40.5   41.0   41.5   42.0   42.5   43.0   43.5   44.0   44.5   45.0   45.5   46.0   46.5   47.0   47.5   48.0   48.5   49.0   49.5   50.0   50.5   51.0   51.5   52.0   52.5   53.0   53.5   54.0   54.5   55.0   
U22   0   0   0   0   0   0   0   0   0   0   0   0   0   0   0   0   0   0   0   0   0   0   0   0   0   0   0   0   0   0   0   0   0   0   0   0   0   0   0   0   0   0   0   0   0   0   0   0   0   0   0   0   0   0   0   0   0   0   0   0   0   0   0   0   0   0   0   0   0   0   0   0   0   0   0   0   0   0   0   0   0   
T_sec   15.0   15.5   16.0   16.5   17.0   17.5   18.0   18.5   19.0   19.5   20.0   20.5   21.0   21.5   22.0   22.5   23.0   23.5   24.0   24.5   25.0   25.5   26.0   26.5   27.0   27.5   28.0   28.5   29.0   29.5   30.0   30.5   31.0   31.5   32.0   32.5   33.0   33.5   34.0   34.5   35.0   35.5   36.0   36.5   37.0   37.5   38.0   38.5   39.0   39.5   40.0   40.5   41.0   41.5   42.0   42.5   43.0   43.5   44.0   44.5   45.0   45.5   46.0   46.5   47.0   47.5   48.0   48.5   49.0   49.5   50.0   50.5   51.0   51.5   52.0   52.5   53.0   53.5   54.0   54.5   55.0   
U23   -0.011088746004854875   0.0013408661787455544   0.007820756366524063   0.001153271213861092   -0.011672351712213858   -0.01211678861226509   -0.006871909823234219   0.00434155030319108   0.012198831839551545   0.010454254181236897   0.0137585861900259   0.0252480559472793   0.03346960128386457   0.027762117324756475   0.007139593276537279   -0.014035005991566386   -0.02824549257628383   -0.0189757861575124   -0.003545500153554358   0.01085338752853732   0.01907232479984855   0.018445363400395383   0.013379468497353079   0.0017726557145147383   -0.017146862580627687   -0.034327578195727744   -0.04206820262732774   -0.03551336168613416   -0.02611835534193633   -0.017374577846183435   -0.019199455076958756   -0.03645941840666863   -0.0726934242301775   -0.1080173784804259   -0.12769113373135166   -0.1262631985727216   -0.11794192163347633   -0.12504104739345737   -0.14155236018749348   -0.15096700659848913   -0.14802988477083875   -0.15501668236436486   0.2003427248013574   1.0   0.9425937565887996   0.422083963652904   0.005833497592003708   0.10003426195089013   0.2865248543602951   0.4193599936218686   0.15475475776291764   -0.38907952109184013   -0.5522036175717854   -0.5675481619148632   -0.4871021121010228   -0.11250653278997078   -0.18633966525736612   -0.1473009880913766   -0.14498919481713093   -0.15460902526294645   0.007110722383883223   0.10462549440895456   0.017180658313842138   -0.11197402685192998   -0.06700915320320297   -0.1028241901656866   0.15216999056592267   0.1781335153847232   0.11363917613715062   0.11040584600310448   0.10622180551806468   0.09688198721634236   0.021463991914178436   0.0036035621895569346   0.0023986120826209514   -0.1073279263980961   -0.10086519660918716   0.12423764632995879   0.20625867871259884   0.0791246270878214   0.08124605557504169   
T_sec   15.0   15.5   16.0   16.5   17.0   17.5   18.0   18.5   19.0   19.5   20.0   20.5   21.0   21.5   22.0   22.5   23.0   23.5   24.0   24.5   25.0   25.5   26.0   26.5   27.0   27.5   28.0   28.5   29.0   29.5   30.0   30.5   31.0   31.5   32.0   32.5   33.0   33.5   34.0   34.5   35.0   35.5   36.0   36.5   37.0   37.5   38.0   38.5   39.0   39.5   40.0   40.5   41.0   41.5   42.0   42.5   43.0   43.5   44.0   44.5   45.0   45.5   46.0   46.5   47.0   47.5   48.0   48.5   49.0   49.5   50.0   50.5   51.0   51.5   52.0   52.5   53.0   53.5   54.0   54.5   55.0   
U24   0.0019594978437049745   -0.0002482686653299923   -0.0025998986592293077   -0.0006754908718026381   0.002059262592535882   -0.002784581363435671   -0.01225791019591515   -0.024662703483566136   -0.02985654710224718   -0.024118273353107993   -0.007848493419342979   0.009609737095073647   0.02631374347269876   0.03632056206920266   0.036127708472623844   0.021921509285669633   0.0034598100796085244   -0.003029371531954668   -0.0024639211879807082   0.003841027893807706   0.01812653193518016   0.026692424378279473   0.023122114214812264   0.017806122345617837   0.0182180273405505   0.01199945314141822   -0.004834686478038425   -0.025836073604197003   -0.045104112000111295   -0.050782438046070265   -0.047574591943925756   -0.04175211457077098   -0.04256827456968344   -0.05959139822804024   -0.08263099937360087   -0.09890332100345475   -0.11190372330317229   -0.12717199869779716   -0.14107552684599717   -0.15018300124270847   -0.17990340502288446   0.019632754967550646   1.0   0.8435122182166448   0.2116568844193909   0.24728729296183105   0.14480872761900482   -0.10069160113352416   0.12829340955775453   0.28456526112777975   -0.08131415726194242   -0.4689349824565028   -0.4961862051810887   -0.3621118599021711   -0.2999968424818677   -0.02245076353888757   -0.08030381843888446   -0.2914365560789745   -0.24263238120095626   0.05654344746964757   0.36989530770791856   0.28118979792094123   -0.03952088280270303   -0.3836943984542238   -0.24230418520133784   -0.14366669601715112   0.0404796684678305   0.2930519743221221   0.11847079927181402   0.04280904514725414   -0.050911484683498084   -0.012665584322926707   0.05927734333952614   0.1512134828764687   0.18242452691459343   0.026368851529734356   -0.10844964580903192   0.07057560556809822   0.046405832339447305   0.05392419766501388   0.21495336976353857   
T_sec   15.0   15.5   16.0   16.5   17.0   17.5   18.0   18.5   19.0   19.5   20.0   20.5   21.0   21.5   22.0   22.5   23.0   23.5   24.0   24.5   25.0   25.5   26.0   26.5   27.0   27.5   28.0   28.5   29.0   29.5   30.0   30.5   31.0   31.5   32.0   32.5   33.0   33.5   34.0   34.5   35.0   35.5   36.0   36.5   37.0   37.5   38.0   38.5   39.0   39.5   40.0   40.5   41.0   41.5   42.0   42.5   43.0   43.5   44.0   44.5   45.0   45.5   46.0   46.5   47.0   47.5   48.0   48.5   49.0   49.5   50.0   50.5   51.0   51.5   52.0   52.5   53.0   53.5   54.0   54.5   55.0   
U25   0.0014684711393669267   0.0027663467802422335   0.004300584632101112   0.006081860585744131   0.00811710756102859   0.010407304355193362   0.012945017715906327   0.015715485587394717   0.018692657787372235   0.02183667640434177   0.025093683511368352   0.02839294982334762   0.03164435704088973   0.03473964227790764   0.037546282729433236   0.039908276573050586   0.041645790733034815   0.04255176796949547   0.042393745637383656   0.04091750905220789   0.03784228286957573   0.03286849500720985   0.025681222427109848   0.015950855541676554   0.003347018110845709   -0.012453619053743741   -0.031760980817906355   -0.05485170331741994   -0.08196634495473099   -0.11323485786327395   -0.14873145432363685   -0.19056544926894273   -0.2188742321667114   -0.2062900799619967   -0.194481172607276   -0.1871239096325266   -0.18260539396189424   -0.18002330340787767   -0.1797695078719498   -0.19255505203253082   -0.009529719645821022   0.8415050760254962   1.0   0.1522090081875742   -0.16268042934739418   0.06086514718129684   0.2278725513695209   0.14340519657449133   0.3143736388786323   0.24197724986855423   -0.02286791520059615   -0.19865617536235977   -0.41504903403401466   -0.2708978329085018   -0.10924469832752717   -0.24192291739295552   -0.20017962581694682   -0.11122681075332644   0.03232471022876867   0.03520612209154854   -0.00045462520799625266   -0.0025885722485418147   0.02305459259652158   0.0884317058831366   -0.050024074281902704   -0.08757925910379223   -0.0008094863863681454   -0.024834636573976512   0.03590911200503521   0.05559277670346391   0.049568719156934914   -0.002152855629160604   -0.027411268411441224   0.14096557055091508   0.15277901924580747   -0.010212195946369925   0.001812428526974735   0.12065737247906659   0.01357256271456218   -0.12398307062766856   -0.014772548612226537   
T_sec   15.0   15.5   16.0   16.5   17.0   17.5   18.0   18.5   19.0   19.5   20.0   20.5   21.0   21.5   22.0   22.5   23.0   23.5   24.0   24.5   25.0   25.5   26.0   26.5   27.0   27.5   28.0   28.5   29.0   29.5   30.0   30.5   31.0   31.5   32.0   32.5   33.0   33.5   34.0   34.5   35.0   35.5   36.0   36.5   37.0   37.5   38.0   38.5   39.0   39.5   40.0   40.5   41.0   41.5   42.0   42.5   43.0   43.5   44.0   44.5   45.0   45.5   46.0   46.5   47.0   47.5   48.0   48.5   49.0   49.5   50.0   50.5   51.0   51.5   52.0   52.5   53.0   53.5   54.0   54.5   55.0   
U26   0   0   0   0   0   0   0   0   0   0   0   0   0   0   0   0   0   0   0   0   0   0   0   0   0   0   0   0   0   0   0   0   0   0   0   0   0   0   0   0   0   0   0   0   0   0   0   0   0   0   0   0   0   0   0   0   0   0   0   0   0   0   0   0   0   0   0   0   0   0   0   0   0   0   0   0   0   0   0   0   0   
T_sec   15.0   15.5   16.0   16.5   17.0   17.5   18.0   18.5   19.0   19.5   20.0   20.5   21.0   21.5   22.0   22.5   23.0   23.5   24.0   24.5   25.0   25.5   26.0   26.5   27.0   27.5   28.0   28.5   29.0   29.5   30.0   30.5   31.0   31.5   32.0   32.5   33.0   33.5   34.0   34.5   35.0   35.5   36.0   36.5   37.0   37.5   38.0   38.5   39.0   39.5   40.0   40.5   41.0   41.5   42.0   42.5   43.0   43.5   44.0   44.5   45.0   45.5   46.0   46.5   47.0   47.5   48.0   48.5   49.0   49.5   50.0   50.5   51.0   51.5   52.0   52.5   53.0   53.5   54.0   54.5   55.0   
U27   -0.025084528642168646   -0.0010644352625247275   0.02131453096324757   0.031771501258601675   0.0240809730151056   0.0005009043182374618   -0.023871041441275713   -0.031049471271306514   -0.017622740851109944   0.00246850933131483   0.017702345225271216   0.027496153853677402   0.03349183009001202   0.042240150695941656   0.04767337435797804   0.037267500717947565   0.010608618455551723   -0.017635268262780515   -0.03640058415779955   -0.042167256516346556   -0.03420902324411151   -0.012993834676285353   0.012704738781150183   0.03181174068956259   0.03233398968855464   0.010638748018011034   -0.025883602912036348   -0.07111493252396221   -0.1150273731489505   -0.1380977896369798   -0.13112890577043035   -0.10303642872916122   -0.0694400304820738   -0.047019417959140136   -0.04566201784804586   -0.06579727592965419   -0.0934478540631153   -0.13865834417224382   0.1030771616138881   1.0   0.6928648456120833   -0.19699870004561323   -0.10491919748006139   0.1295122834808562   -0.046979024078978054   -0.09600494619443382   0.12198262487310067   0.0304031698484275   0.13140731541860345   0.1424966977738336   -0.19867881090466008   -0.23822047950724018   -0.12618918881815946   -0.25147952212855257   -0.2908209913980794   -0.14922971472669658   -0.02932090194222273   0.07071323484772675   0.09913516206991108   -0.024741872243139215   -0.0031082341593759366   -0.07563582991178996   -0.08153397658843896   0.07778145026540702   0.03699940411338888   -0.1433099723916614   -0.04627546598650981   0.10341306156041517   0.03833262191475687   -0.02475361673614416   0.050802601487597285   -0.011492811165148767   -0.01914071475806131   0.16291589110084384   0.1728878340795812   0.06859673757369124   -0.08483017146736326   -0.016984733876000954   0.04428926528856804   -0.003985956622603553   0.000762944456716466   
T_sec   15.0   15.5   16.0   16.5   17.0   17.5   18.0   18.5   19.0   19.5   20.0   20.5   21.0   21.5   22.0   22.5   23.0   23.5   24.0   24.5   25.0   25.5   26.0   26.5   27.0   27.5   28.0   28.5   29.0   29.5   30.0   30.5   31.0   31.5   32.0   32.5   33.0   33.5   34.0   34.5   35.0   35.5   36.0   36.5   37.0   37.5   38.0   38.5   39.0   39.5   40.0   40.5   41.0   41.5   42.0   42.5   43.0   43.5   44.0   44.5   45.0   45.5   46.0   46.5   47.0   47.5   48.0   48.5   49.0   49.5   50.0   50.5   51.0   51.5   52.0   52.5   53.0   53.5   54.0   54.5   55.0   
U28   -0.026986746053638846   -0.018521188336945663   -0.005354109151069069   0.008774607141225077   0.02167707329012589   0.032142801779505625   0.034367356703691336   0.02054190390534454   -0.004029755910901813   -0.020767886899194815   -0.015461473009352402   -0.0005115399719834365   0.011052822923806833   0.011276920090101585   0.0016007817986356122   -0.007074078573105732   -0.0059723030930569874   0.0036282883921825155   0.012016115891762184   0.013113925920281471   0.003883243843168545   -0.013903024253196693   -0.03267897924210074   -0.0391788661973916   -0.03147913975136678   -0.021230164786066312   -0.020854673992991523   -0.03431780807103427   -0.05533607370141472   -0.07890222759969102   -0.09910058757852686   -0.10656883268264847   -0.10011463929751073   -0.08720478505942586   -0.0770018044932674   -0.07602763556460808   -0.09577263046254068   0.26268231218086485   1.0   0.4584003688799993   -0.036857067491320325   -0.11943249408700005   -0.08773425710123671   -0.058139635714293356   -0.025661846739996635   -0.08792797789923142   0.06624333548348398   0.1383536791637213   0.14250087486283272   -0.006548679848745621   -0.2420311716769345   -0.16718209198004227   -0.16329836121273952   -0.26293033513518416   -0.10215156225303738   -0.012782118566506734   -0.11671313897602674   -0.01672756884097142   0.07764822906902791   0.030954872213128933   0.05716678730817638   -0.0020422918920520684   -0.07478505478873307   -0.13063739913440847   -0.012125034324592528   0.1036904432531893   0.008929252888500308   0.12674145353702188   0.17784730523606582   -0.04890690255822619   -0.1312892528556628   -0.006899911986756434   -0.01762896722905167   -0.057309053240246134   0.11169374911193616   0.04027032952153431   0.02159196267163886   0.18679075966140304   0.12275940916828451   -0.12780744199519395   0.008617610650497607   
T_sec   15.0   15.5   16.0   16.5   17.0   17.5   18.0   18.5   19.0   19.5   20.0   20.5   21.0   21.5   22.0   22.5   23.0   23.5   24.0   24.5   25.0   25.5   26.0   26.5   27.0   27.5   28.0   28.5   29.0   29.5   30.0   30.5   31.0   31.5   32.0   32.5   33.0   33.5   34.0   34.5   35.0   35.5   36.0   36.5   37.0   37.5   38.0   38.5   39.0   39.5   40.0   40.5   41.0   41.5   42.0   42.5   43.0   43.5   44.0   44.5   45.0   45.5   46.0   46.5   47.0   47.5   48.0   48.5   49.0   49.5   50.0   50.5   51.0   51.5   52.0   52.5   53.0   53.5   54.0   54.5   55.0   
U29   -0.00657123040275133   0.0017255820911469774   0.016532158131026837   0.026777241690369876   0.023852659915147612   0.013751479796604977   0.006357606339178777   0.004273212653238919   0.00305816575298005   -0.0033849699007158208   -0.013181877157420568   -0.02227499632216238   -0.017183665936934992   -0.00043434593403280714   0.0199981175142353   0.03684538378171673   0.042821020088887704   0.038694423829928284   0.02848241171431881   0.0025667990627713843   -0.02678699788848497   -0.05753509046589982   -0.07569316798828149   -0.07712398357101949   -0.06546655904449447   -0.054044032751594286   -0.04352365030524918   -0.037251418342128466   -0.040921595351781415   -0.04496885576039759   -0.05411067258749996   -0.07187826392964507   -0.0952836753297959   -0.1202459942891063   -0.13605378755511127   -0.15369329303444537   -0.10067545316384093   0.6546986169500978   1.0   0.2334506187117725   -0.060556838113264524   0.006694560392435381   -0.08900409751986409   -0.08039300453067612   -0.030441970568724122   -0.0724647331695012   0.02446456474622816   0.11426360516823646   0.022619254653223498   0.01323006619015717   0.03323433345089186   -0.3375185152882091   -0.4429264800503432   -0.20979782369113675   -0.011157236493115487   0.04353361811063546   0.05739678843361159   0.017108081368706753   -0.07224137971988998   0.018202311486262276   0.0261677675393232   -0.09324272159695478   -0.06562871594407808   -0.004342126399504191   0.06185354576036439   0.11956886616825538   0.006943339784004288   -0.10031833993373512   -0.024590652977655784   0.06279289982751497   -0.004877864540973281   -0.003586654779474277   0.06933584649390634   0.12571249023147596   0.149859867333124   0.1114174023703343   0.044838473869097714   0.07549173009253766   -0.002540348856759339   -0.16908096064455233   -0.14887548481379717   
T_sec   15.0   15.5   16.0   16.5   17.0   17.5   18.0   18.5   19.0   19.5   20.0   20.5   21.0   21.5   22.0   22.5   23.0   23.5   24.0   24.5   25.0   25.5   26.0   26.5   27.0   27.5   28.0   28.5   29.0   29.5   30.0   30.5   31.0   31.5   32.0   32.5   33.0   33.5   34.0   34.5   35.0   35.5   36.0   36.5   37.0   37.5   38.0   38.5   39.0   39.5   40.0   40.5   41.0   41.5   42.0   42.5   43.0   43.5   44.0   44.5   45.0   45.5   46.0   46.5   47.0   47.5   48.0   48.5   49.0   49.5   50.0   50.5   51.0   51.5   52.0   52.5   53.0   53.5   54.0   54.5   55.0   
U30   0.019651496809079138   0.02198380098673364   0.021832432870491917   0.01748084470572977   0.0074183047660987865   -0.004994788035941883   -0.01603688378491074   -0.021112984797727732   -0.013932283371565383   0.008580098751747147   0.03350792073157437   0.040723140532853815   0.0235116769146335   -0.008930870013982786   -0.03354276373194036   -0.03792671771024383   -0.01372491596531975   0.010978372256297244   0.018742226469220965   0.011493676675500959   -0.013732330433550058   -0.0394629933489144   -0.04967952477010013   -0.04458372679801571   -0.03324120198041193   -0.036445064419987586   -0.059370197353552166   -0.09049328325212502   -0.1101758710354171   -0.11357302784160846   -0.09864664564273773   -0.08255638735163114   -0.08406089336042837   -0.10659903258919289   -0.1572779386642748   0.17975194881768525   1.0   0.6911957316958784   0.025506117190388224   -0.18319030445674686   0.06706883474714205   -0.08085380794058253   -0.1765185225914161   0.03444829179829152   0.00022491192267375972   0.020148470107026573   0.057474466672260575   0.14744198952916254   -0.005123685994505717   -0.10559138373721265   -0.11860854450666791   -0.23579655912682562   -0.18881566939533226   -0.13711298056977886   -0.14339160676274038   -0.1527214394491102   0.006396338624913428   0.05295446840756166   -0.00035954003519818426   0.029942073378851027   0.05038127968026091   -0.08229632918358544   -0.05045689403023304   0.07514054888728146   0.08843417885043962   -0.027311725829731105   -0.08661704738715865   0.07944700791441878   -0.038467454997745065   -0.040655837671085056   0.09377104607570134   0.11232058605303538   0.05534228622761143   0.1059991114884703   0.13614899928865243   -0.007566555004027781   -0.0757598761616134   -0.045387088431347346   0.039308854252181655   0.06298324256700942   -0.13251073144060102   
T_sec   15.0   15.5   16.0   16.5   17.0   17.5   18.0   18.5   19.0   19.5   20.0   20.5   21.0   21.5   22.0   22.5   23.0   23.5   24.0   24.5   25.0   25.5   26.0   26.5   27.0   27.5   28.0   28.5   29.0   29.5   30.0   30.5   31.0   31.5   32.0   32.5   33.0   33.5   34.0   34.5   35.0   35.5   36.0   36.5   37.0   37.5   38.0   38.5   39.0   39.5   40.0   40.5   41.0   41.5   42.0   42.5   43.0   43.5   44.0   44.5   45.0   45.5   46.0   46.5   47.0   47.5   48.0   48.5   49.0   49.5   50.0   50.5   51.0   51.5   52.0   52.5   53.0   53.5   54.0   54.5   55.0   
U31   0.05585011423177151   0.07563256484890497   0.07197133397954074   0.03433489903903218   0.0008078306296721594   -0.016903913892444288   -0.019277596174461294   -0.018484400521151103   -0.009837717513373355   0.00780307208530119   0.020724357228706112   0.013188020740519722   0.014404791019051275   0.003473284745658582   -0.02943378840479266   -0.05677735032555924   -0.0722864336238168   -0.046214579619766945   -0.0016164010193960678   0.029319547174531245   0.033639519016749844   0.012915514118265924   -0.009718073714205787   -0.058675274519680805   -0.12188134634039614   -0.13771955309387363   -0.12753935675517697   -0.11094590344377858   -0.11379287413994613   -0.12988585102919925   -0.13002859839545072   -0.14164480019854606   -0.15567751225788476   -0.2152444459806014   0.14095730677783389   1.0   0.7782504850202495   0.2396463739706379   0.2378380840184236   0.0956941042408581   -0.19132971147701305   -0.19300744971383493   0.2776536947687338   -0.057322183333304015   -0.11939654458329589   -0.06911851827418167   0.13846902368848651   0.2972783023757697   -0.0746324211661262   -0.4114463946839543   -0.22670098829367197   -0.04222893212855222   -0.18599024273031686   -0.19003608167507025   -0.22051367212159168   -0.14228801246200665   -0.055766015676599036   -0.03640669641514447   -0.06390367045925399   0.025590805077326997   0.13226612117803158   0.09508826301271528   -0.05588380131543305   -0.050627741316055394   0.0951249165225186   0.1864824197565862   -0.033107709304217636   -0.21163522435185186   -0.17490606009468787   0.08988738653280853   0.09166746920470648   -0.00937099125929767   0.04087936582448063   0.16386288344428754   0.12213033101468816   -0.0344476206021271   0.06318080364260091   0.09909823559290185   0.0679785529333741   -0.1471818820641821   -0.1435448434024751   
T_sec   15.0   15.5   16.0   16.5   17.0   17.5   18.0   18.5   19.0   19.5   20.0   20.5   21.0   21.5   22.0   22.5   23.0   23.5   24.0   24.5   25.0   25.5   26.0   26.5   27.0   27.5   28.0   28.5   29.0   29.5   30.0   30.5   31.0   31.5   32.0   32.5   33.0   33.5   34.0   34.5   35.0   35.5   36.0   36.5   37.0   37.5   38.0   38.5   39.0   39.5   40.0   40.5   41.0   41.5   42.0   42.5   43.0   43.5   44.0   44.5   45.0   45.5   46.0   46.5   47.0   47.5   48.0   48.5   49.0   49.5   50.0   50.5   51.0   51.5   52.0   52.5   53.0   53.5   54.0   54.5   55.0   
U32   0   0   0   0   0   0   0   0   0   0   0   0   0   0   0   0   0   0   0   0   0   0   0   0   0   0   0   0   0   0   0   0   0   0   0   0   0   0   0   0   0   0   0   0   0   0   0   0   0   0   0   0   0   0   0   0   0   0   0   0   0   0   0   0   0   0   0   0   0   0   0   0   0   0   0   0   0   0   0   0   0   
T_sec   15.0   15.5   16.0   16.5   17.0   17.5   18.0   18.5   19.0   19.5   20.0   20.5   21.0   21.5   22.0   22.5   23.0   23.5   24.0   24.5   25.0   25.5   26.0   26.5   27.0   27.5   28.0   28.5   29.0   29.5   30.0   30.5   31.0   31.5   32.0   32.5   33.0   33.5   34.0   34.5   35.0   35.5   36.0   36.5   37.0   37.5   38.0   38.5   39.0   39.5   40.0   40.5   41.0   41.5   42.0   42.5   43.0   43.5   44.0   44.5   45.0   45.5   46.0   46.5   47.0   47.5   48.0   48.5   49.0   49.5   50.0   50.5   51.0   51.5   52.0   52.5   53.0   53.5   54.0   54.5   55.0   
U33   0   0   0   0   0   0   0   0   0   0   0   0   0   0   0   0   0   0   0   0   0   0   0   0   0   0   0   0   0   0   0   0   0   0   0   0   0   0   0   0   0   0   0   0   0   0   0   0   0   0   0   0   0   0   0   0   0   0   0   0   0   0   0   0   0   0   0   0   0   0   0   0   0   0   0   0   0   0   0   0   0   
T_sec   15.0   15.5   16.0   16.5   17.0   17.5   18.0   18.5   19.0   19.5   20.0   20.5   21.0   21.5   22.0   22.5   23.0   23.5   24.0   24.5   25.0   25.5   26.0   26.5   27.0   27.5   28.0   28.5   29.0   29.5   30.0   30.5   31.0   31.5   32.0   32.5   33.0   33.5   34.0   34.5   35.0   35.5   36.0   36.5   37.0   37.5   38.0   38.5   39.0   39.5   40.0   40.5   41.0   41.5   42.0   42.5   43.0   43.5   44.0   44.5   45.0   45.5   46.0   46.5   47.0   47.5   48.0   48.5   49.0   49.5   50.0   50.5   51.0   51.5   52.0   52.5   53.0   53.5   54.0   54.5   55.0   
U34   0   0   0   0   0   0   0   0   0   0   0   0   0   0   0   0   0   0   0   0   0   0   0   0   0   0   0   0   0   0   0   0   0   0   0   0   0   0   0   0   0   0   0   0   0   0   0   0   0   0   0   0   0   0   0   0   0   0   0   0   0   0   0   0   0   0   0   0   0   0   0   0   0   0   0   0   0   0   0   0   0   
T_sec   15.0   15.5   16.0   16.5   17.0   17.5   18.0   18.5   19.0   19.5   20.0   20.5   21.0   21.5   22.0   22.5   23.0   23.5   24.0   24.5   25.0   25.5   26.0   26.5   27.0   27.5   28.0   28.5   29.0   29.5   30.0   30.5   31.0   31.5   32.0   32.5   33.0   33.5   34.0   34.5   35.0   35.5   36.0   36.5   37.0   37.5   38.0   38.5   39.0   39.5   40.0   40.5   41.0   41.5   42.0   42.5   43.0   43.5   44.0   44.5   45.0   45.5   46.0   46.5   47.0   47.5   48.0   48.5   49.0   49.5   50.0   50.5   51.0   51.5   52.0   52.5   53.0   53.5   54.0   54.5   55.0   
U35   0   0   0   0   0   0   0   0   0   0   0   0   0   0   0   0   0   0   0   0   0   0   0   0   0   0   0   0   0   0   0   0   0   0   0   0   0   0   0   0   0   0   0   0   0   0   0   0   0   0   0   0   0   0   0   0   0   0   0   0   0   0   0   0   0   0   0   0   0   0   0   0   0   0   0   0   0   0   0   0   0   
T_sec   15.0   15.5   16.0   16.5   17.0   17.5   18.0   18.5   19.0   19.5   20.0   20.5   21.0   21.5   22.0   22.5   23.0   23.5   24.0   24.5   25.0   25.5   26.0   26.5   27.0   27.5   28.0   28.5   29.0   29.5   30.0   30.5   31.0   31.5   32.0   32.5   33.0   33.5   34.0   34.5   35.0   35.5   36.0   36.5   37.0   37.5   38.0   38.5   39.0   39.5   40.0   40.5   41.0   41.5   42.0   42.5   43.0   43.5   44.0   44.5   45.0   45.5   46.0   46.5   47.0   47.5   48.0   48.5   49.0   49.5   50.0   50.5   51.0   51.5   52.0   52.5   53.0   53.5   54.0   54.5   55.0   
U36   0   0   0   0   0   0   0   0   0   0   0   0   0   0   0   0   0   0   0   0   0   0   0   0   0   0   0   0   0   0   0   0   0   0   0   0   0   0   0   0   0   0   0   0   0   0   0   0   0   0   0   0   0   0   0   0   0   0   0   0   0   0   0   0   0   0   0   0   0   0   0   0   0   0   0   0   0   0   0   0   0   
T_sec   15.0   15.5   16.0   16.5   17.0   17.5   18.0   18.5   19.0   19.5   20.0   20.5   21.0   21.5   22.0   22.5   23.0   23.5   24.0   24.5   25.0   25.5   26.0   26.5   27.0   27.5   28.0   28.5   29.0   29.5   30.0   30.5   31.0   31.5   32.0   32.5   33.0   33.5   34.0   34.5   35.0   35.5   36.0   36.5   37.0   37.5   38.0   38.5   39.0   39.5   40.0   40.5   41.0   41.5   42.0   42.5   43.0   43.5   44.0   44.5   45.0   45.5   46.0   46.5   47.0   47.5   48.0   48.5   49.0   49.5   50.0   50.5   51.0   51.5   52.0   52.5   53.0   53.5   54.0   54.5   55.0   
U37   0   0   0   0   0   0   0   0   0   0   0   0   0   0   0   0   0   0   0   0   0   0   0   0   0   0   0   0   0   0   0   0   0   0   0   0   0   0   0   0   0   0   0   0   0   0   0   0   0   0   0   0   0   0   0   0   0   0   0   0   0   0   0   0   0   0   0   0   0   0   0   0   0   0   0   0   0   0   0   0   0   
T_sec   15.0   15.5   16.0   16.5   17.0   17.5   18.0   18.5   19.0   19.5   20.0   20.5   21.0   21.5   22.0   22.5   23.0   23.5   24.0   24.5   25.0   25.5   26.0   26.5   27.0   27.5   28.0   28.5   29.0   29.5   30.0   30.5   31.0   31.5   32.0   32.5   33.0   33.5   34.0   34.5   35.0   35.5   36.0   36.5   37.0   37.5   38.0   38.5   39.0   39.5   40.0   40.5   41.0   41.5   42.0   42.5   43.0   43.5   44.0   44.5   45.0   45.5   46.0   46.5   47.0   47.5   48.0   48.5   49.0   49.5   50.0   50.5   51.0   51.5   52.0   52.5   53.0   53.5   54.0   54.5   55.0   
U38   0   0   0   0   0   0   0   0   0   0   0   0   0   0   0   0   0   0   0   0   0   0   0   0   0   0   0   0   0   0   0   0   0   0   0   0   0   0   0   0   0   0   0   0   0   0   0   0   0   0   0   0   0   0   0   0   0   0   0   0   0   0   0   0   0   0   0   0   0   0   0   0   0   0   0   0   0   0   0   0   0   
T_sec   15.0   15.5   16.0   16.5   17.0   17.5   18.0   18.5   19.0   19.5   20.0   20.5   21.0   21.5   22.0   22.5   23.0   23.5   24.0   24.5   25.0   25.5   26.0   26.5   27.0   27.5   28.0   28.5   29.0   29.5   30.0   30.5   31.0   31.5   32.0   32.5   33.0   33.5   34.0   34.5   35.0   35.5   36.0   36.5   37.0   37.5   38.0   38.5   39.0   39.5   40.0   40.5   41.0   41.5   42.0   42.5   43.0   43.5   44.0   44.5   45.0   45.5   46.0   46.5   47.0   47.5   48.0   48.5   49.0   49.5   50.0   50.5   51.0   51.5   52.0   52.5   53.0   53.5   54.0   54.5   55.0   
U39   0   0   0   0   0   0   0   0   0   0   0   0   0   0   0   0   0   0   0   0   0   0   0   0   0   0   0   0   0   0   0   0   0   0   0   0   0   0   0   0   0   0   0   0   0   0   0   0   0   0   0   0   0   0   0   0   0   0   0   0   0   0   0   0   0   0   0   0   0   0   0   0   0   0   0   0   0   0   0   0   0   
T_sec   15.0   15.5   16.0   16.5   17.0   17.5   18.0   18.5   19.0   19.5   20.0   20.5   21.0   21.5   22.0   22.5   23.0   23.5   24.0   24.5   25.0   25.5   26.0   26.5   27.0   27.5   28.0   28.5   29.0   29.5   30.0   30.5   31.0   31.5   32.0   32.5   33.0   33.5   34.0   34.5   35.0   35.5   36.0   36.5   37.0   37.5   38.0   38.5   39.0   39.5   40.0   40.5   41.0   41.5   42.0   42.5   43.0   43.5   44.0   44.5   45.0   45.5   46.0   46.5   47.0   47.5   48.0   48.5   49.0   49.5   50.0   50.5   51.0   51.5   52.0   52.5   53.0   53.5   54.0   54.5   55.0   
U40   0   0   0   0   0   0   0   0   0   0   0   0   0   0   0   0   0   0   0   0   0   0   0   0   0   0   0   0   0   0   0   0   0   0   0   0   0   0   0   0   0   0   0   0   0   0   0   0   0   0   0   0   0   0   0   0   0   0   0   0   0   0   0   0   0   0   0   0   0   0   0   0   0   0   0   0   0   0   0   0   0   
sta_location:9.75,10.224929,10.75,11.25,11.75,12.31973,12.800243,13.25,13.75,14.25,14.75,15.423911,15.75,16.208076,16.75,17.25,17.75,18.220173,18.75,19.243315,19.75,20.25,20.75,21.394547,21.926945,22.317497,22.75,23.429052,23.855242,24.14646,24.795444,25.123894,25.75,26.25,26.75,27.25,27.75,28.25,28.75,29.25,29.75,
rebuild_index:0,1,2,3,4,5,6,7,8,9,10,11,12,13,14,15,16,17,18,19,20,21,22,23,24,25,26,27,28,29,30,31,32,33,34,35,36,37,38,39,40,
use_index:1,5,6,11,13,17,19,23,24,25,27,28,29,30,31,
cut_start_time:20---cut_windows:35---reduction_v:10