T_sec   15.0   15.5   16.0   16.5   17.0   17.5   18.0   18.5   19.0   19.5   20.0   20.5   21.0   21.5   22.0   22.5   23.0   23.5   24.0   24.5   25.0   25.5   26.0   26.5   27.0   27.5   28.0   28.5   29.0   29.5   30.0   30.5   31.0   31.5   32.0   32.5   33.0   33.5   34.0   34.5   35.0   35.5   36.0   36.5   37.0   37.5   38.0   38.5   39.0   39.5   40.0   40.5   41.0   41.5   42.0   42.5   43.0   43.5   44.0   44.5   45.0   45.5   46.0   46.5   47.0   47.5   48.0   48.5   49.0   49.5   50.0   50.5   51.0   51.5   52.0   52.5   53.0   53.5   54.0   54.5   55.0   
U0   0   0   0   0   0   0   0   0   0   0   0   0   0   0   0   0   0   0   0   0   0   0   0   0   0   0   0   0   0   0   0   0   0   0   0   0   0   0   0   0   0   0   0   0   0   0   0   0   0   0   0   0   0   0   0   0   0   0   0   0   0   0   0   0   0   0   0   0   0   0   0   0   0   0   0   0   0   0   0   0   0   
T_sec   15.0   15.5   16.0   16.5   17.0   17.5   18.0   18.5   19.0   19.5   20.0   20.5   21.0   21.5   22.0   22.5   23.0   23.5   24.0   24.5   25.0   25.5   26.0   26.5   27.0   27.5   28.0   28.5   29.0   29.5   30.0   30.5   31.0   31.5   32.0   32.5   33.0   33.5   34.0   34.5   35.0   35.5   36.0   36.5   37.0   37.5   38.0   38.5   39.0   39.5   40.0   40.5   41.0   41.5   42.0   42.5   43.0   43.5   44.0   44.5   45.0   45.5   46.0   46.5   47.0   47.5   48.0   48.5   49.0   49.5   50.0   50.5   51.0   51.5   52.0   52.5   53.0   53.5   54.0   54.5   55.0   
U1   0   0   0   0   0   0   0   0   0   0   0   0   0   0   0   0   0   0   0   0   0   0   0   0   0   0   0   0   0   0   0   0   0   0   0   0   0   0   0   0   0   0   0   0   0   0   0   0   0   0   0   0   0   0   0   0   0   0   0   0   0   0   0   0   0   0   0   0   0   0   0   0   0   0   0   0   0   0   0   0   0   
T_sec   15.0   15.5   16.0   16.5   17.0   17.5   18.0   18.5   19.0   19.5   20.0   20.5   21.0   21.5   22.0   22.5   23.0   23.5   24.0   24.5   25.0   25.5   26.0   26.5   27.0   27.5   28.0   28.5   29.0   29.5   30.0   30.5   31.0   31.5   32.0   32.5   33.0   33.5   34.0   34.5   35.0   35.5   36.0   36.5   37.0   37.5   38.0   38.5   39.0   39.5   40.0   40.5   41.0   41.5   42.0   42.5   43.0   43.5   44.0   44.5   45.0   45.5   46.0   46.5   47.0   47.5   48.0   48.5   49.0   49.5   50.0   50.5   51.0   51.5   52.0   52.5   53.0   53.5   54.0   54.5   55.0   
U2   -0.01829522519199581   -0.034692383902368555   0.016087090604970163   0.24968657355184715   0.020371330997965433   0.02976387226357066   -0.17917978163304646   -0.10585427003331001   -0.1844814617393792   0.13233603631413432   0.22573313609885454   -0.1693734580177499   0.08019709848993013   0.2757786167526824   0.003658017617024948   -0.19825649164389764   -0.36525852339540965   -0.06829476702434004   -0.354489860002801   -0.30472210662850274   0.3440437646771969   0.3544355174099198   0.1149354781704252   0.19666518821920734   0.2948341724082723   -0.20197203709690295   -0.1476664371524127   0.29673130107736917   -0.18149240868623914   -0.0892195364526171   -0.35539210194280324   0.11767896073767409   0.10861266694786362   0.045546175186767644   -0.26860437552323735   0.17590035557096312   -0.013068089572066075   -0.023838186156691407   -0.39793700407282245   0.12171795262006233   0.398669285301822   0.20150254419332497   0.0994309004317573   0.03244216246781143   -0.038280709489146206   0.29458360938202316   1.0   0.6293180333531095   0.5310672952235155   0.3379092250161524   0.9258345304428128   0.8124091372904869   -0.27848581255254573   -0.489158405741132   -0.6182784679069767   -0.21953569219752625   -0.1696064779544061   0.0767907816090318   0.03820599248811691   -0.2194543970509225   -0.08934487926941866   -0.31693872529120964   -0.2928312009962262   -0.0240804908213209   0.08033679152444005   -0.05569692724176797   0.3663550148618361   -0.13177061362948678   -0.30936202865460405   0.1354118001988522   -0.09708027301198548   -0.05261182513194018   -0.05444161023797157   -0.0965039990969098   -0.16446221178458817   0.007398874037004378   -0.13635949581741297   -0.012402776520406318   -0.21288991889998443   -0.40357101637156123   -0.17117472627862923   
T_sec   15.0   15.5   16.0   16.5   17.0   17.5   18.0   18.5   19.0   19.5   20.0   20.5   21.0   21.5   22.0   22.5   23.0   23.5   24.0   24.5   25.0   25.5   26.0   26.5   27.0   27.5   28.0   28.5   29.0   29.5   30.0   30.5   31.0   31.5   32.0   32.5   33.0   33.5   34.0   34.5   35.0   35.5   36.0   36.5   37.0   37.5   38.0   38.5   39.0   39.5   40.0   40.5   41.0   41.5   42.0   42.5   43.0   43.5   44.0   44.5   45.0   45.5   46.0   46.5   47.0   47.5   48.0   48.5   49.0   49.5   50.0   50.5   51.0   51.5   52.0   52.5   53.0   53.5   54.0   54.5   55.0   
U3   -0.0182396800863421   0.170257202597139   0.06704341028437448   -0.04062184582315392   0.0894133813194186   -0.09964757745804168   0.009220760599339285   0.1915705475061014   -0.008446677615358153   0.1066370810132664   0.06115921898892331   0.2333913308034309   -0.05542072102332404   0.1004654182340791   0.08690685951852213   -0.12428898694771874   -0.16806747954787965   0.06273560999358503   0.09341797738737757   -0.1304736971328739   0.014479579715584985   -0.02929644463254607   -0.1026887535115833   0.17038345652928566   0.029298324642794506   0.06308983858601212   -0.1306899446183506   0.11960845008237728   -0.07373395535864216   -0.06161803635898642   -0.13826672215540525   -0.2270215198883853   -0.0009278601622825487   0.2374784626364423   -0.1337101507967815   0.031810110267702946   0.062482345068408544   0.006963535617335159   0.18518655258594893   0.07449714166629182   -0.12705397009217664   0.009124022851240662   -0.05322915128135983   0.30722063367097197   -0.14538812189305958   0.1119487949032409   0.3819110217438935   0.7886838324384968   0.5757973305491615   0.4094897745401712   1.0   0.4867034215830331   -0.33399412035458004   -0.4849080165781101   -0.21620431018001143   -0.0688297343673436   -0.19889366695246918   0.03560101973364992   -0.17671880025524178   -0.21207739192212063   0.04621226141267896   0.07379538232088698   -0.14290713673750616   0.22288342874901332   0.31138703127543677   0.02988214244543352   -0.3305089623110613   -0.31466121560100857   -0.1827692518691654   -0.03064580708888768   -0.028605333741655085   0.08386257630410619   -0.25174215638764136   -0.09181362018476706   0.04227403490888913   0.17273250242443916   0.19824016511645287   -0.06474678928268864   -0.22023483643415287   -0.26795057900704977   0.11674953166177314   
T_sec   15.0   15.5   16.0   16.5   17.0   17.5   18.0   18.5   19.0   19.5   20.0   20.5   21.0   21.5   22.0   22.5   23.0   23.5   24.0   24.5   25.0   25.5   26.0   26.5   27.0   27.5   28.0   28.5   29.0   29.5   30.0   30.5   31.0   31.5   32.0   32.5   33.0   33.5   34.0   34.5   35.0   35.5   36.0   36.5   37.0   37.5   38.0   38.5   39.0   39.5   40.0   40.5   41.0   41.5   42.0   42.5   43.0   43.5   44.0   44.5   45.0   45.5   46.0   46.5   47.0   47.5   48.0   48.5   49.0   49.5   50.0   50.5   51.0   51.5   52.0   52.5   53.0   53.5   54.0   54.5   55.0   
U4   0.01433408101713044   -0.11294182601550828   0.10256436555970415   0.14709478517152474   0.07410423071701461   0.04684132194220324   0.08578477180026794   -0.08348441672594557   -0.13280513035277028   -0.08910939316675065   0.08641952292001617   0.07846124961192799   0.09929077589972077   0.11133973190805949   -0.027221336476003586   -0.2520982548108512   -0.13677835523599297   0.10462168698524743   0.1305184794420487   0.22976102649180627   -0.2849206334906907   -0.03013032059666416   0.024433592670949047   -0.02816872767923058   0.09008141991813698   0.04541575045229648   0.028274900662163177   0.3278757846156264   -0.04212171154472832   -0.015418450098639888   0.3526305981727458   0.10243504870429426   -0.02005126187904632   -0.1485399999417004   0.16439449248347276   -0.26676367890183605   -0.00625616353576221   0.13698592018430772   0.08254614588189559   0.04974381471531233   0.021183328524972282   0.11778078535998854   -0.051006578126598756   0.1371270484624772   -0.03472076719084399   0.2348751278055065   0.4557309097593469   0.6574143362390659   0.8369252295780175   0.2259800453269071   1.0   0.712107625442366   -0.4097861588757562   -0.5590764834556959   0.015307781202503486   0.26684402725020734   0.05831045165251623   0.04814769439581911   -0.04316358230162818   -0.07975437270354714   -0.1706390281095626   0.2499565229312571   0.10764638698480468   0.006485668455899624   0.06263691194215026   -0.16536730601995114   -0.1797997739327867   -0.3632153202127483   -0.14912393683284655   -0.19902507757324964   -0.11501842405959004   -0.2050776363867859   -0.05814242487614946   0.1073507453522137   0.023202887061571458   0.0662312701324548   0.1522313482402854   -0.07325529144693657   -0.011762629336837109   -0.11221099467331627   -0.03602432519315695   
T_sec   15.0   15.5   16.0   16.5   17.0   17.5   18.0   18.5   19.0   19.5   20.0   20.5   21.0   21.5   22.0   22.5   23.0   23.5   24.0   24.5   25.0   25.5   26.0   26.5   27.0   27.5   28.0   28.5   29.0   29.5   30.0   30.5   31.0   31.5   32.0   32.5   33.0   33.5   34.0   34.5   35.0   35.5   36.0   36.5   37.0   37.5   38.0   38.5   39.0   39.5   40.0   40.5   41.0   41.5   42.0   42.5   43.0   43.5   44.0   44.5   45.0   45.5   46.0   46.5   47.0   47.5   48.0   48.5   49.0   49.5   50.0   50.5   51.0   51.5   52.0   52.5   53.0   53.5   54.0   54.5   55.0   
U5   0.310745928676529   0.06859382862701742   0.27505707709021   -0.026399156070023643   -0.09619972628588717   0.09424497569811185   -0.053199005137832496   0.20192525495184138   -0.10975587630025281   0.11141965733114538   -0.06999553826465639   0.10741937532004125   -0.2749110684677513   -0.21289215639743278   0.023409428173439713   0.08897955251085668   0.030187972549854593   -0.19846829444459124   -0.07360686701963073   -0.24419681929109252   0.02390930389759302   0.15159779292520179   0.3272304658912572   -0.12973105833173265   0.009889994612033638   -0.03428410963185767   0.22666823029867425   0.1609099448943075   0.035207755467927544   0.008122772268172556   0.11532283611480539   -0.01442800121531176   0.24159329738782112   0.3416036563178   0.03528684599575567   0.011590249571144311   -0.33417341863952005   0.015208309571517318   0.11818105416558133   -0.12346324041929613   0.09990101398362697   0.17005107017053078   -0.12933374881011922   -0.2038962450090554   0.25128517638763775   0.36074337701669335   0.034227334481580066   0.10947989309061348   1.0   0.43811386359539284   0.7373027877866055   0.914909927611669   -0.6021893665766835   -0.055735565462472256   -0.1594093178856382   0.277840492287633   -0.008712865405877629   0.16402375368127817   -0.13625966376562268   -0.14703833783615824   -0.09549082710927784   0.22908005205006715   -0.17180474825260975   -0.39113991199711234   -0.42985874798089646   -0.20078727522670617   -0.11281637204563162   -0.07697734253122578   -0.45135475358455124   -0.07489565621135155   0.009805831263496469   -0.0329290274650327   0.2410384591022599   0.1377226597939754   0.049117936521829796   0.08109522837887471   -0.12348830736703241   -0.044882857910006985   0.010020503778305252   0.41006975694346587   0.002104703655432586   
T_sec   15.0   15.5   16.0   16.5   17.0   17.5   18.0   18.5   19.0   19.5   20.0   20.5   21.0   21.5   22.0   22.5   23.0   23.5   24.0   24.5   25.0   25.5   26.0   26.5   27.0   27.5   28.0   28.5   29.0   29.5   30.0   30.5   31.0   31.5   32.0   32.5   33.0   33.5   34.0   34.5   35.0   35.5   36.0   36.5   37.0   37.5   38.0   38.5   39.0   39.5   40.0   40.5   41.0   41.5   42.0   42.5   43.0   43.5   44.0   44.5   45.0   45.5   46.0   46.5   47.0   47.5   48.0   48.5   49.0   49.5   50.0   50.5   51.0   51.5   52.0   52.5   53.0   53.5   54.0   54.5   55.0   
U6   0.18504834855994393   -0.02870243697276709   -0.1410655676434893   0.1269917083581841   -0.03675534353928008   0.21397223910337887   0.024080697845696303   -0.1325819579343671   0.014116019134177994   -0.13097083071867757   0.009029826207968055   -0.21210455376820544   0.06949815774486984   -0.12034596678482483   0.11453052696523564   -0.012318108333183652   0.02959890332407096   -0.04000147060964506   0.2316365604737511   0.010613056312929395   0.02710356560283951   0.1477625412870149   0.17395476164053533   0.06776013565820094   0.011012858814349843   0.062485653841752836   -0.07330373680161467   0.1263173917250718   0.212585391506592   -0.011923932232100759   -0.06657428694020318   -0.1191909047005353   -0.09570930730902928   0.08103878091636235   -0.11760664140750449   -0.048970540745319445   0.2587325757644696   -0.11482269834969591   0.06070052203384616   0.15298251335941424   0.0706299292562993   -0.14805255169061765   -0.003550849661508461   -0.15608952313556348   -0.024188976459655426   -0.0033205949396184855   0.018345238148704035   -0.048277679393420356   0.5850618939831407   0.5917181209172453   1.0   0.8562156674077295   -0.6381109758220803   -0.3226066967468154   -0.0752425455994846   0.162684139964698   -0.038280641810952656   -0.2136132443843022   -0.11293226504712522   0.15137704504250063   0.23703671016080152   0.30070560087344667   -0.1318061301697474   -0.45436724544832713   -0.3495483420118715   -0.1971562198946803   -0.30124817854715874   -0.1840773012806461   -0.42081867128290834   -0.13661768034371438   -0.198501192224515   0.09417699697418298   0.13359288573240852   -0.21617117000922875   0.12722231752167104   0.033142931083411105   -0.20828947316090074   -0.15367430530038118   -0.16352044974918448   -0.09857586375252235   0.031347381813799924   
T_sec   15.0   15.5   16.0   16.5   17.0   17.5   18.0   18.5   19.0   19.5   20.0   20.5   21.0   21.5   22.0   22.5   23.0   23.5   24.0   24.5   25.0   25.5   26.0   26.5   27.0   27.5   28.0   28.5   29.0   29.5   30.0   30.5   31.0   31.5   32.0   32.5   33.0   33.5   34.0   34.5   35.0   35.5   36.0   36.5   37.0   37.5   38.0   38.5   39.0   39.5   40.0   40.5   41.0   41.5   42.0   42.5   43.0   43.5   44.0   44.5   45.0   45.5   46.0   46.5   47.0   47.5   48.0   48.5   49.0   49.5   50.0   50.5   51.0   51.5   52.0   52.5   53.0   53.5   54.0   54.5   55.0   
U7   0   0   0   0   0   0   0   0   0   0   0   0   0   0   0   0   0   0   0   0   0   0   0   0   0   0   0   0   0   0   0   0   0   0   0   0   0   0   0   0   0   0   0   0   0   0   0   0   0   0   0   0   0   0   0   0   0   0   0   0   0   0   0   0   0   0   0   0   0   0   0   0   0   0   0   0   0   0   0   0   0   
T_sec   15.0   15.5   16.0   16.5   17.0   17.5   18.0   18.5   19.0   19.5   20.0   20.5   21.0   21.5   22.0   22.5   23.0   23.5   24.0   24.5   25.0   25.5   26.0   26.5   27.0   27.5   28.0   28.5   29.0   29.5   30.0   30.5   31.0   31.5   32.0   32.5   33.0   33.5   34.0   34.5   35.0   35.5   36.0   36.5   37.0   37.5   38.0   38.5   39.0   39.5   40.0   40.5   41.0   41.5   42.0   42.5   43.0   43.5   44.0   44.5   45.0   45.5   46.0   46.5   47.0   47.5   48.0   48.5   49.0   49.5   50.0   50.5   51.0   51.5   52.0   52.5   53.0   53.5   54.0   54.5   55.0   
U8   0   0   0   0   0   0   0   0   0   0   0   0   0   0   0   0   0   0   0   0   0   0   0   0   0   0   0   0   0   0   0   0   0   0   0   0   0   0   0   0   0   0   0   0   0   0   0   0   0   0   0   0   0   0   0   0   0   0   0   0   0   0   0   0   0   0   0   0   0   0   0   0   0   0   0   0   0   0   0   0   0   
T_sec   15.0   15.5   16.0   16.5   17.0   17.5   18.0   18.5   19.0   19.5   20.0   20.5   21.0   21.5   22.0   22.5   23.0   23.5   24.0   24.5   25.0   25.5   26.0   26.5   27.0   27.5   28.0   28.5   29.0   29.5   30.0   30.5   31.0   31.5   32.0   32.5   33.0   33.5   34.0   34.5   35.0   35.5   36.0   36.5   37.0   37.5   38.0   38.5   39.0   39.5   40.0   40.5   41.0   41.5   42.0   42.5   43.0   43.5   44.0   44.5   45.0   45.5   46.0   46.5   47.0   47.5   48.0   48.5   49.0   49.5   50.0   50.5   51.0   51.5   52.0   52.5   53.0   53.5   54.0   54.5   55.0   
U9   0.0026862973054854254   0.12849369554621376   -0.05363821043993344   0.06406267992962164   -0.0704405147541431   -0.15676683104383765   0.12577286162615142   0.019810825329198402   0.07235675040528589   -0.13524612814935127   -0.1302001804256469   -0.06547512958499495   0.07072560456744315   0.004092703058359115   -0.022139379503778107   0.08905027619562612   -0.06057108399553048   -0.1033612586723799   0.15225424011332103   0.06835872896049543   -0.12249000123468559   0.006996392112030278   0.1368708555080836   -0.17150413403620213   -0.0837454070763377   0.2112038897182924   0.14076689937661221   0.10653399813138804   0.12766464136835112   -0.07803100601346373   -0.039799976190191   0.12469448540889763   -0.13839713492603978   -0.08986174102278771   -0.02325934428946522   0.11524136692065613   0.0836103985662445   0.012511875618786212   0.2129965026178468   0.16422590998080397   -0.09245365541754325   0.0030207129908777063   -0.11271279753859972   0.1686287990210209   -0.11972096175139453   0.0207098017707848   0.04422581076368031   0.06621672702307312   0.021845674621769916   0.2675635140099091   0.8916723198164652   1.0   -0.27574639278208724   -0.17317759480573094   0.12541925137309534   -0.0077183061069805116   -0.11965465250989726   0.13149768039751694   0.4764053639713944   -0.35663540667633825   -0.20089842391200538   -0.08865059688906433   -0.13370379048269185   -0.14875314937646478   -0.29331293181489204   0.05830370473437342   0.021357072501266866   -0.12158644510038744   -0.25087522749820473   -0.11833974274230884   -0.004004190285249711   0.03987607204543255   -0.06165715987562583   -0.011464908626300004   0.10184243693645287   -0.05786851123513029   -0.07704116488926982   -0.18845745339020833   -0.1752748404485327   0.2643164892100863   -0.06998197897458264   
T_sec   15.0   15.5   16.0   16.5   17.0   17.5   18.0   18.5   19.0   19.5   20.0   20.5   21.0   21.5   22.0   22.5   23.0   23.5   24.0   24.5   25.0   25.5   26.0   26.5   27.0   27.5   28.0   28.5   29.0   29.5   30.0   30.5   31.0   31.5   32.0   32.5   33.0   33.5   34.0   34.5   35.0   35.5   36.0   36.5   37.0   37.5   38.0   38.5   39.0   39.5   40.0   40.5   41.0   41.5   42.0   42.5   43.0   43.5   44.0   44.5   45.0   45.5   46.0   46.5   47.0   47.5   48.0   48.5   49.0   49.5   50.0   50.5   51.0   51.5   52.0   52.5   53.0   53.5   54.0   54.5   55.0   
U10   0.05043821864181279   -0.06302901087505947   0.04952053506568642   -0.06712799716487537   -0.0788495304434582   -0.20988020018890993   -0.08968033159422832   0.14995874124766911   0.33003561708445434   -0.07472935067239418   -0.08845262933809478   -0.10297306056608466   0.05646009216550123   0.22390756854607893   -0.00898758082019528   -0.11032793554081423   -0.02309325934875137   -0.20744187698320482   0.17236594557463525   -0.08776731417732309   0.02906845109091264   0.10849665730017348   0.2784861568903641   0.311407203261182   0.010351744492348438   0.1472894260834278   -0.2624626667013643   -0.06191722836797852   0.13585466346168337   -0.2835891685056073   0.027932769837233834   -0.14968705906463411   -0.042021409703999146   -0.2888000170567268   0.1579374851106483   -0.07187894782132408   -0.3299704963454005   0.014889341095973889   -0.3145914918819103   -0.05600547581957849   0.03260838748728769   0.21943839883116642   0.09052216257601495   -0.07238947377223305   0.26864948747304485   -0.27328139485634295   0.24909037192147704   0.13524545392843018   0.12595178651902977   0.25239832949193586   0.6246157332458664   1.0   0.6380630238573911   0.005473863156361088   -0.24910210390427961   0.2003514616642152   0.7179330570105876   0.082280901970433   -0.5808411766707127   -0.19850101380131227   -0.1691245352786797   0.02677422993560124   -0.16455937354481992   0.018557356974992393   0.03685657802186411   -0.12361839986499862   -0.08573486187267582   -0.20543088444417654   -0.21111481801489623   -0.060316008497305014   -0.17972987840911794   0.358049691091586   0.2144466140808692   0.06468450992077078   0.11432211853700809   0.04808726432341732   -0.031699314615869896   0.3027302829436704   0.12943650560988695   -0.10728721288388411   0.07069799669115677   
T_sec   15.0   15.5   16.0   16.5   17.0   17.5   18.0   18.5   19.0   19.5   20.0   20.5   21.0   21.5   22.0   22.5   23.0   23.5   24.0   24.5   25.0   25.5   26.0   26.5   27.0   27.5   28.0   28.5   29.0   29.5   30.0   30.5   31.0   31.5   32.0   32.5   33.0   33.5   34.0   34.5   35.0   35.5   36.0   36.5   37.0   37.5   38.0   38.5   39.0   39.5   40.0   40.5   41.0   41.5   42.0   42.5   43.0   43.5   44.0   44.5   45.0   45.5   46.0   46.5   47.0   47.5   48.0   48.5   49.0   49.5   50.0   50.5   51.0   51.5   52.0   52.5   53.0   53.5   54.0   54.5   55.0   
U11   0.13964906335762411   0.05551838919650832   -0.13181042056554465   -0.15440688846191178   -0.057153057579440496   -0.1691536834203323   -0.2655562854199928   0.13419825025294557   0.2795599450823138   0.11222499127786818   -0.19190128760337624   0.22699059045786013   0.02160448515869443   -0.03546222247235383   -0.19176439926398833   0.1827216284153023   -0.23646167755585717   0.04880692965925339   0.08759674119072786   -0.15223172949578193   0.3106674895531647   0.24885849688965647   0.031101752340086414   -0.03870463715961978   0.013340405698980408   -0.004821384769585469   -0.0004605307066732319   -0.06612455798230928   0.2081366629328409   0.05555256056878561   -0.10326805310587718   0.10832633612072849   -0.03343181823667871   -0.04982985468854151   0.2516830487069159   -0.06511758265157583   0.008537091723024963   0.08908295979171477   0.1586497984226865   -0.013717778663662217   0.2642234272766153   0.01586213927404645   0.04756623861805235   0.08209428283780099   0.02098632177364094   0.005055966285388414   -0.04246973979768067   0.08149740669817242   0.2146148174971738   0.08976956946381501   0.37651034212082896   1.0   0.5305979523322794   -0.009637873197216661   -0.047434186802204736   0.27181355792759043   0.5453052958723292   -0.24518938519835692   -0.2375696674849979   -0.15435862794510358   -0.28916947195312537   -0.34903469477886817   -0.27806021977628576   -0.00046037410538939013   -0.3361456892381688   0.07969088240770847   -0.08541721127335694   -0.1868400148522911   -0.19638000784324716   0.05964437032923279   -0.006268764897375794   -0.14678963303603024   -0.18624941992168098   -0.029146820783997295   0.0725266625558405   -0.1979544810382334   0.03311137540314528   -0.23616008782587414   0.23198421752023818   -0.025853310163012594   -0.15641141368705386   
T_sec   15.0   15.5   16.0   16.5   17.0   17.5   18.0   18.5   19.0   19.5   20.0   20.5   21.0   21.5   22.0   22.5   23.0   23.5   24.0   24.5   25.0   25.5   26.0   26.5   27.0   27.5   28.0   28.5   29.0   29.5   30.0   30.5   31.0   31.5   32.0   32.5   33.0   33.5   34.0   34.5   35.0   35.5   36.0   36.5   37.0   37.5   38.0   38.5   39.0   39.5   40.0   40.5   41.0   41.5   42.0   42.5   43.0   43.5   44.0   44.5   45.0   45.5   46.0   46.5   47.0   47.5   48.0   48.5   49.0   49.5   50.0   50.5   51.0   51.5   52.0   52.5   53.0   53.5   54.0   54.5   55.0   
U12   0   0   0   0   0   0   0   0   0   0   0   0   0   0   0   0   0   0   0   0   0   0   0   0   0   0   0   0   0   0   0   0   0   0   0   0   0   0   0   0   0   0   0   0   0   0   0   0   0   0   0   0   0   0   0   0   0   0   0   0   0   0   0   0   0   0   0   0   0   0   0   0   0   0   0   0   0   0   0   0   0   
T_sec   15.0   15.5   16.0   16.5   17.0   17.5   18.0   18.5   19.0   19.5   20.0   20.5   21.0   21.5   22.0   22.5   23.0   23.5   24.0   24.5   25.0   25.5   26.0   26.5   27.0   27.5   28.0   28.5   29.0   29.5   30.0   30.5   31.0   31.5   32.0   32.5   33.0   33.5   34.0   34.5   35.0   35.5   36.0   36.5   37.0   37.5   38.0   38.5   39.0   39.5   40.0   40.5   41.0   41.5   42.0   42.5   43.0   43.5   44.0   44.5   45.0   45.5   46.0   46.5   47.0   47.5   48.0   48.5   49.0   49.5   50.0   50.5   51.0   51.5   52.0   52.5   53.0   53.5   54.0   54.5   55.0   
U13   -0.04516586568394455   0.06801551423918545   0.05340950316506078   0.017442044967419783   -0.19964733509971483   -0.005309149895662358   0.083617249519872   -0.018661396623165998   -0.0320491408160584   0.04810178284088326   0.20946375505920795   -0.16959297099966597   -0.05907955160930673   -0.0018507804563449508   0.1431681688304768   -0.17620183139754325   0.04201502458150255   0.15617783612132172   0.06690737174066344   -0.25470598152260077   -0.26202156099250773   -0.033990322313984335   -0.1138153286758088   -0.19540660183400868   -0.06856988671156997   -0.08024191402019418   -0.11814755333669526   0.017588717109529615   0.007707453910231726   -0.011084442420517272   0.07789658751855644   0.062062520181702364   -0.153122092475982   0.051921241215351376   0.01935329948446674   0.03605672266166376   -0.2701068206195335   -0.024417219932011996   0.18366581076322766   -0.006978429831242751   0.06934615535594989   -0.015142338988451643   0.018321578213137412   0.02471114901329741   0.12574796640053   -0.2670050403104922   0.1677987582121502   -0.15139446866123638   0.11370018285832566   0.21575910812439592   0.2751737329016612   0.6743537189525056   0.8765578662365343   1.0   0.6330393610088667   0.1840251885092479   -0.5089222011631847   -0.2667765727121882   -0.14535375657127267   -0.11189703071327786   -0.20299653798510578   -0.26778727076631237   0.0524361736986274   -0.23443080499105534   -0.1454526022483312   -0.1525634281497134   -0.1982092111040868   -0.14924267261942503   -0.15952815213424976   -0.1234549287382877   -0.14019154604011774   -0.2550701529632936   -0.11168742774675823   -0.06699305918954616   -0.05572381339065268   0.05725755314865305   0.19728742157279808   0.0726053394706729   0.0630739528573588   0.028948323672314424   -0.24765539277164328   
T_sec   15.0   15.5   16.0   16.5   17.0   17.5   18.0   18.5   19.0   19.5   20.0   20.5   21.0   21.5   22.0   22.5   23.0   23.5   24.0   24.5   25.0   25.5   26.0   26.5   27.0   27.5   28.0   28.5   29.0   29.5   30.0   30.5   31.0   31.5   32.0   32.5   33.0   33.5   34.0   34.5   35.0   35.5   36.0   36.5   37.0   37.5   38.0   38.5   39.0   39.5   40.0   40.5   41.0   41.5   42.0   42.5   43.0   43.5   44.0   44.5   45.0   45.5   46.0   46.5   47.0   47.5   48.0   48.5   49.0   49.5   50.0   50.5   51.0   51.5   52.0   52.5   53.0   53.5   54.0   54.5   55.0   
U14   -0.15970294892308212   -0.03087048699415593   -0.01346316360206667   0.010625304989629273   0.08728934411540908   0.20454545655300294   -0.0978007338956277   -0.13094872163927196   0.25723219975487394   -0.16335813656511333   0.44898984111638895   0.21473439073262338   0.2177808843563589   0.0019197109241665476   -0.03281030644905198   -0.08574636607004227   -0.029826263335597094   0.10823963430927863   0.08957571842009099   -0.28423708906485484   -0.14735971652653992   0.11381509543789323   -0.11051071187071015   0.11377123449298926   -0.011073186125606736   0.014909110156224432   0.046689653785170336   0.13725187150878898   -0.029640281668616958   0.191209845281848   0.09406699824548091   -0.13344434029605554   -0.24592308126262025   -0.1929188996574847   -0.2517010729792863   -0.10490701822126827   -0.05860142063352995   0.2264249100200725   -0.15795737660687761   0.0772520528343059   -0.25435810511849216   0.07581233639189865   -0.07614071890973108   0.21838745289285033   0.09453668174856839   0.4253065106993955   0.01273682449015397   0.13895296351430095   0.23889545392340122   0.5107520447428011   0.4364921352885879   0.2985565431843029   0.6342796751754097   1.0   0.8291361841904217   -0.1680092068215855   -0.353126562357005   -0.19330054678414957   -0.03032937444384891   -0.3334407751887685   -0.21526763971699672   -0.2713196116102076   0.15427545258549927   0.12792036508656518   -0.16398038603207205   -0.14063213326872623   0.12760814898858774   -0.23362103350945967   -0.09741820101804313   0.007633288308822669   0.059667591774895196   -0.08938893088903642   0.20265484456986324   0.09847967853950683   0.24419728050045195   -0.0118053659607029   -0.1863502394257203   -0.06439516312510965   -0.09562199876080664   -0.1561429009897603   -0.1688211105330237   
T_sec   15.0   15.5   16.0   16.5   17.0   17.5   18.0   18.5   19.0   19.5   20.0   20.5   21.0   21.5   22.0   22.5   23.0   23.5   24.0   24.5   25.0   25.5   26.0   26.5   27.0   27.5   28.0   28.5   29.0   29.5   30.0   30.5   31.0   31.5   32.0   32.5   33.0   33.5   34.0   34.5   35.0   35.5   36.0   36.5   37.0   37.5   38.0   38.5   39.0   39.5   40.0   40.5   41.0   41.5   42.0   42.5   43.0   43.5   44.0   44.5   45.0   45.5   46.0   46.5   47.0   47.5   48.0   48.5   49.0   49.5   50.0   50.5   51.0   51.5   52.0   52.5   53.0   53.5   54.0   54.5   55.0   
U15   -0.008724896837124938   -0.03986063774864028   0.09890500090432987   -0.11334513777930631   -0.03098996928840953   0.10362735452709647   -0.24058452606208908   -0.14105960654986804   -0.13009964969562043   -0.18737255206981593   0.24316813249088107   -0.1597480823796404   -0.06537293867300342   0.16312766577826834   -0.03072442982880179   -0.11336127703698287   0.17311428623896874   0.11897223525301905   0.1066313065582286   0.028520237165532026   0.058463623797809415   0.1053225889024816   -0.04973278256135476   -0.1919487589190088   0.1251224971885373   -0.23650751753022706   -0.009627595795062643   0.09767794580653051   -0.00892595746067835   0.13961545214841664   0.015045875551333505   0.11453705578807268   0.009762960280038785   0.1405605798042079   0.027686841929957632   0.04505494921640913   -0.09833504055769815   -0.14418952776620136   0.12997715967325627   -0.03884982774822106   0.12857598432926054   -0.30518761719568   -0.13585079494798374   -0.04035134276155602   0.04474848024391577   0.1773645705663212   0.09069772294759765   0.0541423481958358   -0.14973414364467502   -0.150618575067186   0.1803660826578976   0.147054762788484   0.48691911694062473   1.0   0.20414810609126655   -0.3562665789285924   -0.22297687338606414   0.10025202634667695   -0.0744106852569174   0.03459167978575632   0.01702490417531944   0.0026482850029116325   0.006423852487666646   -0.013597847072893412   -0.04363721721253888   -0.12388214153769088   0.0029814159210555503   -0.25890720046318677   0.07710306916320185   0.11451288967259894   -0.1995219165604271   -0.16342002595853536   -0.14659217300176675   0.10095895141713626   0.1097502066511169   -0.11930254266246372   -0.028512951646217827   -0.17496505575465285   0.07624313885771832   -0.23066708450741055   -0.034906043483634075   
T_sec   15.0   15.5   16.0   16.5   17.0   17.5   18.0   18.5   19.0   19.5   20.0   20.5   21.0   21.5   22.0   22.5   23.0   23.5   24.0   24.5   25.0   25.5   26.0   26.5   27.0   27.5   28.0   28.5   29.0   29.5   30.0   30.5   31.0   31.5   32.0   32.5   33.0   33.5   34.0   34.5   35.0   35.5   36.0   36.5   37.0   37.5   38.0   38.5   39.0   39.5   40.0   40.5   41.0   41.5   42.0   42.5   43.0   43.5   44.0   44.5   45.0   45.5   46.0   46.5   47.0   47.5   48.0   48.5   49.0   49.5   50.0   50.5   51.0   51.5   52.0   52.5   53.0   53.5   54.0   54.5   55.0   
U16   0.08356798819799223   0.13667016484379899   0.04887936696410576   0.04760719926370661   -0.197286918936052   0.05304204439020068   -0.1262702041661266   -0.0896992924899302   -0.14595782176939776   -0.020219451941858486   0.028695413429294117   0.07629855967747826   -0.13744790756022626   0.2082800101180712   -0.05503848484962881   -0.009064219242615043   0.10961533913004001   0.18857743792824952   -0.041262803045640395   -0.03385386446302918   -0.19110641713529014   -0.14545695028682337   0.06335484269899606   0.13346647238457815   0.03037858322875041   0.053441503631754934   1.29465165904861e-05   -0.008877076209900255   0.013343682104651575   0.009934975403711183   -0.03543006374101877   -0.0783770915672428   -0.14751813662224866   0.1213848835215591   -0.09675012689543708   -0.05385484388343977   0.12119249301010433   -0.1582207233740142   0.09770235425356351   -0.20873295362905178   -0.1279018442197563   0.0722638695306125   0.02255529335644044   -0.0017318615162816376   -0.08780996663188388   -0.1130745056922376   -0.09757176233345397   -0.008966049008155364   0.0687494141553708   0.10805278442083559   0.04295605495819397   0.25429508000597906   0.6763707478461127   1.0   0.38473348809317276   -0.22567417929607375   -0.1870091327552732   -0.0863286864395498   -0.2527542430173327   0.01693001587132156   -0.09242413844233156   -0.1950029557854299   -0.021783245111648496   -0.03856444456361546   -0.1418893994058476   0.08961236525880996   -0.13166964361635677   -0.060229108131593684   -0.11772378008273969   -0.14072902787111474   0.08816154351181359   -0.3114764733767872   -0.18796918488632025   -0.11119125436585862   -0.04083263441934304   -0.040849433859791805   -0.043893975305154716   -0.1998231973437994   -0.005024203450577767   0.03266678900602126   -0.18827509144003232   
T_sec   15.0   15.5   16.0   16.5   17.0   17.5   18.0   18.5   19.0   19.5   20.0   20.5   21.0   21.5   22.0   22.5   23.0   23.5   24.0   24.5   25.0   25.5   26.0   26.5   27.0   27.5   28.0   28.5   29.0   29.5   30.0   30.5   31.0   31.5   32.0   32.5   33.0   33.5   34.0   34.5   35.0   35.5   36.0   36.5   37.0   37.5   38.0   38.5   39.0   39.5   40.0   40.5   41.0   41.5   42.0   42.5   43.0   43.5   44.0   44.5   45.0   45.5   46.0   46.5   47.0   47.5   48.0   48.5   49.0   49.5   50.0   50.5   51.0   51.5   52.0   52.5   53.0   53.5   54.0   54.5   55.0   
U17   0.22859345415619722   0.01939940351152571   -0.1987681011646666   -0.10047775337590693   -0.11617004558823814   -0.034175803822843874   0.1533597334959454   0.15285727436250454   -0.05525001922356839   -0.20286510673194794   0.07155449307408832   -0.22107472341938078   -0.055890923595823865   0.10497716555466358   0.041192957604274626   -0.08055883757151173   -0.11869097531913583   0.026121886685462614   0.04492599295000705   0.12976569208499558   -0.015957663401517677   0.03663400931424366   -0.06409303282883394   -0.09840615448103797   -0.5092145474029947   -0.1817310254228238   -0.07511624430165531   0.14535546548872783   0.3287612684354185   -0.23958364767913162   0.34142503064031593   -0.004396504827657152   0.09260359983553496   0.031044154583419054   0.07188268946524308   0.1629169895596533   -0.17502174926773223   -0.07380643167872569   -0.19741956342010214   0.07555076404559626   -0.15489838411351448   0.09736748512584044   0.2769455819214547   0.12201433242303647   -0.10307758998182526   0.0927830977433495   -0.007004532106036124   0.11246048408914382   -0.13285829335290422   -0.08772893785746784   0.5464504499299425   0.6369818865901595   0.9295658876651437   1.0   0.3202309301994538   -0.22032884546887213   -0.4044024225408574   -0.29563085378065596   -0.264707836381846   -0.060133945982345255   -0.08956134174588666   -0.16314581907585693   0.08687307935261471   0.06942323866718798   -0.2139175556321464   0.06708535495830567   0.13833527947515695   0.027089377256724247   0.09505306453312642   0.13882673407431037   -0.24668172091435   -0.0575311411293848   0.009226062523541936   -0.032440849537733   0.0816418679941641   -0.21123821572501475   -0.03855798687995667   0.03844243668152508   0.03776999969933556   -0.10142116655505345   -0.10924994563190311   
T_sec   15.0   15.5   16.0   16.5   17.0   17.5   18.0   18.5   19.0   19.5   20.0   20.5   21.0   21.5   22.0   22.5   23.0   23.5   24.0   24.5   25.0   25.5   26.0   26.5   27.0   27.5   28.0   28.5   29.0   29.5   30.0   30.5   31.0   31.5   32.0   32.5   33.0   33.5   34.0   34.5   35.0   35.5   36.0   36.5   37.0   37.5   38.0   38.5   39.0   39.5   40.0   40.5   41.0   41.5   42.0   42.5   43.0   43.5   44.0   44.5   45.0   45.5   46.0   46.5   47.0   47.5   48.0   48.5   49.0   49.5   50.0   50.5   51.0   51.5   52.0   52.5   53.0   53.5   54.0   54.5   55.0   
U18   0   0   0   0   0   0   0   0   0   0   0   0   0   0   0   0   0   0   0   0   0   0   0   0   0   0   0   0   0   0   0   0   0   0   0   0   0   0   0   0   0   0   0   0   0   0   0   0   0   0   0   0   0   0   0   0   0   0   0   0   0   0   0   0   0   0   0   0   0   0   0   0   0   0   0   0   0   0   0   0   0   
T_sec   15.0   15.5   16.0   16.5   17.0   17.5   18.0   18.5   19.0   19.5   20.0   20.5   21.0   21.5   22.0   22.5   23.0   23.5   24.0   24.5   25.0   25.5   26.0   26.5   27.0   27.5   28.0   28.5   29.0   29.5   30.0   30.5   31.0   31.5   32.0   32.5   33.0   33.5   34.0   34.5   35.0   35.5   36.0   36.5   37.0   37.5   38.0   38.5   39.0   39.5   40.0   40.5   41.0   41.5   42.0   42.5   43.0   43.5   44.0   44.5   45.0   45.5   46.0   46.5   47.0   47.5   48.0   48.5   49.0   49.5   50.0   50.5   51.0   51.5   52.0   52.5   53.0   53.5   54.0   54.5   55.0   
U19   0   0   0   0   0   0   0   0   0   0   0   0   0   0   0   0   0   0   0   0   0   0   0   0   0   0   0   0   0   0   0   0   0   0   0   0   0   0   0   0   0   0   0   0   0   0   0   0   0   0   0   0   0   0   0   0   0   0   0   0   0   0   0   0   0   0   0   0   0   0   0   0   0   0   0   0   0   0   0   0   0   
T_sec   15.0   15.5   16.0   16.5   17.0   17.5   18.0   18.5   19.0   19.5   20.0   20.5   21.0   21.5   22.0   22.5   23.0   23.5   24.0   24.5   25.0   25.5   26.0   26.5   27.0   27.5   28.0   28.5   29.0   29.5   30.0   30.5   31.0   31.5   32.0   32.5   33.0   33.5   34.0   34.5   35.0   35.5   36.0   36.5   37.0   37.5   38.0   38.5   39.0   39.5   40.0   40.5   41.0   41.5   42.0   42.5   43.0   43.5   44.0   44.5   45.0   45.5   46.0   46.5   47.0   47.5   48.0   48.5   49.0   49.5   50.0   50.5   51.0   51.5   52.0   52.5   53.0   53.5   54.0   54.5   55.0   
U20   0.058537236758423664   0.11129606841438275   0.208622187935604   0.07446831072125784   0.03662005978688389   0.056437324175930295   -0.10014171603437962   0.24352453826997192   -0.060234004065550656   0.1787374013224482   0.20209074025041646   0.16399219313118168   -0.13529732517323417   -0.14237058384582169   0.12917541909647193   0.08518849562420959   -0.14126810541301085   -0.1385769068934273   -0.17436864661694593   -0.03615552266281663   0.006008782521251636   0.08488332133298777   -0.2898722379333545   -0.105321421725886   0.07844698196419837   0.22132244369613271   0.051662895176921575   -0.020898185909461763   0.2660163231199158   -0.049003811254271744   0.0019370832502392985   -0.07803862874328284   0.13002413733082158   0.11020237254591105   0.17651083918463326   -0.1891612023078815   -0.04186762499388085   -0.24971326472473246   -0.011744883979202885   -0.058545298107766555   0.2446560796794955   0.05995716213051962   -0.39634888909986865   -0.03148464999697503   0.22365032374277477   0.029558209069073967   -0.0927772596556087   0.08957833841185407   0.483432607094104   0.9432388311670509   0.8937372324813792   0.7651233250296889   1.0   0.4790829751721658   0.2313594295954027   0.3196563117829942   0.05429124741441867   -0.2600345439838712   -0.18459432610094767   -0.1661734071772276   -0.12684228123946137   -0.0004982932273941108   0.1025879484094392   0.11729744892808772   -0.4263821709659063   -0.16233655371126282   -0.12003438096849484   -0.37121887172280615   -0.15689622717228405   -0.0036451067161332924   -0.2971836685481576   -0.5135533911057661   -0.27522613582870514   0.07123402220667263   -0.04625733565216831   0.2227872809517751   0.3148526693698561   -0.14993506121457587   -0.4037003473997653   -0.03295968483197039   -0.22781887234704695   
T_sec   15.0   15.5   16.0   16.5   17.0   17.5   18.0   18.5   19.0   19.5   20.0   20.5   21.0   21.5   22.0   22.5   23.0   23.5   24.0   24.5   25.0   25.5   26.0   26.5   27.0   27.5   28.0   28.5   29.0   29.5   30.0   30.5   31.0   31.5   32.0   32.5   33.0   33.5   34.0   34.5   35.0   35.5   36.0   36.5   37.0   37.5   38.0   38.5   39.0   39.5   40.0   40.5   41.0   41.5   42.0   42.5   43.0   43.5   44.0   44.5   45.0   45.5   46.0   46.5   47.0   47.5   48.0   48.5   49.0   49.5   50.0   50.5   51.0   51.5   52.0   52.5   53.0   53.5   54.0   54.5   55.0   
U21   0.05622608742130816   -0.05082870708029649   0.08630226896526182   -0.023527945664839886   0.07660128621031942   0.14250632372484887   0.03186782307290844   0.09560623962899263   -0.006259709267971627   -0.019729062644679402   0.15490287130142785   0.13941852280365355   0.13837427395465454   0.11768276331734047   -0.14648830563199117   0.1515709488654782   0.14235823529045044   0.0660779871808219   0.06504594959168172   0.00807408729873643   0.10802115843715719   0.049908703981879125   -0.10114013232866925   -0.1096254543517544   -0.08751770470787433   -0.07382332634994769   0.15894668801804385   -0.035533123684709345   -0.06585156324837906   -0.06729739181519681   0.007804316206843276   -0.1642635119166595   -0.07238738853798779   -0.05161074375708689   0.032873307929238045   -0.007723454776809105   -0.2793950855553453   -0.1497120520120162   0.04911546131851957   0.17749075664217157   0.1635444046301674   -0.14425614039893134   -0.02386063481531007   -0.08012229297620208   0.08091613495273114   -0.02459690959154575   0.32168529277445806   0.4552979079015251   0.6554975748494706   0.5816798044980359   0.7295709258208756   1.0   0.7531598878958312   0.2679042544690745   0.14835744288103125   0.03431387510131144   0.07439444809823996   -0.23875138335710042   -0.3966715872052596   -0.15634284575100285   -0.2539331142661129   -0.12254295005089484   -0.21368266010580447   -0.1448492110502278   -0.14631984928183245   -0.19978283402399993   -0.054380812399819956   -0.2687261411166055   -0.0035811134846525762   -0.010630942810463768   -0.03827402375355088   -0.11484156926213362   -0.14861109674573844   -0.10607727076582904   0.0734848090735859   -0.006394950848366309   -0.24327295885472167   -0.22156760243697407   -0.09856159080654224   -0.11335496725540968   0.08431102234396581   
T_sec   15.0   15.5   16.0   16.5   17.0   17.5   18.0   18.5   19.0   19.5   20.0   20.5   21.0   21.5   22.0   22.5   23.0   23.5   24.0   24.5   25.0   25.5   26.0   26.5   27.0   27.5   28.0   28.5   29.0   29.5   30.0   30.5   31.0   31.5   32.0   32.5   33.0   33.5   34.0   34.5   35.0   35.5   36.0   36.5   37.0   37.5   38.0   38.5   39.0   39.5   40.0   40.5   41.0   41.5   42.0   42.5   43.0   43.5   44.0   44.5   45.0   45.5   46.0   46.5   47.0   47.5   48.0   48.5   49.0   49.5   50.0   50.5   51.0   51.5   52.0   52.5   53.0   53.5   54.0   54.5   55.0   
U22   -0.1500372972700069   0.19971701979180365   -0.06693735512583554   0.043713042011569676   -0.08287410869264285   0.23121274829299768   -0.1242158507215992   0.19936855426084255   0.04255509345378206   -0.031609627728530154   0.21715180368680864   0.011981131843139144   -0.059884686751515266   -0.09217225274790304   0.10487028581559853   -0.04096838625282453   -0.06663844010217439   0.1318761244254463   0.02331613204363919   0.05350489499378377   0.12769281575902203   0.04289081624218581   -0.11588161954245202   -0.1786327675249279   0.07167702839392615   0.014459348804351579   0.15846954129058496   -0.04458017436562172   0.1299672672851773   0.07114193145951332   0.03868548259150354   0.025025057903131042   -0.030364515150529344   0.15540899621897097   0.14294289287126133   0.119106565326211   -0.2408475440282954   -0.25733540544070366   -0.1939983393994142   -0.2205399026500934   -0.11072069786572067   -0.12580364575485556   0.01348917310511982   -0.13611334900870842   0.07693690426936062   0.046718191577610604   0.5375809186913565   0.5468982778071317   0.8354300321606273   0.7170384711826397   0.7394954459963168   1.0   0.39784088110384047   0.30713366386337504   0.38978402610234336   0.09229193346051066   0.23488643365835715   -0.06049348241111998   -0.6024170129335745   -0.15395436942139826   -0.2390991741768763   -0.004133635268306207   -0.12912986120393047   -0.1716706477848926   -0.058424753588066876   -0.20771584137845747   -0.0188564606295503   -0.08039871729950258   -0.059955978360139606   -0.20640935332443217   -0.26139858588165593   -0.06465610905819312   -0.12471741137828986   0.06717748775656116   0.047260091847268586   -0.061277481672776093   -0.07920488487733919   -0.10459136374704438   -0.13220685190995238   -0.17233146637214888   0.16887669977251457   
T_sec   15.0   15.5   16.0   16.5   17.0   17.5   18.0   18.5   19.0   19.5   20.0   20.5   21.0   21.5   22.0   22.5   23.0   23.5   24.0   24.5   25.0   25.5   26.0   26.5   27.0   27.5   28.0   28.5   29.0   29.5   30.0   30.5   31.0   31.5   32.0   32.5   33.0   33.5   34.0   34.5   35.0   35.5   36.0   36.5   37.0   37.5   38.0   38.5   39.0   39.5   40.0   40.5   41.0   41.5   42.0   42.5   43.0   43.5   44.0   44.5   45.0   45.5   46.0   46.5   47.0   47.5   48.0   48.5   49.0   49.5   50.0   50.5   51.0   51.5   52.0   52.5   53.0   53.5   54.0   54.5   55.0   
U23   0.03283190510483292   -0.07056023910071912   0.14186786693676368   -0.30453081145897537   -0.0047848936328525075   0.15922554193625743   0.007179977637687917   -0.0896126570134422   0.1681264833945931   0.030568517438028287   -0.08437668106770034   0.019239413162015634   0.04580778347488699   0.22876958271979922   -0.0286050806926295   -0.07147135378427318   -0.020193173004198237   -0.5106521600342916   0.2165025683660752   -0.01368779062034673   0.19486612829089142   -0.0024220240406599854   -0.12812415260374   0.14303917198046437   0.1468446407585499   0.0787120013162749   -0.2275665849229236   0.06114172898734761   0.17094331141127203   -0.031002675177870895   -0.05804276417004702   0.016238880908728912   0.21684215491992773   -0.06987805906176928   -0.2100218551430607   0.06307737643576752   0.054316303658486234   -0.0749170078230703   -0.013647611629342572   -0.01683038082783365   -0.13628605494223203   -0.005307151252695249   0.08958104631468104   0.27580721203302544   0.1991682602560778   0.7424052800635106   0.8531402677936578   1.0   0.5607527374588867   0.80965974029793   0.9174328741549275   0.9510790706255295   0.12685334832304385   0.30240937299927045   0.5473626888374061   0.13920639364027684   0.17083037174248192   -0.039065744967967074   -0.4164521630973126   -0.46752509989986285   -0.2563381009432442   0.01260771416402186   -0.15876969084096948   -0.09466263566222341   -0.07178456504525399   -0.2349481227719524   -0.06228615731175505   0.09938114859902303   0.002938624127880548   -0.12719558412741377   0.05020043511677107   -0.13182619453800357   -0.1847845884035771   -0.31346318318404304   -0.14780941002905992   -0.23703598906893894   -0.26419135300681046   0.12553699233942947   -0.4238803196486233   -0.09460186295257891   0.2562173627466444   
T_sec   15.0   15.5   16.0   16.5   17.0   17.5   18.0   18.5   19.0   19.5   20.0   20.5   21.0   21.5   22.0   22.5   23.0   23.5   24.0   24.5   25.0   25.5   26.0   26.5   27.0   27.5   28.0   28.5   29.0   29.5   30.0   30.5   31.0   31.5   32.0   32.5   33.0   33.5   34.0   34.5   35.0   35.5   36.0   36.5   37.0   37.5   38.0   38.5   39.0   39.5   40.0   40.5   41.0   41.5   42.0   42.5   43.0   43.5   44.0   44.5   45.0   45.5   46.0   46.5   47.0   47.5   48.0   48.5   49.0   49.5   50.0   50.5   51.0   51.5   52.0   52.5   53.0   53.5   54.0   54.5   55.0   
U24   0.10593051301415392   0.057842586089900394   -0.14417020546900935   0.15556173276080282   0.05271200526001639   -0.21728616968590794   0.19380749143663556   0.16941314722901313   0.37984688836984654   0.24550524466055706   -0.11507454171402849   0.018466800127496123   0.0030426233780057217   0.10543620662270746   -0.049070558112697164   0.004794218255942761   -0.0417290112620217   0.12002824177115338   0.26830932244770833   -0.038835400857090994   -0.043824551367475185   -0.00895882371225372   0.2311564987979492   0.2738102754782131   -0.09362445958033314   -0.022732560062022268   -0.1842309745597005   0.10312401020486069   -0.14012604083184407   -0.12527166734405076   0.0926072656927753   -0.029332942950771063   0.3429121448491912   -0.005708365022692331   -0.05118635834883344   0.15018384983329833   0.07709379225780151   -0.06309050502763375   -0.01933216510178496   0.03748223424060092   0.20646383330492207   -0.023387974997898235   0.02742756840218936   0.1598548418806056   0.4519018364373068   0.6622787359764493   1.0   0.8824708183415265   0.7803125991069054   0.6560401585507022   0.8386909767810371   0.6608517194318642   0.41891109112284514   0.2839834188801028   0.3569956958174119   0.27342653678881446   -0.2261508993402401   -0.12573323139715542   -0.3630717388431033   -0.6095248700514541   -0.08835132873229874   -0.20008243561678604   -0.18681409783565248   -0.11996450810850301   -0.23477063129282075   -0.1707488958744027   -0.3797617874093983   -0.2411973095786044   -0.07261242450561599   -0.10363020105632137   -0.25806907260464246   -0.054761994335886466   -0.24632543608328197   -0.09129662589822249   -0.014170551341453671   0.051002263492970726   -0.04304922888499909   -0.14542209414440319   0.12053191203475742   -0.2189846271878708   -0.1494013143684655   
T_sec   15.0   15.5   16.0   16.5   17.0   17.5   18.0   18.5   19.0   19.5   20.0   20.5   21.0   21.5   22.0   22.5   23.0   23.5   24.0   24.5   25.0   25.5   26.0   26.5   27.0   27.5   28.0   28.5   29.0   29.5   30.0   30.5   31.0   31.5   32.0   32.5   33.0   33.5   34.0   34.5   35.0   35.5   36.0   36.5   37.0   37.5   38.0   38.5   39.0   39.5   40.0   40.5   41.0   41.5   42.0   42.5   43.0   43.5   44.0   44.5   45.0   45.5   46.0   46.5   47.0   47.5   48.0   48.5   49.0   49.5   50.0   50.5   51.0   51.5   52.0   52.5   53.0   53.5   54.0   54.5   55.0   
U25   0.05256805324683035   -0.1325072226377968   -0.1440944022430672   0.105832219756808   -0.027296885185646467   0.06039080421643328   0.016972569245679827   -0.014315591816497534   0.3036719529041285   0.0820692717709701   -0.052253310637228795   -0.1019821696797641   -0.23567592677656649   0.09297443085758127   0.19071197278412247   -0.27740159797084324   0.06289628266331838   0.0630427564629016   -0.2685851726564148   -0.12901037592077713   0.14800686638944416   -0.004254714548468245   -0.14790627537897008   0.08875156999459262   -0.2420670631762323   0.12915030571324804   0.2124528114062489   0.04649335552725473   -0.1429078368530071   -0.1979221618231681   -0.17254687344957445   0.07548082741185688   -0.016318395857415468   -0.09306166490443135   -0.20193965023661653   0.08861111358281192   0.04785445810110748   0.07446988163154747   -0.1772410022238846   0.15563713476624583   0.031305912969853446   0.10843272122137934   0.2655848712713856   0.5127103009882787   1.0   0.6330684649418774   0.9474039588698994   0.9684282435014627   0.6811712230934287   0.7256421024697837   0.9115418488872938   0.5274987949769956   0.27342538541380024   0.2280135037207155   0.3162409636161066   -0.31826137454173675   -0.4007352173904929   -0.3438555498783017   0.05160049783264796   -0.41183917816595833   -0.1964027585414704   -0.15901597143870833   0.04167281522133935   -0.11828352603970692   -0.1735807282394174   -0.6811308876161113   -0.4242124452007052   -0.14596469941431153   -0.3133104536056675   -0.14288005885260915   -0.02836103423794678   -0.2869426279133871   -0.18038997263568224   -0.14740938693785272   -0.051433922185054826   -0.03805460609012821   -0.11771349619940706   0.016411224254327565   0.09395001922660838   0.06951669235996134   -0.2122376909103321   
T_sec   15.0   15.5   16.0   16.5   17.0   17.5   18.0   18.5   19.0   19.5   20.0   20.5   21.0   21.5   22.0   22.5   23.0   23.5   24.0   24.5   25.0   25.5   26.0   26.5   27.0   27.5   28.0   28.5   29.0   29.5   30.0   30.5   31.0   31.5   32.0   32.5   33.0   33.5   34.0   34.5   35.0   35.5   36.0   36.5   37.0   37.5   38.0   38.5   39.0   39.5   40.0   40.5   41.0   41.5   42.0   42.5   43.0   43.5   44.0   44.5   45.0   45.5   46.0   46.5   47.0   47.5   48.0   48.5   49.0   49.5   50.0   50.5   51.0   51.5   52.0   52.5   53.0   53.5   54.0   54.5   55.0   
U26   -0.012697209511049494   -0.10388979936013341   -0.14336523588167707   0.0644857797648422   -0.03452378324905938   0.179697583303222   -0.003010751379517523   -0.1166563500648577   0.04374826923845602   0.08858583161444927   -0.06713497565703212   -0.2452545243400989   -0.16832482612010066   0.04634527955618068   -0.16084615347803455   0.047908449970725214   0.007903467000556219   -0.06886921010632971   0.0791921567643456   0.05746001904783861   0.05554164345991773   0.10540795913749534   0.01104149102912231   -0.027489509589910758   -0.15978382998118576   0.02701630177319812   -0.09515126642641791   0.02599693300002829   -0.17113897304019507   0.0950027319285555   -0.22963311068738082   0.07202849982527204   -0.04934811487997656   -0.23366366912092787   0.18217634844387892   0.278725417054342   -0.009888041328472635   0.2660944524558134   0.05333696416741529   0.09646674213817054   0.19966791216754726   0.263065463176124   0.680058587299593   1.0   0.8612344642096369   0.9359749569498392   0.6039250169249314   0.35123119643077805   0.5515062773746783   0.6381901694404528   0.7120221163685938   0.34188820421952376   0.3801735712787633   0.1880650438509628   -0.41265211408585006   -0.6161579519861683   -0.43435311234979673   -0.08601867754591737   0.32472600773482974   -0.03400228554104987   -0.2532023181799648   -0.43940221789975864   -0.16191682674174787   -0.2222203607731384   -0.1255948285960365   -0.2444393710943878   -0.1601707812997909   -0.02003194253528845   -0.12730841084210884   0.004324906395382983   -0.1316746148450982   -0.10548986547886778   -0.020579614101992244   -0.21977701834908053   -0.1670644710140553   0.029425980104087115   -0.02800677584849332   0.021500318756596123   0.0627984938468755   0.027825098853365576   0.015444670001569894   
T_sec   15.0   15.5   16.0   16.5   17.0   17.5   18.0   18.5   19.0   19.5   20.0   20.5   21.0   21.5   22.0   22.5   23.0   23.5   24.0   24.5   25.0   25.5   26.0   26.5   27.0   27.5   28.0   28.5   29.0   29.5   30.0   30.5   31.0   31.5   32.0   32.5   33.0   33.5   34.0   34.5   35.0   35.5   36.0   36.5   37.0   37.5   38.0   38.5   39.0   39.5   40.0   40.5   41.0   41.5   42.0   42.5   43.0   43.5   44.0   44.5   45.0   45.5   46.0   46.5   47.0   47.5   48.0   48.5   49.0   49.5   50.0   50.5   51.0   51.5   52.0   52.5   53.0   53.5   54.0   54.5   55.0   
U27   -0.09197782017997906   0.35620418161807144   -0.015798001496559397   -0.11448376188145076   -0.04622451792753372   0.18676249236429168   0.20239193685226226   -0.027196472906918536   0.16264061631773344   -0.172700295177504   0.2014446764569122   0.12417549260482397   -0.08146410949653697   0.1155341392375622   -0.1032346590353908   -0.10384787906939899   -0.032714269762690866   0.10195777646824927   -0.11236950808789711   0.45578436574052983   0.017170254246698758   0.06400504338633585   0.0224486147121315   -0.13965540485295982   0.16777159530934976   0.014448093941217268   0.001452800131937365   -0.06662920077759253   -0.021372698912074998   0.23048218880868945   -0.13143830825575234   0.03196360323210264   0.12040053641113027   0.21026970330181693   -0.05536875781237086   0.08785284405784875   -0.12874987605409358   0.1589528020979351   -0.09994179399948208   0.17070009563146765   0.3840199824438107   0.543045137046829   0.8412372399498986   1.0   0.8744043643480442   0.6335248335958928   0.7274570688553135   0.6230450716448813   0.8071574753764056   0.5515868704881395   0.4447683180711894   -0.005331211519697635   0.5432765995371283   0.467389447432554   -0.41614892352205674   -0.7661802373072715   -0.5159895608063456   0.08701977956588745   0.19230235519515526   0.015349513527865805   -0.4114598314746155   -0.37995840898904043   -0.34286989117409944   -0.3420452102280327   0.03524969410312046   -0.05040467916830855   -0.0515121173282422   -0.013782057888198205   0.08017346531781709   0.16597885430202516   -0.10612184338546356   0.07679514757844234   -0.2076049005297378   0.1774361438313627   -0.08118779609737999   -0.043545434902480515   -0.14194275569855122   -0.14147222249391928   0.11720680226188035   -0.003374575778654237   0.4385456215344524   
T_sec   15.0   15.5   16.0   16.5   17.0   17.5   18.0   18.5   19.0   19.5   20.0   20.5   21.0   21.5   22.0   22.5   23.0   23.5   24.0   24.5   25.0   25.5   26.0   26.5   27.0   27.5   28.0   28.5   29.0   29.5   30.0   30.5   31.0   31.5   32.0   32.5   33.0   33.5   34.0   34.5   35.0   35.5   36.0   36.5   37.0   37.5   38.0   38.5   39.0   39.5   40.0   40.5   41.0   41.5   42.0   42.5   43.0   43.5   44.0   44.5   45.0   45.5   46.0   46.5   47.0   47.5   48.0   48.5   49.0   49.5   50.0   50.5   51.0   51.5   52.0   52.5   53.0   53.5   54.0   54.5   55.0   
U28   -0.019345870651559   -0.04440501634278589   0.1559404480738232   -0.22306112441652506   0.20750090725329065   0.03274266635598533   -0.1578416436885013   0.010880988133001285   0.1289227552043237   -0.05546883050427017   -0.14798915212441374   0.1618554833440782   0.12507090608230523   -0.04933529102171916   0.11616963728101386   -0.13383682712619147   -0.2539792367270748   -0.0017805902607292738   -0.3176850241354231   -0.05112533185613399   -0.028467253901595404   -0.024877887550353892   -0.13297514366869614   -0.37812778090841126   0.04917903102858032   -0.07194144042274073   0.06668218832328435   -0.024982393475787165   0.060655409102983275   0.08279249631584636   0.06468368872154436   0.0028396604979520758   -0.08618855230981674   -0.11946484377058271   -0.05625259080538493   -0.03370928318932046   0.10798482210281773   0.025087257956052822   0.05163170677481065   0.21983705293351896   0.27944899729257255   1.0   0.9716843717840606   0.8697845732692213   0.7553011850606971   0.32362805967986563   0.7446131459342268   0.44891049785048087   0.45083301225451006   0.17927966046663363   -0.015402926720035322   0.21587030687065598   0.3577842716392695   0.215470320735605   -0.4303342178254128   -0.32566329508242786   -0.3936144273228968   -0.029708893685814496   0.08539739360345157   0.18929355816235963   -0.17105521912993132   -0.37242115629378086   -0.08911238649586357   -0.017569332183904184   0.09175435900630925   -0.308011350501394   -0.0007319483930810283   -0.036025885853253434   -0.14553862794364975   -0.44240229227524464   0.08745804126469664   -0.0470244409017376   0.18040819703408909   0.13027606987767704   0.042689487664246406   0.09776236089085755   0.19161105245467455   0.014898616747365152   0.012070648764610508   0.028416300262459823   -0.17491993897566527   
T_sec   15.0   15.5   16.0   16.5   17.0   17.5   18.0   18.5   19.0   19.5   20.0   20.5   21.0   21.5   22.0   22.5   23.0   23.5   24.0   24.5   25.0   25.5   26.0   26.5   27.0   27.5   28.0   28.5   29.0   29.5   30.0   30.5   31.0   31.5   32.0   32.5   33.0   33.5   34.0   34.5   35.0   35.5   36.0   36.5   37.0   37.5   38.0   38.5   39.0   39.5   40.0   40.5   41.0   41.5   42.0   42.5   43.0   43.5   44.0   44.5   45.0   45.5   46.0   46.5   47.0   47.5   48.0   48.5   49.0   49.5   50.0   50.5   51.0   51.5   52.0   52.5   53.0   53.5   54.0   54.5   55.0   
U29   0.010616871387104643   -0.05044163618535617   -0.0393824820473719   -0.03757526602265474   -0.15551674210170127   0.13177201534489827   0.05036139855847014   -0.1717135804895565   0.13855556960175158   -0.13646694808684318   -0.017296483544650472   -0.19172247615717533   0.11011931530547522   -0.04785172080804221   -0.0787521217327592   0.09434114158689685   0.027026343582239362   -0.046790362681981695   -0.1355020231940692   -0.05920998742567174   0.013520456777029576   -0.0983953845173062   -0.01192325839190861   0.04913114481130625   -0.033408809404429175   0.19237873142178719   -0.27922259693373314   0.15026063915193882   -0.12171792372808923   -0.01906458223601619   -0.012872280817066305   -0.2873912902186019   0.1812268484793278   -0.21973334820679027   -0.16268710090936786   0.0010877725975113565   0.055196436694513414   0.07351544167634567   -0.12723549873569498   0.35732169430449584   0.6689454309525457   0.8026864367874241   1.0   0.43175940162454335   0.49604874607438126   0.310147567723767   0.5991484495757148   0.38622346227027177   0.052441854486178024   0.19756161819690293   0.27818587999599415   0.40578944859351773   0.4439396825053728   0.13398938795378348   -0.5614817812008036   -0.5333161108001854   -0.1297030585000145   -0.06493912565255267   0.3187549518337889   0.48343946211366434   -0.016086535109905608   -0.3799166541006341   -0.15381628028738628   -0.13135378108727347   -0.16535075797531595   -0.20402779098343798   -0.07384133760793284   -0.22052164516268652   0.05497252367283365   -0.11053908826526511   0.04914492695137007   0.03038221961160835   0.14193794434071857   -0.17299497525147553   0.23066443317567836   0.02247541768417919   -0.04338177303188141   0.1435122301972125   0.2518908444007251   0.08194303284452834   0.1673051505571622   
T_sec   15.0   15.5   16.0   16.5   17.0   17.5   18.0   18.5   19.0   19.5   20.0   20.5   21.0   21.5   22.0   22.5   23.0   23.5   24.0   24.5   25.0   25.5   26.0   26.5   27.0   27.5   28.0   28.5   29.0   29.5   30.0   30.5   31.0   31.5   32.0   32.5   33.0   33.5   34.0   34.5   35.0   35.5   36.0   36.5   37.0   37.5   38.0   38.5   39.0   39.5   40.0   40.5   41.0   41.5   42.0   42.5   43.0   43.5   44.0   44.5   45.0   45.5   46.0   46.5   47.0   47.5   48.0   48.5   49.0   49.5   50.0   50.5   51.0   51.5   52.0   52.5   53.0   53.5   54.0   54.5   55.0   
U30   0.2849376672080058   -0.005581045280126163   -0.009904500511521173   -0.0021881268027958054   0.04538206549607527   0.15944525574037405   0.2224758481209339   0.010463446686166519   -0.009994536626210623   0.18475014424042926   -0.12536655777680317   0.05462703465553216   -0.021551143227486882   0.1982935134658757   -0.08436450225444274   0.10926683030470373   -0.19447686558673807   -0.0024237507632056724   0.11139771738439291   0.1765945937302572   0.24502739413143226   -0.2512592279265687   0.000646622450203416   -0.0039346770902986   0.2133108113987996   -0.06228417948694887   0.10391547288963512   -0.022496384358134492   -0.05437001876282681   0.14036750816563387   -0.18866620127784126   0.09412589001639593   -0.17775372796888217   -0.07397972750369339   -0.0788025739277922   0.020540661221722947   0.04101581579925085   -0.11606118320704029   0.7247938649913831   1.0   0.8412955031718945   0.6112061450790635   0.6775505707991012   0.6421426300038561   0.34296492356722397   0.22774114956892352   0.09795347268892714   0.03940651527945471   0.007392636871047935   0.3549899799817157   0.20204148390159202   -0.0482958064989583   0.34261178835744277   -0.3077703100189898   -0.7632107945723158   -0.16737424262281533   -0.19636995165873566   0.3636198296013293   0.16581530410089496   0.28123901159173254   0.08686759555002922   0.07761637920501659   -0.15475339947516603   -0.2735152691734773   0.08606556394493649   -0.43028599441519844   -0.38578564698354967   -0.0790440343043352   -0.20292328769876375   -0.1575125169412496   0.13119435446913785   -0.06480431237191532   0.43242319867562046   0.4079969187118997   0.20053757152118915   -0.05215485330010366   -0.08279904773059324   0.05585423168972312   0.21547048595517568   -0.17505503575954906   0.23445825378802218   
T_sec   15.0   15.5   16.0   16.5   17.0   17.5   18.0   18.5   19.0   19.5   20.0   20.5   21.0   21.5   22.0   22.5   23.0   23.5   24.0   24.5   25.0   25.5   26.0   26.5   27.0   27.5   28.0   28.5   29.0   29.5   30.0   30.5   31.0   31.5   32.0   32.5   33.0   33.5   34.0   34.5   35.0   35.5   36.0   36.5   37.0   37.5   38.0   38.5   39.0   39.5   40.0   40.5   41.0   41.5   42.0   42.5   43.0   43.5   44.0   44.5   45.0   45.5   46.0   46.5   47.0   47.5   48.0   48.5   49.0   49.5   50.0   50.5   51.0   51.5   52.0   52.5   53.0   53.5   54.0   54.5   55.0   
U31   0   0   0   0   0   0   0   0   0   0   0   0   0   0   0   0   0   0   0   0   0   0   0   0   0   0   0   0   0   0   0   0   0   0   0   0   0   0   0   0   0   0   0   0   0   0   0   0   0   0   0   0   0   0   0   0   0   0   0   0   0   0   0   0   0   0   0   0   0   0   0   0   0   0   0   0   0   0   0   0   0   
T_sec   15.0   15.5   16.0   16.5   17.0   17.5   18.0   18.5   19.0   19.5   20.0   20.5   21.0   21.5   22.0   22.5   23.0   23.5   24.0   24.5   25.0   25.5   26.0   26.5   27.0   27.5   28.0   28.5   29.0   29.5   30.0   30.5   31.0   31.5   32.0   32.5   33.0   33.5   34.0   34.5   35.0   35.5   36.0   36.5   37.0   37.5   38.0   38.5   39.0   39.5   40.0   40.5   41.0   41.5   42.0   42.5   43.0   43.5   44.0   44.5   45.0   45.5   46.0   46.5   47.0   47.5   48.0   48.5   49.0   49.5   50.0   50.5   51.0   51.5   52.0   52.5   53.0   53.5   54.0   54.5   55.0   
U32   -0.10696808363396941   -0.035581816895591874   -0.10687038926629251   -0.1278173312826396   -0.02279676694393494   -0.28096381485917343   0.016163819319839495   0.046505733040684755   -0.04973994114009843   0.002658874899435274   0.1377714832496382   0.4985634340570026   0.10902552764112507   -0.13896394456055108   -0.07590001696206607   0.06407282757823406   -0.09882370198174831   -0.15350363516336835   0.09044702127436863   0.21760825537570783   0.23384664625679602   0.04038346684879903   -0.21123203770944388   0.18789546587904216   -0.15166637445973524   0.020495343600111435   0.21472013304775253   0.12102626258520313   -0.10273273644273234   0.03946564482853444   0.05537328187938323   0.1575419011456118   0.21048886378745268   -0.08509516965789352   -0.03953460669323188   0.315692012499718   0.5557060936071369   1.0   0.9220114062910588   0.8856157351430158   0.8092649864995655   0.22047418725591927   0.18433425509359966   -0.002018121824258805   0.14028861488285949   -0.28689838263253203   -0.21329387609729714   0.014585092285765197   0.2130552550400225   0.4061795083627021   0.2102571858307536   -0.19446237486481058   -0.010206760509333597   -0.5972592193919162   -0.4909684225948162   -0.1757958215735842   0.10900814818591814   0.2620592235041895   0.09244130863339778   0.12934186059627123   0.21805290257129264   -0.014233266252077603   -0.24229886282743826   -0.2243417730006541   -0.14006375234536123   0.024131815487530656   -0.4062367342230871   -0.10141758890171852   -0.06851645064613983   0.1506856818009119   -0.08758716055669971   0.07506221137607377   0.30160732875339535   0.2663163044963249   -0.07063764080306323   0.12298082632693545   -0.19157111361800291   -0.06562326945193656   0.3001135155835506   0.09879557460459105   -0.027166521552132325   
T_sec   15.0   15.5   16.0   16.5   17.0   17.5   18.0   18.5   19.0   19.5   20.0   20.5   21.0   21.5   22.0   22.5   23.0   23.5   24.0   24.5   25.0   25.5   26.0   26.5   27.0   27.5   28.0   28.5   29.0   29.5   30.0   30.5   31.0   31.5   32.0   32.5   33.0   33.5   34.0   34.5   35.0   35.5   36.0   36.5   37.0   37.5   38.0   38.5   39.0   39.5   40.0   40.5   41.0   41.5   42.0   42.5   43.0   43.5   44.0   44.5   45.0   45.5   46.0   46.5   47.0   47.5   48.0   48.5   49.0   49.5   50.0   50.5   51.0   51.5   52.0   52.5   53.0   53.5   54.0   54.5   55.0   
U33   0.05033652955729819   -0.32208222324024643   -0.129439204845701   0.16645061835035577   -0.011296619461158881   0.04147499762777596   -0.0564623695503645   0.04032168093134881   -0.10533689743409941   0.18265080403672196   0.16942871916493601   0.048519283719025   -0.04006218030766125   -0.18175156366297712   -0.23445837685025134   -0.056569866594192775   0.1416889886057912   -0.14483555219507752   -0.020867680336292285   -0.2082197935653001   -0.22634788669363823   -0.044975426741384585   0.03248870988225643   0.008194928474283991   0.04861069687701401   0.11711362444553866   -0.06777421906924078   0.05606051518470746   0.1701294750678962   -0.046062989109164246   -0.06278319488671176   0.13599720695704723   -0.006325271610673828   0.02764096373290913   0.17792235442178775   0.3345738637520737   0.9595089036285737   0.8107379452512654   1.0   0.4461027763420174   0.1430576980124125   0.021489738441706412   -0.23114905686616388   -0.07076133638484852   -0.0034695408891419117   -0.026522729233327068   0.13834087136834816   0.03330966624270898   0.29638185594594885   0.006395192230452728   0.4677990089250048   0.21225686868675336   -0.13908778056993612   -0.608468497505226   -0.37448937815622896   0.21340448820653432   0.25173533971086276   0.17510532689400235   0.12699126491169213   0.08820475061814133   0.029541097742896393   -0.25590334202034937   0.11094498741874603   -0.07516364668908095   -0.11205709435444682   -0.4557622255755546   -0.14573244105530786   -0.30873252263738254   -0.19872670221894984   0.18060948320293144   -0.1844547629400453   0.11653004189767383   -0.0422282146139169   -0.09131107082924113   0.018511722218581467   -0.06170032867426341   -0.15477219494341155   -0.03615133482946303   -0.03659216850421046   0.1384143916097836   0.08237610659118921   
T_sec   15.0   15.5   16.0   16.5   17.0   17.5   18.0   18.5   19.0   19.5   20.0   20.5   21.0   21.5   22.0   22.5   23.0   23.5   24.0   24.5   25.0   25.5   26.0   26.5   27.0   27.5   28.0   28.5   29.0   29.5   30.0   30.5   31.0   31.5   32.0   32.5   33.0   33.5   34.0   34.5   35.0   35.5   36.0   36.5   37.0   37.5   38.0   38.5   39.0   39.5   40.0   40.5   41.0   41.5   42.0   42.5   43.0   43.5   44.0   44.5   45.0   45.5   46.0   46.5   47.0   47.5   48.0   48.5   49.0   49.5   50.0   50.5   51.0   51.5   52.0   52.5   53.0   53.5   54.0   54.5   55.0   
U34   0.09841160746683308   -0.052261788046616034   0.20300348199679144   -0.1930773680169746   0.06512589638089283   -0.00431816321824738   0.08955251161486867   -0.08773183073483373   0.10034149084468487   0.28401818243820565   -0.023396197784141006   0.041835525886417896   -0.06825899019422471   -0.018681921206697382   0.05295674144425596   -0.19659539968612258   -0.030337877839067846   0.13701020438339429   0.10923908542322969   0.08485398715412842   -0.21688096395971693   -0.015357061280703454   0.2610629142298766   -0.21115021911302834   0.12138383126265931   0.10290826204294778   -0.19390705926272075   -0.08841322462285489   0.037683252380235885   -0.1278469513639035   -0.06396407528214303   0.004654904618294812   0.28370683454960743   -0.13326316529217974   0.16326310557090526   0.5251028219559598   0.9985119030741562   1.0   0.9974060488973011   0.2571835688277266   -0.07368666297915832   -0.017616947902334094   -0.004795295535922753   -0.16654180568795499   0.0009116325130438405   -0.0029231264687395223   -0.12961914188825271   0.1215076229459925   0.19155946979739558   -0.014115319144218976   0.03246793017836981   -0.2576117031698579   -0.07368932861232444   -0.47627258880097895   -0.2199405962071378   0.05900794070053957   -0.09933960224638876   -0.1816776616672867   0.1190533133125712   0.2548025381391422   0.4118077671584854   0.002299567678423734   -0.03943477336055137   -0.0363613945810072   -0.05532831411177821   0.06057182361283286   -0.2645542209007422   -0.013627318379394945   0.25045364782623647   0.25197840375771097   -0.3226857932118891   -0.04206238227426755   0.09746540780872427   -0.04511259714079082   0.15800248150688315   0.17295762539382514   0.20705493028347755   -0.21295672831496357   0.15881651346914197   0.1542103333885265   0.012615218674192638   
T_sec   15.0   15.5   16.0   16.5   17.0   17.5   18.0   18.5   19.0   19.5   20.0   20.5   21.0   21.5   22.0   22.5   23.0   23.5   24.0   24.5   25.0   25.5   26.0   26.5   27.0   27.5   28.0   28.5   29.0   29.5   30.0   30.5   31.0   31.5   32.0   32.5   33.0   33.5   34.0   34.5   35.0   35.5   36.0   36.5   37.0   37.5   38.0   38.5   39.0   39.5   40.0   40.5   41.0   41.5   42.0   42.5   43.0   43.5   44.0   44.5   45.0   45.5   46.0   46.5   47.0   47.5   48.0   48.5   49.0   49.5   50.0   50.5   51.0   51.5   52.0   52.5   53.0   53.5   54.0   54.5   55.0   
U35   0.05769385808886718   -0.014959316029693541   -0.037069554492095466   -0.02820154564790286   0.2860378887394161   0.15228923552692364   -0.21290781083057025   0.08402590782165074   0.179021430793641   0.020611983572876535   -0.005341919833715957   -0.008061026326814213   -0.09550288704799838   -0.006704484888640331   0.08299903888018491   0.12171870349148514   0.18444489438111814   0.0184137512274997   0.16297830919550674   -0.09489318360523395   0.03526117694212153   -0.0625405018006119   0.15380312050664394   -0.09830319636423918   -0.04368823092536552   0.23725963288725974   -0.07897065378095063   -0.03495865181685344   -0.005918379505377993   -0.09628586440123099   0.08731541897900734   0.18217580647362674   0.10389322038505634   0.4003765529300223   0.8481544814083519   1.0   0.8170367739150644   -0.0736243255761221   0.38120587239119413   0.03506220903078256   0.17992502227725463   0.10436433781165834   -0.08880801017516614   0.007645170495945365   0.006541938893452551   -0.1456004220817075   0.04603939584091218   -0.10805718095176804   0.04518208448369567   -0.2360242057423193   -0.030218777341808594   -0.037455926617976386   -0.2785095772895718   -0.2882904240498026   -0.0861084608343568   0.21463500995802876   0.04702742451528195   0.29615627870493494   -0.03427553837044031   -0.07266055514584698   -0.07472311320156624   -0.012577992230950855   -0.1463911832057948   -0.24001045578671235   -0.10724408707821902   0.2932901291261164   -0.16595912697571932   -0.17921374890636893   -0.06839759376101362   0.004736657293290048   -0.0314362759464255   0.07890210624018967   -0.17210395887868737   0.04617521769780419   -0.05941158809339287   0.13386433994487773   0.00822054100963323   -0.05105005206755953   0.06392903144959311   -0.04835173301412105   0.03508430912337723   
T_sec   15.0   15.5   16.0   16.5   17.0   17.5   18.0   18.5   19.0   19.5   20.0   20.5   21.0   21.5   22.0   22.5   23.0   23.5   24.0   24.5   25.0   25.5   26.0   26.5   27.0   27.5   28.0   28.5   29.0   29.5   30.0   30.5   31.0   31.5   32.0   32.5   33.0   33.5   34.0   34.5   35.0   35.5   36.0   36.5   37.0   37.5   38.0   38.5   39.0   39.5   40.0   40.5   41.0   41.5   42.0   42.5   43.0   43.5   44.0   44.5   45.0   45.5   46.0   46.5   47.0   47.5   48.0   48.5   49.0   49.5   50.0   50.5   51.0   51.5   52.0   52.5   53.0   53.5   54.0   54.5   55.0   
U36   -0.034709367696771194   0.05385933228786788   -0.24209676827858506   0.010088538094826766   -0.16945354608397886   -0.025403968220835953   0.2197022754957492   -0.19162795379311814   0.04538969598837522   0.08231672350261197   -0.055308152109796484   -0.2100937170636638   0.10105256732360467   0.08464246594147345   -0.07080812464572335   0.11480222282557405   0.13857559624747243   0.05253046888124088   0.09449068884053174   -0.27455004257282045   0.0062228596708282105   -0.05002852355670726   0.08963619315351198   0.07777489753124729   0.1601719636549624   0.04760907182797781   -0.22615071155056848   0.13925331547861272   -0.12175030571568377   -0.04508969408430712   0.030791223234100648   0.1711924905077916   0.5238579677256405   0.7515058041417796   1.0   0.20924059943209988   -0.06361154033099338   0.038848651488635755   -0.0433576185547948   0.1531668693563544   0.08588652260598947   -0.2529410839638155   -0.10072083630411786   0.216010102692186   -0.12264881387394984   0.02660759704600921   0.004340496158857456   0.015209266466986476   0.06067661360593109   0.004748793341015801   -0.05587157205213003   -0.058706325593851305   -0.10743808551769801   0.008068210825978526   -0.09712090100445815   -0.10973558044681266   0.055398900152713856   -0.024911951684651476   0.25870099749967534   0.016190340920920886   0.08821142266940428   0.08583052835016254   -0.0994482664136309   0.04716791186530327   0.08595222337877353   -0.060339878118009935   -0.16253256005138017   -0.012990153503179207   0.09620206242128704   -0.05638873205623893   0.09645190244398573   0.016737922016484413   0.03708259145352059   0.0158784069519612   0.005323152765397593   -0.137361066820814   0.23767623089467965   -0.1281229249787114   -0.09463996990566644   0.294607287339213   -0.35892029793756797   
T_sec   15.0   15.5   16.0   16.5   17.0   17.5   18.0   18.5   19.0   19.5   20.0   20.5   21.0   21.5   22.0   22.5   23.0   23.5   24.0   24.5   25.0   25.5   26.0   26.5   27.0   27.5   28.0   28.5   29.0   29.5   30.0   30.5   31.0   31.5   32.0   32.5   33.0   33.5   34.0   34.5   35.0   35.5   36.0   36.5   37.0   37.5   38.0   38.5   39.0   39.5   40.0   40.5   41.0   41.5   42.0   42.5   43.0   43.5   44.0   44.5   45.0   45.5   46.0   46.5   47.0   47.5   48.0   48.5   49.0   49.5   50.0   50.5   51.0   51.5   52.0   52.5   53.0   53.5   54.0   54.5   55.0   
U37   0.15808789881131785   0.03496743195116651   0.050158748149106154   -0.07045903606763858   -0.07893694371234565   -0.23987510683522387   0.09170887782812683   0.23321352844788124   0.06106526350049677   0.05817493571741248   -0.1279279889645694   0.13959747964881206   -2.510801720968234e-05   0.06496213849946628   -0.12530543314438983   0.1794876786418281   0.1414952840437666   -0.2512368140144898   0.13638530582861222   0.08373787798292821   -0.1724968007941134   0.01556479979158425   0.135817862125313   -0.13104633926964768   0.16117152558757983   -0.07038002117680546   0.07793637245402725   0.11200050249192112   0.041216850961044535   -0.03952770556377988   -0.09007846344395629   0.14810371538302838   0.7428302695069837   1.0   0.3752044525927739   -0.39467445188381395   0.036104181397973445   -0.33765784814946126   0.151036210121665   0.04450279941351544   0.1286876909408394   0.24510693209035478   -0.21168525610731387   0.21510809893742866   0.09867109429066791   -0.07793781105031644   0.08815379587175223   0.2926368380406746   -0.011259321151228775   -0.08581946611186674   -0.0712562796568369   -0.007380952265145603   0.12386070503843527   -0.14856618948155256   -0.1527662344180186   -0.19755108161106166   0.25421139338016796   0.12972188020525485   -0.1211912484577161   0.2163351753225468   0.020581544507522122   -0.13572483028134336   -0.0717512943022188   0.017567558761964162   0.07263524440573618   -0.04103023364678776   0.24436188517709287   0.1148056608412947   -0.042935565135613835   0.19915964200905606   -9.052669863967615e-05   0.26823612230369037   -0.27556393758279785   -0.028453851387743954   0.07562898789873358   -0.13300499529094953   0.08264348426393386   -0.09358455049709266   0.11787015950989813   -0.06237904001959163   0.24110871322392868   
T_sec   15.0   15.5   16.0   16.5   17.0   17.5   18.0   18.5   19.0   19.5   20.0   20.5   21.0   21.5   22.0   22.5   23.0   23.5   24.0   24.5   25.0   25.5   26.0   26.5   27.0   27.5   28.0   28.5   29.0   29.5   30.0   30.5   31.0   31.5   32.0   32.5   33.0   33.5   34.0   34.5   35.0   35.5   36.0   36.5   37.0   37.5   38.0   38.5   39.0   39.5   40.0   40.5   41.0   41.5   42.0   42.5   43.0   43.5   44.0   44.5   45.0   45.5   46.0   46.5   47.0   47.5   48.0   48.5   49.0   49.5   50.0   50.5   51.0   51.5   52.0   52.5   53.0   53.5   54.0   54.5   55.0   
U38   0   0   0   0   0   0   0   0   0   0   0   0   0   0   0   0   0   0   0   0   0   0   0   0   0   0   0   0   0   0   0   0   0   0   0   0   0   0   0   0   0   0   0   0   0   0   0   0   0   0   0   0   0   0   0   0   0   0   0   0   0   0   0   0   0   0   0   0   0   0   0   0   0   0   0   0   0   0   0   0   0   
T_sec   15.0   15.5   16.0   16.5   17.0   17.5   18.0   18.5   19.0   19.5   20.0   20.5   21.0   21.5   22.0   22.5   23.0   23.5   24.0   24.5   25.0   25.5   26.0   26.5   27.0   27.5   28.0   28.5   29.0   29.5   30.0   30.5   31.0   31.5   32.0   32.5   33.0   33.5   34.0   34.5   35.0   35.5   36.0   36.5   37.0   37.5   38.0   38.5   39.0   39.5   40.0   40.5   41.0   41.5   42.0   42.5   43.0   43.5   44.0   44.5   45.0   45.5   46.0   46.5   47.0   47.5   48.0   48.5   49.0   49.5   50.0   50.5   51.0   51.5   52.0   52.5   53.0   53.5   54.0   54.5   55.0   
U39   0.15913352429577868   0.06254288543732817   -0.05345993758381437   -0.3510838718230306   0.17521367197154536   0.05141321819755833   0.2622137112725407   -0.029500164377895276   -0.08694941772908728   -0.2455938390523547   0.23371293457203232   -0.11434021741963747   0.2791869819869531   -0.0028151358006687052   -0.06556149642540197   -0.22390436428529595   0.14702680276936458   -0.39807384270359764   0.15651069188475367   0.23459411687048942   0.3125805792102597   -0.12326963949342086   0.27508808891793396   0.2432585082957474   0.24946415647882242   0.12527953005287437   -0.0076153782490090425   0.0567939791174619   0.414383314370519   0.38229857020939584   1.0   0.2777472700795046   0.06436468600387804   0.0623440369914075   -0.14906783188786393   0.020091352485999612   -0.18101379481007734   0.026045076062399464   -0.07319404996456592   -0.2161840159808273   0.06687234114927187   -0.1690430133636539   -0.07415808372922186   -0.07802487923699435   -0.26138143830984034   -0.2756368758763709   0.02890096597263015   -0.0496372009706497   0.17648631345616803   0.19316887594969387   0.012549906181266007   -0.029448565118259103   -0.02815474373363559   0.09854529450661396   -0.29023521484357245   0.1310482199178533   -0.015649612748098028   -0.20641557325228074   0.3795693234078653   -0.10522025539922047   0.006677998979323472   0.063448833390877   -0.18186179446953926   0.015315898994804225   -0.36165608468271665   0.1458770842310889   0.04071826235995977   0.14251770535479857   0.15371285457139536   0.04125141338722711   0.07797540922498764   0.015354351903905565   0.10559170646945139   -0.01959852227856094   -0.2266099077182062   -0.0027649710009780663   -0.18050799655454694   -0.14942825289671266   0.011017226866147698   -0.008546554609377161   -0.36224698612728023   
T_sec   15.0   15.5   16.0   16.5   17.0   17.5   18.0   18.5   19.0   19.5   20.0   20.5   21.0   21.5   22.0   22.5   23.0   23.5   24.0   24.5   25.0   25.5   26.0   26.5   27.0   27.5   28.0   28.5   29.0   29.5   30.0   30.5   31.0   31.5   32.0   32.5   33.0   33.5   34.0   34.5   35.0   35.5   36.0   36.5   37.0   37.5   38.0   38.5   39.0   39.5   40.0   40.5   41.0   41.5   42.0   42.5   43.0   43.5   44.0   44.5   45.0   45.5   46.0   46.5   47.0   47.5   48.0   48.5   49.0   49.5   50.0   50.5   51.0   51.5   52.0   52.5   53.0   53.5   54.0   54.5   55.0   
U40   0   0   0   0   0   0   0   0   0   0   0   0   0   0   0   0   0   0   0   0   0   0   0   0   0   0   0   0   0   0   0   0   0   0   0   0   0   0   0   0   0   0   0   0   0   0   0   0   0   0   0   0   0   0   0   0   0   0   0   0   0   0   0   0   0   0   0   0   0   0   0   0   0   0   0   0   0   0   0   0   0   
sta_location:9.931594123578849,10.387761868068425,10.595939871713346,11.471947091039135,11.728360105870335,12.39321542262639,12.756575123934898,13.089810566383036,13.548917687542083,14.149713575955996,14.991140951049045,15.07721408003986,15.909121215777137,16.313692558840888,16.96111392346827,17.320304883735666,17.621778186776996,18.16893816560898,18.878869741773322,19.249218737757165,19.814496180335162,20.160877401602452,20.584589810854332,21.052446944984688,21.51861751767947,22.101010109607984,22.927387902010068,23.186155903095166,23.645099579670976,24.013511868480595,24.998258063102114,25.225449546076273,25.960333739256324,26.3450067185981,26.51159598394142,27.355861992953127,27.90654918558297,28.15124241777622,28.76511021628225,29.21272869203072,29.920106653357625,
rebuild_index:0,1,2,3,4,5,6,7,8,9,10,11,12,13,14,15,16,17,18,19,20,21,22,23,24,25,26,27,28,29,30,31,32,33,34,35,36,37,38,39,40,
use_index:2,3,4,5,6,9,10,11,13,14,15,16,17,20,21,22,23,24,25,26,27,28,29,30,32,33,34,35,36,37,39,
rebuild_locdata:9.75,10.25,10.595939871713346,11.471947091039135,11.728360105870335,12.39321542262639,12.756575123934898,13.25,13.75,14.149713575955996,14.991140951049045,15.07721408003986,15.75,16.313692558840888,16.96111392346827,17.320304883735666,17.621778186776996,18.16893816560898,18.75,19.25,19.814496180335162,20.160877401602452,20.584589810854332,21.052446944984688,21.51861751767947,22.101010109607984,22.927387902010068,23.186155903095166,23.645099579670976,24.013511868480595,24.998258063102114,25.25,25.960333739256324,26.3450067185981,26.51159598394142,27.355861992953127,27.90654918558297,28.15124241777622,28.75,29.21272869203072,29.75,
cut_start_time:15.0---cut_windows:40.0---reduction_v:10.0---move_time_window_all:0.0
move_time_window:0.0,0.0,0.0,0.0,0.0,0.0,0.0,0.0,0.0,0.0,0.0,0.0,0.0,0.0,0.0,0.0,0.0,0.0,0.0,0.0,0.0,0.0,0.0,0.0,0.0,0.0,0.0,0.0,0.0,0.0,0.0,0.0,0.0,0.0,0.0,0.0,0.0,0.0,0.0,0.0,0.0,
sta_noise_mean:0.0,0.0,0.0,0.0,0.0,0.0,0.0,0.0,0.0,0.0,0.0,0.0,0.0,0.0,0.0,0.0,0.0,0.0,0.0,0.0,0.0,0.0,0.0,0.0,0.0,0.0,0.0,0.0,0.0,0.0,0.0,0.0,0.0,0.0,0.0,0.0,0.0,0.0,0.0,0.0,0.0,
sta_noise_sigma:0.15,0.15,0.15,0.15,0.15,0.15,0.15,0.15,0.15,0.15,0.15,0.15,0.15,0.15,0.15,0.15,0.15,0.15,0.15,0.15,0.15,0.15,0.15,0.15,0.15,0.15,0.15,0.15,0.15,0.15,0.15,0.15,0.15,0.15,0.15,0.15,0.15,0.15,0.15,0.15,0.15,
add_noise_region_move_range:0.0,0.0,0.0,0.0,0.0,0.0,0.0,0.0,0.0,0.0,0.0,0.0,0.0,0.0,0.0,0.0,0.0,0.0,0.0,0.0,0.0,0.0,0.0,0.0,0.0,0.0,0.0,0.0,0.0,0.0,0.0,0.0,0.0,0.0,0.0,0.0,0.0,0.0,0.0,0.0,0.0,