no   depth[km]   vp[km/s]   vs[km/s]   ro[g/cm^3]   qp   qs   
1   0.0   5.8   3.46   2.72   1368.02   599.99   
2   20.0   5.8   3.46   2.72   1368.02   599.99   
3   20.0   6.5   3.85   2.92   972.77   403.93   
4   35.0   6.5   3.85   2.92   972.77   403.93   
5   35.0   8.04   4.48   3.32   182.03   75.6   
6   77.5   8.045   4.49   3.345   182.03   75.6   
7   120.0   8.0505   4.5   3.4268   182.57   76.06   
8   165.0   8.175   4.509   3.3711   188.72   76.55   
9   210.0   8.3007   4.5184   3.3243   200.97   79.4   
10   210.0   8.3007   4.5184   3.3243   338.47   133.72   
11   260.0   8.4822   4.6094   3.3663   346.37   136.38   
12   310.0   8.665   4.6964   3.411   355.85   139.38   
13   360.0   8.8476   4.7832   3.4577   366.34   142.76   
14   410.0   9.0302   4.8702   3.5068   377.93   146.57   
15   410.0   9.3601   5.0806   3.9317   413.66   162.5   
16   460.0   9.528   5.1864   3.9273   417.32   164.87   
17   510.0   9.6962   5.2922   3.9233   419.94   166.8   
18   560.0   9.8991   5.3989   3.9218   422.55   168.78   
19   580.0   10.0645   5.4412   3.9213   423.73   169.6   
20   600.0   10.0506   5.4835   3.9208   424.92   170.41   
21   620.0   10.1177   5.5258   3.9205   426.15   171.24   
22   630.0   10.1474   5.547   3.9204   426.78   171.66   
23   630.5   10.1462   5.5483   3.9204   426.82   171.69   
24   631.0   10.145   5.5496   3.9204   426.86   171.72   
25   631.5   10.1439   5.5509   3.9204   426.9   171.74   
26   632.0   10.1429   5.5523   3.9204   426.94   171.77   
27   632.5   10.1419   5.5536   3.9204   426.98   171.8   
28   633.0   10.141   5.5549   3.9204   427.02   171.82   
29   633.5   10.14   5.5562   3.9204   427.06   171.85   
30   634.0   10.1395   5.5575   3.9204   427.1   171.87   
31   634.5   10.1402   5.5588   3.9203   427.14   171.9   
32   635.0   10.1408   5.5601   3.9203   427.18   171.93   
33   635.5   10.1416   5.5615   3.9203   427.22   171.95   
34   636.0   10.1432   5.5628   3.9203   427.26   171.98   
35   636.5   10.1449   5.5641   3.9203   427.3   172.01   
36   637.0   10.1465   5.5654   3.9203   427.34   172.03   
37   637.5   10.1481   5.5667   3.9203   427.38   172.06   
38   638.0   10.1497   5.568   3.9203   427.42   172.08   
39   638.5   10.1514   5.5694   3.9203   427.46   172.11   
40   639.0   10.153   5.5707   3.9203   427.49   172.14   
41   639.5   10.1546   5.572   3.9203   427.53   172.16   
42   640.0   10.1576   5.5733   3.9203   427.57   172.19   
43   640.5   10.1609   5.5746   3.9203   427.61   172.22   
44   641.0   10.1642   5.5759   3.9203   427.65   172.24   
45   641.5   10.1676   5.5772   3.9203   427.69   172.27   
46   642.0   10.1709   5.5786   3.9203   427.73   172.29   
47   642.5   10.1742   5.5799   3.9202   427.77   172.32   
48   643.0   10.1775   5.5812   3.9202   427.81   172.35   
49   643.5   10.1809   5.5825   3.9202   427.85   172.37   
50   644.0   10.1842   5.5838   3.9202   427.89   172.4   
51   644.5   10.1875   5.5851   3.9202   427.93   172.43   
52   645.0   10.1909   5.5865   3.9202   427.97   172.45   
53   645.5   10.1942   5.5878   3.9202   428.01   172.48   
54   646.0   10.1975   5.5891   3.9202   428.05   172.5   
55   646.5   10.2008   5.5904   3.9202   428.09   172.53   
56   647.0   10.2042   5.5917   3.9202   428.13   172.56   
57   647.5   10.2075   5.593   3.9202   428.17   172.58   
58   648.0   10.2108   5.5943   3.9202   428.21   172.61   
59   648.5   10.2141   5.5957   3.9202   428.25   172.64   
60   649.0   10.2175   5.597   3.9202   428.29   172.66   
61   649.5   10.2208   5.5983   3.9202   428.33   172.69   
62   650.0   10.2241   5.5996   3.9202   428.37   172.71   
63   650.5   10.2275   5.6009   3.9201   428.4   172.74   
64   651.0   10.2377   5.6022   3.9201   428.44   172.77   
65   651.5   10.2596   5.6035   3.9201   428.48   172.79   
66   652.0   10.2815   5.6049   3.9201   428.52   172.82   
67   652.5   10.3034   5.6062   3.9201   428.56   172.85   
68   653.0   10.3253   5.6075   3.9201   428.6   172.87   
69   653.5   10.3471   5.6088   3.9201   428.64   172.9   
70   654.0   10.369   5.6101   3.9201   428.68   172.92   
71   654.5   10.3976   5.6293   3.9373   478.35   193.21   
72   655.0   10.4299   5.6531   3.959   541.14   218.86   
73   655.5   10.4621   5.677   3.9807   603.94   244.51   
74   656.0   10.4944   5.7009   4.0024   666.73   270.16   
75   656.5   10.5284   5.7247   4.0241   729.53   295.8   
76   657.0   10.564   5.7486   4.0458   792.32   321.45   
77   657.5   10.5996   5.7724   4.0675   855.11   347.1   
78   658.0   10.6352   5.7963   4.0892   917.91   372.75   
79   658.5   10.6708   5.8202   4.1109   980.7   398.39   
80   659.0   10.7093   5.844   4.1326   1043.49   424.04   
81   659.5   10.7677   5.8679   4.1543   1106.29   449.69   
82   660.0   10.826   5.8917   4.176   1169.08   475.34   
83   660.5   10.8844   5.9156   4.1977   1231.88   500.98   
84   661.0   10.9367   5.9395   4.2194   1294.67   526.63   
85   661.5   10.949   5.9608   4.2388   1350.49   549.44   
86   662.0   10.9563   5.9622   4.2394   1350.08   549.38   
87   662.5   10.9697   5.9636   4.24   1349.67   549.32   
88   663.0   10.9764   5.9649   4.2407   1349.25   549.25   
89   663.5   10.9933   5.9663   4.2413   1348.84   549.19   
90   664.0   10.9903   5.9676   4.2419   1348.43   549.13   
91   664.5   11.0035   5.969   4.2425   1348.01   549.07   
92   665.0   11.0003   5.9703   4.2432   1347.6   549.0   
93   665.5   11.0014   5.9717   4.2438   1347.18   548.94   
94   666.0   11.0252   5.9731   4.2444   1346.77   548.88   
95   666.5   11.0216   5.9744   4.2451   1346.36   548.82   
96   667.0   11.0253   5.9758   4.2457   1345.94   548.75   
97   667.5   11.0224   5.9771   4.2463   1345.53   548.69   
98   668.0   11.0211   5.9785   4.247   1345.12   548.63   
99   668.5   11.0333   5.9798   4.2476   1344.7   548.56   
100   669.0   11.0337   5.9812   4.2482   1344.29   548.5   
101   669.5   11.0317   5.9826   4.2488   1343.88   548.44   
102   670.0   11.027   5.9839   4.2495   1343.46   548.38   
103   670.5   11.0288   5.9853   4.2501   1343.05   548.31   
104   671.0   11.026   5.9866   4.2507   1342.63   548.25   
105   671.5   11.0211   5.988   4.2514   1342.22   548.19   
106   672.0   11.0161   5.9893   4.252   1341.81   548.13   
107   672.5   11.0112   5.9907   4.2526   1341.39   548.06   
108   673.0   11.0157   5.9921   4.2532   1340.98   548.0   
109   673.5   11.0169   5.9934   4.2539   1340.57   547.94   
110   674.0   11.0106   5.9948   4.2545   1340.15   547.87   
111   674.5   11.0043   5.9961   4.2551   1339.74   547.81   
112   675.0   10.998   5.9975   4.2558   1339.32   547.75   
113   675.5   10.9916   5.9988   4.2564   1338.91   547.69   
114   676.0   10.9853   6.0002   4.257   1338.5   547.62   
115   676.5   10.979   6.0015   4.2577   1338.08   547.56   
116   677.0   10.973   6.0029   4.2583   1337.67   547.5   
117   677.5   10.9702   6.0043   4.2589   1337.26   547.44   
118   678.0   10.9675   6.0056   4.2595   1336.84   547.37   
119   678.5   10.9647   6.007   4.2602   1336.43   547.31   
120   679.0   10.9619   6.0083   4.2608   1336.02   547.25   
121   679.5   10.9591   6.0097   4.2614   1335.6   547.18   
122   680.0   10.958   6.011   4.2621   1335.19   547.12   
123   680.5   10.9572   6.0124   4.2627   1334.77   547.06   
124   681.0   10.9565   6.0138   4.2633   1334.36   547.0   
125   681.5   10.9557   6.0151   4.2639   1333.95   546.93   
126   682.0   10.955   6.0165   4.2646   1333.53   546.87   
127   682.5   10.9542   6.0178   4.2652   1333.12   546.81   
128   683.0   10.9547   6.0192   4.2658   1332.71   546.75   
129   683.5   10.9553   6.0205   4.2665   1332.29   546.68   
130   684.0   10.9559   6.0219   4.2671   1331.88   546.62   
131   684.5   10.9565   6.0233   4.2677   1331.46   546.56   
132   685.0   10.9571   6.0246   4.2684   1331.05   546.49   
133   685.5   10.9577   6.026   4.269   1330.64   546.43   
134   686.0   10.9583   6.0273   4.2696   1330.22   546.37   
135   686.5   10.9589   6.0287   4.2702   1329.81   546.31   
136   687.0   10.9595   6.03   4.2709   1329.4   546.24   
137   687.5   10.9601   6.0314   4.2715   1328.98   546.18   
138   688.0   10.9607   6.0327   4.2721   1328.57   546.12   
139   688.5   10.9613   6.0341   4.2728   1328.15   546.06   
140   689.0   10.9619   6.0355   4.2734   1327.74   545.99   
141   689.5   10.9625   6.0368   4.274   1327.33   545.93   
142   690.0   10.9631   6.0382   4.2746   1326.92   545.87   
143   710.0   11.0203   6.0898   4.2986   1311.17   543.48   
144   730.0   11.1167   6.1379   4.3218   1297.87   541.14   
145   750.0   11.1308   6.186   4.3449   1284.58   538.8   
146   760.0   11.1115   6.21   4.3565   1277.93   537.63   
147   809.5   11.2228   6.2424   4.4118   1269.44   531.91   
148   859.0   11.2743   6.2799   4.465   1260.68   526.32   
149   908.5   11.3682   6.3164   4.5162   1251.69   520.83   
150   958.0   11.3897   6.3519   4.5654   1243.02   515.46   
151   1007.5   11.4704   6.386   4.5926   1234.54   510.2   
152   1057.0   11.5493   6.4182   4.6198   1226.52   505.05   
153   1106.5   11.6265   6.4514   4.6467   1217.91   500.0   
154   1156.0   11.702   6.4822   4.6735   1210.02   495.05   
155   1205.5   11.7768   6.5131   4.7001   1202.04   490.2   
156   1255.0   11.8491   6.5431   4.7266   1193.99   485.44   
157   1304.5   11.9208   6.5728   4.7528   1186.06   480.77   
158   1354.0   11.9891   6.6009   4.779   1178.19   476.19   
159   1403.5   12.0571   6.6285   4.805   1170.53   471.7   
160   1453.0   12.1247   6.6554   4.8307   1163.16   467.29   
161   1502.5   12.1912   6.6813   4.8562   1156.04   462.96   
162   1552.0   12.2558   6.707   4.8817   1148.76   458.72   
163   1601.5   12.3181   6.7323   4.9069   1141.32   454.55   
164   1651.0   12.3813   6.7579   4.9321   1134.01   450.45   
165   1700.5   12.4427   6.782   4.957   1127.02   446.43   
166   1750.0   12.503   6.8056   4.9817   1120.09   442.48   
167   1799.5   12.5638   6.8289   5.0062   1108.58   436.68   
168   1849.0   12.6226   6.8517   5.0306   1097.16   431.03   
169   1898.5   12.6807   6.8743   5.0548   1085.97   425.53   
170   1948.0   12.7384   6.8972   5.0789   1070.38   418.41   
171   1997.5   12.7956   6.9194   5.1027   1064.23   414.94   
172   2047.0   12.8524   6.9416   5.1264   1058.03   411.52   
173   2096.5   12.9093   6.9625   5.1499   1048.09   406.5   
174   2146.0   12.9663   6.9852   5.1732   1042.07   403.23   
175   2195.5   13.0226   7.0069   5.1963   1032.14   398.41   
176   2245.0   13.0786   7.0286   5.2192   1018.38   392.16   
177   2294.5   13.1337   7.0504   5.242   1008.79   387.6   
178   2344.0   13.1895   7.0722   5.2646   999.44   383.14   
179   2393.5   13.2465   7.0932   5.287   990.77   378.79   
180   2443.0   13.3017   7.1144   5.3092   985.63   375.94   
181   2492.5   13.3584   7.1368   5.3313   976.81   371.75   
182   2542.0   13.4156   7.1584   5.3531   968.46   367.65   
183   2591.5   13.4741   7.1804   5.3748   960.36   363.64   
184   2640.0   13.5311   7.2031   5.3962   952.0   359.71   
185   2690.0   13.5899   7.2253   5.4176   940.88   354.61   
186   2740.0   13.6498   7.2485   5.4387   933.21   350.88   
187   2740.0   13.6498   7.2485   5.6934   722.73   271.74   
188   2789.67   13.6533   7.2593   5.7196   726.87   273.97   
189   2839.33   13.657   7.27   5.7458   725.11   273.97   
190   2891.5   13.6601   7.2817   5.7721   723.12   273.97   
191   2891.5   8.0   0.0   9.9145   57822.0   0.0   
192   2939.33   8.0382   0.0   9.9942   57822.0   0.0   
193   2989.66   8.1283   0.0   10.0722   57822.0   0.0   
194   3039.99   8.2213   0.0   10.1485   57822.0   0.0   
195   3090.32   8.3122   0.0   10.2233   57822.0   0.0   
196   3140.66   8.4001   0.0   10.2964   57822.0   0.0   
197   3190.99   8.4861   0.0   10.3679   57822.0   0.0   
198   3241.32   8.5692   0.0   10.4378   57822.0   0.0   
199   3291.65   8.6496   0.0   10.5062   57822.0   0.0   
200   3341.98   8.7283   0.0   10.5731   57822.0   0.0   
201   3392.31   8.8036   0.0   10.6385   57822.0   0.0   
202   3442.64   8.8761   0.0   10.7023   57822.0   0.0   
203   3492.97   8.9461   0.0   10.7647   57822.0   0.0   
204   3543.3   9.0138   0.0   10.8257   57822.0   0.0   
205   3593.64   9.0792   0.0   10.8852   57822.0   0.0   
206   3643.97   9.1426   0.0   10.9434   57822.0   0.0   
207   3694.3   9.2042   0.0   11.0001   57822.0   0.0   
208   3744.63   9.2634   0.0   11.0555   57822.0   0.0   
209   3794.96   9.3205   0.0   11.1095   57822.0   0.0   
210   3845.29   9.376   0.0   11.1623   57822.0   0.0   
211   3895.62   9.4297   0.0   11.2137   57822.0   0.0   
212   3945.95   9.4814   0.0   11.2639   57822.0   0.0   
213   3996.28   9.5306   0.0   11.3127   57822.0   0.0   
214   4046.62   9.5777   0.0   11.3604   57822.0   0.0   
215   4096.95   9.6232   0.0   11.4069   57822.0   0.0   
216   4147.28   9.6673   0.0   11.4521   57822.0   0.0   
217   4197.61   9.71   0.0   11.4962   57822.0   0.0   
218   4247.94   9.7513   0.0   11.5391   57822.0   0.0   
219   4298.27   9.7914   0.0   11.5809   57822.0   0.0   
220   4348.6   9.8304   0.0   11.6216   57822.0   0.0   
221   4398.93   9.8682   0.0   11.6612   57822.0   0.0   
222   4449.26   9.9051   0.0   11.6998   57822.0   0.0   
223   4499.6   9.941   0.0   11.7373   57822.0   0.0   
224   4549.93   9.9761   0.0   11.7737   57822.0   0.0   
225   4600.26   10.0103   0.0   11.8092   57822.0   0.0   
226   4650.59   10.0439   0.0   11.8437   57822.0   0.0   
227   4700.92   10.0768   0.0   11.8772   57822.0   0.0   
228   4801.58   10.1415   0.0   11.9414   57822.0   0.0   
229   4851.91   10.1739   0.0   11.9722   57822.0   0.0   
230   4902.24   10.2049   0.0   12.0001   57822.0   0.0   
231   4952.58   10.2329   0.0   12.0311   57822.0   0.0   
232   5002.91   10.2565   0.0   12.0593   57822.0   0.0   
233   5053.24   10.2745   0.0   12.0867   57822.0   0.0   
234   5103.57   10.2854   0.0   12.1133   57822.0   0.0   
235   5153.5   10.289   0.0   12.1391   57822.0   0.0   
236   5153.5   11.0427   3.5043   12.7037   633.26   85.03   
237   5204.61   11.0585   3.5187   12.7289   629.89   85.03   
238   5255.32   11.0718   3.5314   12.753   626.87   85.03   
239   5306.04   11.085   3.5435   12.776   624.08   85.03   
240   5356.75   11.0983   3.5551   12.798   621.5   85.03   
241   5407.46   11.1166   3.5661   12.8188   619.71   85.03   
242   5458.17   11.1316   3.5765   12.8387   617.78   85.03   
243   5508.89   11.1457   3.5864   12.8574   615.93   85.03   
244   5559.6   11.159   3.5957   12.8751   614.21   85.03   
245   5610.31   11.1715   3.6044   12.8917   612.62   85.03   
246   5661.0   11.183   3.613   12.907   611.18   85.03   
247   5711.74   11.1941   3.6202   12.9217   609.74   85.03   
248   5813.16   11.2134   3.6337   12.9474   607.31   85.03   
249   5863.87   11.2219   3.6396   12.9586   606.26   85.03   
250   5914.59   11.2295   3.645   12.9688   605.28   85.03   
251   5965.3   11.2364   3.6498   12.9779   604.44   85.03   
252   6016.01   11.2424   3.654   12.9859   603.69   85.03   
253   6066.72   11.2477   3.6577   12.9929   603.04   85.03   
254   6117.44   11.2521   3.6608   12.9988   602.49   85.03   
255   6168.15   11.2557   3.6633   13.0036   602.05   85.03   
256   6218.86   11.2586   3.6653   13.0074   601.7   85.03   
257   6269.57   11.2606   3.6667   13.01   601.46   85.03   
258   6320.29   11.2618   3.6675   13.0117   601.32   85.03   
259   6371.0   11.2622   3.6678   13.0122   601.27   85.03   
