no   depth[km]   vp[km/s]   vs[km/s]   ro[g/cm^3]   qp   qs   
1   0.0   5.8   3.46   2.72   1368.02   599.99   
2   20.0   5.8   3.46   2.72   1368.02   599.99   
3   20.0   6.5   3.85   2.92   972.77   403.93   
4   35.0   6.5   3.85   2.92   972.77   403.93   
5   35.0   8.04   4.48   3.32   182.03   75.6   
6   77.5   8.045   4.49   3.345   182.03   75.6   
7   120.0   8.0505   4.5   3.4268   182.57   76.06   
8   165.0   8.175   4.509   3.3711   188.72   76.55   
9   210.0   8.3007   4.5184   3.3243   200.97   79.4   
10   210.0   8.3007   4.5184   3.3243   338.47   133.72   
11   260.0   8.4822   4.6094   3.3663   346.37   136.38   
12   310.0   8.665   4.6964   3.411   355.85   139.38   
13   360.0   8.8476   4.7832   3.4577   366.34   142.76   
14   410.0   9.0302   4.8702   3.5068   377.93   146.57   
15   410.0   9.3601   5.0806   3.9317   413.66   162.5   
16   460.0   9.528   5.1864   3.9273   417.32   164.87   
17   510.0   9.6962   5.2922   3.9233   419.94   166.8   
18   560.0   9.973786458706856   5.3989   3.9218   422.55   168.78   
19   580.0   9.942257943531633   5.44122   3.92132   423.734   169.596   
20   600.0   10.003449919981062   5.48354   3.92084   424.918   170.412   
21   620.0   9.942676380057335   5.52584   3.9205   426.146   171.242   
22   630.0   9.944555379981994   5.54698   3.9204   426.782   171.664   
23   648.7512114644051   10.097886340498924   5.6104   3.9201   428.69   172.93   
24   670.0443255901337   10.812809207011641   5.9607   4.2387   1350.54   549.45   
25   690.0   10.922614250292218   6.03816   4.27464   1326.9180000000001   545.868   
26   710.0   11.065786384596944   6.0898   4.2986   1311.17   543.48   
27   730.0   11.073654550832464   6.13788   4.32176   1297.874   541.14   
28   750.0   10.806453019882442   6.18596   4.34492   1284.578   538.8   
29   760.0   10.83105107211578   6.21   4.3565   1277.93   537.63   
30   809.5   11.056008955424279   6.2424   4.4118   1269.44   531.91   
31   859.0   11.49222013087201   6.2799   4.465   1260.68   526.32   
32   908.5   11.197274921328903   6.3164   4.5162   1251.69   520.83   
33   958.0   11.3897   6.3519   4.5654   1243.02   515.46   
34   1007.5   11.4704   6.386   4.5926   1234.54   510.2   
35   1057.0   11.5493   6.4182   4.6198   1226.52   505.05   
36   1106.5   11.6265   6.4514   4.6467   1217.91   500.0   
37   1156.0   11.702   6.4822   4.6735   1210.02   495.05   
38   1205.5   11.7768   6.5131   4.7001   1202.04   490.2   
39   1255.0   11.8491   6.5431   4.7266   1193.99   485.44   
40   1304.5   11.9208   6.5728   4.7528   1186.06   480.77   
41   1354.0   11.9891   6.6009   4.779   1178.19   476.19   
42   1403.5   12.0571   6.6285   4.805   1170.53   471.7   
43   1453.0   12.1247   6.6554   4.8307   1163.16   467.29   
44   1502.5   12.1912   6.6813   4.8562   1156.04   462.96   
45   1552.0   12.2558   6.707   4.8817   1148.76   458.72   
46   1601.5   12.3181   6.7323   4.9069   1141.32   454.55   
47   1651.0   12.3813   6.7579   4.9321   1134.01   450.45   
48   1700.5   12.4427   6.782   4.957   1127.02   446.43   
49   1750.0   12.503   6.8056   4.9817   1120.09   442.48   
50   1799.5   12.5638   6.8289   5.0062   1108.58   436.68   
51   1849.0   12.6226   6.8517   5.0306   1097.16   431.03   
52   1898.5   12.6807   6.8743   5.0548   1085.97   425.53   
53   1948.0   12.7384   6.8972   5.0789   1070.38   418.41   
54   1997.5   12.7956   6.9194   5.1027   1064.23   414.94   
55   2047.0   12.8524   6.9416   5.1264   1058.03   411.52   
56   2096.5   12.9093   6.9625   5.1499   1048.09   406.5   
57   2146.0   12.9663   6.9852   5.1732   1042.07   403.23   
58   2195.5   13.0226   7.0069   5.1963   1032.14   398.41   
59   2245.0   13.0786   7.0286   5.2192   1018.38   392.16   
60   2294.5   13.1337   7.0504   5.242   1008.79   387.6   
61   2344.0   13.1895   7.0722   5.2646   999.44   383.14   
62   2393.5   13.2465   7.0932   5.287   990.77   378.79   
63   2443.0   13.3017   7.1144   5.3092   985.63   375.94   
64   2492.5   13.3584   7.1368   5.3313   976.81   371.75   
65   2542.0   13.4156   7.1584   5.3531   968.46   367.65   
66   2591.5   13.4741   7.1804   5.3748   960.36   363.64   
67   2640.0   13.5311   7.2031   5.3962   952.0   359.71   
68   2690.0   13.5899   7.2253   5.4176   940.88   354.61   
69   2740.0   13.6498   7.2485   5.4387   933.21   350.88   
70   2740.0   13.6498   7.2485   5.6934   722.73   271.74   
71   2789.67   13.6533   7.2593   5.7196   726.87   273.97   
72   2839.33   13.657   7.27   5.7458   725.11   273.97   
73   2891.5   13.6601   7.2817   5.7721   723.12   273.97   
74   2891.5   8.0   0.0   9.9145   57822.0   0.0   
75   2939.33   8.0382   0.0   9.9942   57822.0   0.0   
76   2989.66   8.1283   0.0   10.0722   57822.0   0.0   
77   3039.99   8.2213   0.0   10.1485   57822.0   0.0   
78   3090.32   8.3122   0.0   10.2233   57822.0   0.0   
79   3140.66   8.4001   0.0   10.2964   57822.0   0.0   
80   3190.99   8.4861   0.0   10.3679   57822.0   0.0   
81   3241.32   8.5692   0.0   10.4378   57822.0   0.0   
82   3291.65   8.6496   0.0   10.5062   57822.0   0.0   
83   3341.98   8.7283   0.0   10.5731   57822.0   0.0   
84   3392.31   8.8036   0.0   10.6385   57822.0   0.0   
85   3442.64   8.8761   0.0   10.7023   57822.0   0.0   
86   3492.97   8.9461   0.0   10.7647   57822.0   0.0   
87   3543.3   9.0138   0.0   10.8257   57822.0   0.0   
88   3593.64   9.0792   0.0   10.8852   57822.0   0.0   
89   3643.97   9.1426   0.0   10.9434   57822.0   0.0   
90   3694.3   9.2042   0.0   11.0001   57822.0   0.0   
91   3744.63   9.2634   0.0   11.0555   57822.0   0.0   
92   3794.96   9.3205   0.0   11.1095   57822.0   0.0   
93   3845.29   9.376   0.0   11.1623   57822.0   0.0   
94   3895.62   9.4297   0.0   11.2137   57822.0   0.0   
95   3945.95   9.4814   0.0   11.2639   57822.0   0.0   
96   3996.28   9.5306   0.0   11.3127   57822.0   0.0   
97   4046.62   9.5777   0.0   11.3604   57822.0   0.0   
98   4096.95   9.6232   0.0   11.4069   57822.0   0.0   
99   4147.28   9.6673   0.0   11.4521   57822.0   0.0   
100   4197.61   9.71   0.0   11.4962   57822.0   0.0   
101   4247.94   9.7513   0.0   11.5391   57822.0   0.0   
102   4298.27   9.7914   0.0   11.5809   57822.0   0.0   
103   4348.6   9.8304   0.0   11.6216   57822.0   0.0   
104   4398.93   9.8682   0.0   11.6612   57822.0   0.0   
105   4449.26   9.9051   0.0   11.6998   57822.0   0.0   
106   4499.6   9.941   0.0   11.7373   57822.0   0.0   
107   4549.93   9.9761   0.0   11.7737   57822.0   0.0   
108   4600.26   10.0103   0.0   11.8092   57822.0   0.0   
109   4650.59   10.0439   0.0   11.8437   57822.0   0.0   
110   4700.92   10.0768   0.0   11.8772   57822.0   0.0   
111   4801.58   10.1415   0.0   11.9414   57822.0   0.0   
112   4851.91   10.1739   0.0   11.9722   57822.0   0.0   
113   4902.24   10.2049   0.0   12.0001   57822.0   0.0   
114   4952.58   10.2329   0.0   12.0311   57822.0   0.0   
115   5002.91   10.2565   0.0   12.0593   57822.0   0.0   
116   5053.24   10.2745   0.0   12.0867   57822.0   0.0   
117   5103.57   10.2854   0.0   12.1133   57822.0   0.0   
118   5153.5   10.289   0.0   12.1391   57822.0   0.0   
119   5153.5   11.0427   3.5043   12.7037   633.26   85.03   
120   5204.61   11.0585   3.5187   12.7289   629.89   85.03   
121   5255.32   11.0718   3.5314   12.753   626.87   85.03   
122   5306.04   11.085   3.5435   12.776   624.08   85.03   
123   5356.75   11.0983   3.5551   12.798   621.5   85.03   
124   5407.46   11.1166   3.5661   12.8188   619.71   85.03   
125   5458.17   11.1316   3.5765   12.8387   617.78   85.03   
126   5508.89   11.1457   3.5864   12.8574   615.93   85.03   
127   5559.6   11.159   3.5957   12.8751   614.21   85.03   
128   5610.31   11.1715   3.6044   12.8917   612.62   85.03   
129   5661.0   11.183   3.613   12.907   611.18   85.03   
130   5711.74   11.1941   3.6202   12.9217   609.74   85.03   
131   5813.16   11.2134   3.6337   12.9474   607.31   85.03   
132   5863.87   11.2219   3.6396   12.9586   606.26   85.03   
133   5914.59   11.2295   3.645   12.9688   605.28   85.03   
134   5965.3   11.2364   3.6498   12.9779   604.44   85.03   
135   6016.01   11.2424   3.654   12.9859   603.69   85.03   
136   6066.72   11.2477   3.6577   12.9929   603.04   85.03   
137   6117.44   11.2521   3.6608   12.9988   602.49   85.03   
138   6168.15   11.2557   3.6633   13.0036   602.05   85.03   
139   6218.86   11.2586   3.6653   13.0074   601.7   85.03   
140   6269.57   11.2606   3.6667   13.01   601.46   85.03   
141   6320.29   11.2618   3.6675   13.0117   601.32   85.03   
142   6371.0   11.2622   3.6678   13.0122   601.27   85.03   
loss1_vel:0.007236534301044602
loss2_dep:0.5962237614678848
loss3_thi:2.3310908333541325
loss1:0.24121781003482007
loss2:0.01987412538226283
loss3:0.07770302777847109
loss:0.2274181306557613
mse_pre_modified:0.07917783612566964
modify_660:648.1549682617188
pre_660:648.7512114644051
mse_660:0.59625244140625
modi_thickness:18.96202278137207
pre_thickness:21.293114125728607
mse_thickness:2.3310909271240234
diff_pre_modi:-0.03450688694678661,-0.02530265798952236,0.007624740373046279,0.04199658366488457,-0.025422870885556392,0.004750390032233653,0.053590339147570276,-0.004225166537723979,-0.09014526131450928,0.2604680723496138,0.031691182804548745,-0.04537127290969423,-0.013562789209176529,0.00388958514378146,0.08714203951210564,
change_layer:18,19,20,21,22,23,24,25,26,27,28,29,30,31,32,