T_sec   15.0   15.5   16.0   16.5   17.0   17.5   18.0   18.5   19.0   19.5   20.0   20.5   21.0   21.5   22.0   22.5   23.0   23.5   24.0   24.5   25.0   25.5   26.0   26.5   27.0   27.5   28.0   28.5   29.0   29.5   30.0   30.5   31.0   31.5   32.0   32.5   33.0   33.5   34.0   34.5   35.0   35.5   36.0   36.5   37.0   37.5   38.0   38.5   39.0   39.5   40.0   40.5   41.0   41.5   42.0   42.5   43.0   43.5   44.0   44.5   45.0   45.5   46.0   46.5   47.0   47.5   48.0   48.5   49.0   49.5   50.0   50.5   51.0   51.5   52.0   52.5   53.0   53.5   54.0   54.5   55.0   
U0   0.09721722043975861   -0.11437210807708113   -0.1280492187292448   0.0561926685330128   0.1542453583014358   0.26735524631120156   0.08060505187362998   -0.007590223530850964   -0.1543279695721548   0.14479029884904057   -0.2150465885572995   -0.11715006477938711   -0.12141638586288284   -0.00803415231064572   -0.10439465758480306   -0.026439262528410248   0.42806792131718147   0.08246233619830502   -0.08989929655398986   -0.016456890764698813   -0.10907645228726526   0.08189546115599566   -0.06670526681524404   0.052905017779557174   -0.18210465592643532   -0.03274252388946178   0.003176395645628688   0.06577853989466088   0.2202168077309547   -0.18803924300228317   -0.09315764364429364   0.17841301868621107   0.17439664923032736   -0.042140527732776815   -0.08204833917466181   0.054860529781131186   0.10610432510002688   -0.13035760885497813   -0.1519073197741375   0.04902757992381702   0.17390065408405822   0.2855635332543301   -0.0007095145222620854   0.09115704320556736   0.0715286551079708   0.49478230470168205   1.0   -0.031119275892956655   -0.022463921698572628   -0.19308315862255485   -0.1565785147089578   -0.10258377869787816   0.05543996704719978   -0.15142442356749777   0.05136443727483763   0.025237202889644796   0.04064374785447976   -0.01869932572891483   0.07763193220350136   -0.32307593500777465   -0.1299386883298774   -0.004935778018232948   0.1926710189886887   -0.13747247672831173   0.3473945430347049   -0.049631741143452875   0.06201672092702265   -0.08434715861815925   -0.07174761413481115   -0.22263665160772206   0.31256126412330903   -0.15519503340281698   0.0515380058307742   -0.03339497153676511   -0.07921657084493278   0.058271245426725786   0.005705829800404952   0.016976118885512422   0.1211251691320306   -0.1503538637255109   -0.014282530716741165   
T_sec   15.0   15.5   16.0   16.5   17.0   17.5   18.0   18.5   19.0   19.5   20.0   20.5   21.0   21.5   22.0   22.5   23.0   23.5   24.0   24.5   25.0   25.5   26.0   26.5   27.0   27.5   28.0   28.5   29.0   29.5   30.0   30.5   31.0   31.5   32.0   32.5   33.0   33.5   34.0   34.5   35.0   35.5   36.0   36.5   37.0   37.5   38.0   38.5   39.0   39.5   40.0   40.5   41.0   41.5   42.0   42.5   43.0   43.5   44.0   44.5   45.0   45.5   46.0   46.5   47.0   47.5   48.0   48.5   49.0   49.5   50.0   50.5   51.0   51.5   52.0   52.5   53.0   53.5   54.0   54.5   55.0   
U1   0   0   0   0   0   0   0   0   0   0   0   0   0   0   0   0   0   0   0   0   0   0   0   0   0   0   0   0   0   0   0   0   0   0   0   0   0   0   0   0   0   0   0   0   0   0   0   0   0   0   0   0   0   0   0   0   0   0   0   0   0   0   0   0   0   0   0   0   0   0   0   0   0   0   0   0   0   0   0   0   0   
T_sec   15.0   15.5   16.0   16.5   17.0   17.5   18.0   18.5   19.0   19.5   20.0   20.5   21.0   21.5   22.0   22.5   23.0   23.5   24.0   24.5   25.0   25.5   26.0   26.5   27.0   27.5   28.0   28.5   29.0   29.5   30.0   30.5   31.0   31.5   32.0   32.5   33.0   33.5   34.0   34.5   35.0   35.5   36.0   36.5   37.0   37.5   38.0   38.5   39.0   39.5   40.0   40.5   41.0   41.5   42.0   42.5   43.0   43.5   44.0   44.5   45.0   45.5   46.0   46.5   47.0   47.5   48.0   48.5   49.0   49.5   50.0   50.5   51.0   51.5   52.0   52.5   53.0   53.5   54.0   54.5   55.0   
U2   0.13096060293774037   0.18291430916659956   0.02592430614420399   0.179062249728747   -0.06042630338756622   -0.025689188650074447   -0.23793141585950514   0.04433042701679581   0.13627683747782124   0.043588037658558974   0.3114337143257317   -0.18908016398702412   0.2663995753848825   0.04213436690665638   0.06453521639119715   0.19449604661754386   -0.035271678739676356   0.09936772831165235   -0.0044586505346732004   0.12959606815223979   0.04884686379125381   0.21108349134433216   0.22640135290861374   0.1779434759787538   0.30486739181305006   -0.016080594982822858   -0.06667787829350728   0.07476468302698133   -0.018658589304459423   -0.04101402680982923   -0.036773863890897505   0.12584121166987508   0.3038477573241802   0.07605999692363752   -0.3079901647090217   -0.3044087156567353   0.28612268885704056   -0.017279712951687502   -0.045141790249201834   -0.554192464054466   0.09149813788158527   0.31337159143470056   -0.17530659104367002   -0.023519697296742317   -0.01587813265486001   0.18561871279731762   1.0   0.7938365379385616   -0.15232717079315092   0.097149077452028   0.10001085178419189   -0.05903013262139543   0.07123107470269507   -0.08824836572562327   -0.23914572275518142   -0.232523303502685   -0.3437455636675825   -0.3610377661266586   0.20748763822169486   0.27267901029126007   -0.042907876031137306   0.2636731689078905   -0.11308275541801113   -0.15374164244225114   -0.09611933965853596   -0.17690087970667587   -0.3909911154381543   0.02172047242519262   -0.1914117555490818   -0.21130105271048788   -0.2151804154701036   0.10644035237776676   -0.042426106854107616   0.13556505019541076   -0.24676461182571935   0.05632332131708877   0.042948151594645906   0.031016136950085982   -0.2860198162189305   0.05866665498578624   0.23536955370716048   
T_sec   15.0   15.5   16.0   16.5   17.0   17.5   18.0   18.5   19.0   19.5   20.0   20.5   21.0   21.5   22.0   22.5   23.0   23.5   24.0   24.5   25.0   25.5   26.0   26.5   27.0   27.5   28.0   28.5   29.0   29.5   30.0   30.5   31.0   31.5   32.0   32.5   33.0   33.5   34.0   34.5   35.0   35.5   36.0   36.5   37.0   37.5   38.0   38.5   39.0   39.5   40.0   40.5   41.0   41.5   42.0   42.5   43.0   43.5   44.0   44.5   45.0   45.5   46.0   46.5   47.0   47.5   48.0   48.5   49.0   49.5   50.0   50.5   51.0   51.5   52.0   52.5   53.0   53.5   54.0   54.5   55.0   
U3   -0.15837985700857982   -0.05791237715540961   0.16714316589708922   0.010966099061405304   -0.12709498760261884   -0.13759558264753963   -0.2450273800616893   0.09387394872469189   -0.24484572316909983   -0.09439343732413234   -0.136975117922151   -0.029548927586962096   -0.026078680653539944   -0.2977959631997426   -0.18085592875030937   0.08097236597781218   -0.06366424153060005   -0.11424605523070382   -0.042103896581008916   -0.36139561072201226   0.11216752104610518   -0.016612266624659058   -0.15019962112800406   0.04894619828413412   -0.030732875273890643   -0.04925738214806275   0.2369348536656864   0.12934881019849626   -0.3134004371714752   -0.09227279174817778   0.07539246663175078   -0.03516325288942089   0.07783889622903382   -0.2268085291592953   0.002669627001252275   -0.057236041292956584   -0.11863980754026814   0.1756041585711346   0.25630215155978253   0.011770691873128986   0.3007666272958589   -0.08368611691010555   0.35567130148542975   -0.3556470656907438   -0.09947659516737137   -0.05538916361001844   0.7074302158224007   1.0   0.3704623194602244   0.01853468559385426   -0.09917841711058184   0.03979437238121576   -0.1883430501901333   -0.18982343019774942   -0.23218123479044694   -0.025179439796018957   0.067753085582821   -0.16527000603191908   0.18899799899227723   0.047529492753698666   0.11643927355116   -0.0758676156043263   0.06412683973190651   -0.34264261085270437   0.08909228270769973   -0.0811642555843558   -0.2993685502453017   -0.08671501038598757   0.323013037245053   -0.04733216067143273   -0.035776117240477696   -0.1139469600920002   0.06170154967933232   0.015716407692653898   -0.22534680557070602   0.2644717937571402   -0.013598490878686961   0.08009634557173287   -0.2466200620046589   -0.24990447679147415   -0.1501726093576944   
T_sec   15.0   15.5   16.0   16.5   17.0   17.5   18.0   18.5   19.0   19.5   20.0   20.5   21.0   21.5   22.0   22.5   23.0   23.5   24.0   24.5   25.0   25.5   26.0   26.5   27.0   27.5   28.0   28.5   29.0   29.5   30.0   30.5   31.0   31.5   32.0   32.5   33.0   33.5   34.0   34.5   35.0   35.5   36.0   36.5   37.0   37.5   38.0   38.5   39.0   39.5   40.0   40.5   41.0   41.5   42.0   42.5   43.0   43.5   44.0   44.5   45.0   45.5   46.0   46.5   47.0   47.5   48.0   48.5   49.0   49.5   50.0   50.5   51.0   51.5   52.0   52.5   53.0   53.5   54.0   54.5   55.0   
U4   0   0   0   0   0   0   0   0   0   0   0   0   0   0   0   0   0   0   0   0   0   0   0   0   0   0   0   0   0   0   0   0   0   0   0   0   0   0   0   0   0   0   0   0   0   0   0   0   0   0   0   0   0   0   0   0   0   0   0   0   0   0   0   0   0   0   0   0   0   0   0   0   0   0   0   0   0   0   0   0   0   
T_sec   15.0   15.5   16.0   16.5   17.0   17.5   18.0   18.5   19.0   19.5   20.0   20.5   21.0   21.5   22.0   22.5   23.0   23.5   24.0   24.5   25.0   25.5   26.0   26.5   27.0   27.5   28.0   28.5   29.0   29.5   30.0   30.5   31.0   31.5   32.0   32.5   33.0   33.5   34.0   34.5   35.0   35.5   36.0   36.5   37.0   37.5   38.0   38.5   39.0   39.5   40.0   40.5   41.0   41.5   42.0   42.5   43.0   43.5   44.0   44.5   45.0   45.5   46.0   46.5   47.0   47.5   48.0   48.5   49.0   49.5   50.0   50.5   51.0   51.5   52.0   52.5   53.0   53.5   54.0   54.5   55.0   
U5   0.0798066269693432   0.0006449267986162443   -0.5288111807352244   0.45357014089216796   -0.13346310496572425   0.3544852608600731   -0.030630066976766596   0.1241433282624395   -0.362874693663165   -0.18294301302779023   0.3401214711998815   -0.058185906356399406   0.10701717985253767   -0.031328878191152744   0.17895080602656588   0.3088118750799918   0.47332995311980003   0.004962194387285674   0.13194867311497585   -0.18563595076178777   0.02005150445923758   0.33813301210944313   -0.08805061118302619   -0.11274276125551783   0.08676052203905475   -0.0012600746332584664   -0.18771740430089592   -0.22322449800670413   -0.12566039823647232   0.3692041328702038   0.3514899219166268   -0.2668383574618095   -0.03886357009916012   -0.13614563636635352   0.08500408027305471   -0.025857097821148298   0.14077437496595632   -0.24968325490140514   0.19564992155855032   0.11383130832024234   -0.21352320708307934   0.27572405443948217   0.10289843021204799   -0.412340181016579   0.04402811976342853   -0.02635949790572644   0.22480254639960173   1.0   0.8849465831730436   0.18452787639362012   0.043234344400480317   0.2860277875352493   0.0023646024119927667   0.01534111916052607   -0.17239139194394862   0.4881234093744921   -0.1248678915531657   0.0619881253013379   0.35567712403253754   0.14198648887596083   0.3147149394974024   0.12613648673554562   -0.141240254390693   0.11134770709611133   -0.25736030804819165   -0.24398049106471192   -0.28314048476879183   -0.2683441195152898   -0.04695494550866947   0.22334400141714364   0.04766692847044849   -0.05072353158278163   0.09475634237834463   0.17281248666516355   0.2146755283455135   -0.04198152779492123   -0.09734265349595894   0.08616408803194485   0.27061186110034013   0.024669547213520007   0.0878056896810997   
T_sec   15.0   15.5   16.0   16.5   17.0   17.5   18.0   18.5   19.0   19.5   20.0   20.5   21.0   21.5   22.0   22.5   23.0   23.5   24.0   24.5   25.0   25.5   26.0   26.5   27.0   27.5   28.0   28.5   29.0   29.5   30.0   30.5   31.0   31.5   32.0   32.5   33.0   33.5   34.0   34.5   35.0   35.5   36.0   36.5   37.0   37.5   38.0   38.5   39.0   39.5   40.0   40.5   41.0   41.5   42.0   42.5   43.0   43.5   44.0   44.5   45.0   45.5   46.0   46.5   47.0   47.5   48.0   48.5   49.0   49.5   50.0   50.5   51.0   51.5   52.0   52.5   53.0   53.5   54.0   54.5   55.0   
U6   -0.05097718306296232   0.06651363968742036   -0.10130766549618736   -0.09845026115256743   0.24370339071806021   0.016005952356024054   0.017772504941343043   0.3339074970584611   0.11802950353275095   0.055512437192210835   0.19126499287295973   0.21622867632014348   -0.26598658194736796   -0.3278288647358018   -0.19031422309658577   0.24786295372080103   0.051125967872332805   0.11314062697750925   0.10208049163730373   0.29075979973394517   -0.08897957690397662   0.043954098891793095   0.3211340362445901   0.09976042250989596   0.2696002500582123   0.33390831515387454   0.07189930520991877   0.19700199206554794   0.21404381924244345   -0.2764859055682676   0.1949165205878358   0.04988490599722807   0.08699207165243811   0.1557495987577602   0.11803800472801916   0.2014062129375937   -0.0723321045056789   0.2933672711710542   0.33559645019732043   0.16869126322278633   -0.05735645079914345   0.07426544534659227   0.1567443220359254   -0.13995046981062823   -0.28759472515300655   0.2473142307158016   0.3530030737696713   0.6351358964844828   1.0   0.3278271992474469   0.00036292762793638033   0.04625012305520402   0.03580672249828944   -0.26866878968404057   0.44636819249309284   0.19258631459157988   0.40983083501025874   0.2826452443741624   0.4252110195901163   -0.2524177500990952   -0.12806060249228518   -0.32607698826461834   -0.05021083931898543   -0.14153314607302334   -0.3901075692138516   -0.007475578510224187   -0.3125354943642285   -0.20083408374519268   0.11300413958102135   -0.06817027605703468   -0.40003385473093006   -0.010371433918778032   -0.013496611571049909   0.4101405214139726   0.23273866124031067   -0.05964561730073589   0.270942915388936   0.18975736079164704   0.04513784326379178   0.12250894857219381   -0.10403191996762153   
T_sec   15.0   15.5   16.0   16.5   17.0   17.5   18.0   18.5   19.0   19.5   20.0   20.5   21.0   21.5   22.0   22.5   23.0   23.5   24.0   24.5   25.0   25.5   26.0   26.5   27.0   27.5   28.0   28.5   29.0   29.5   30.0   30.5   31.0   31.5   32.0   32.5   33.0   33.5   34.0   34.5   35.0   35.5   36.0   36.5   37.0   37.5   38.0   38.5   39.0   39.5   40.0   40.5   41.0   41.5   42.0   42.5   43.0   43.5   44.0   44.5   45.0   45.5   46.0   46.5   47.0   47.5   48.0   48.5   49.0   49.5   50.0   50.5   51.0   51.5   52.0   52.5   53.0   53.5   54.0   54.5   55.0   
U7   0.0066705748783921015   -0.03335693114588229   0.14021126952807744   -0.17806099402435133   -0.13050511560601757   0.07029438640768607   0.1901728075048342   0.2847631109314099   0.11763596438363337   -0.11164135603647862   -0.19961737175471073   0.14855999434016207   0.14251645737720722   0.1435365451256092   0.0268211046297883   0.015210052102328486   -0.10857643029710318   0.16906750921123453   0.14814541205871612   0.03434167799146916   0.3938175315198844   -0.06911383930870448   -0.20740486931626073   0.1142471535628951   -0.033435598479193245   0.22143901761749954   -0.24112015636245454   0.17596770563676578   0.19136120613536425   -0.13753385272862637   0.026751847412888694   -0.23979728257392588   0.13643306660349594   -0.0676864182115839   -0.05732991150396683   -0.10895728426473662   -0.013095588639267621   0.04991202667225178   -0.13205559134898942   0.08732311429411946   0.03578333568352928   0.12373496079644071   -0.11622906244987911   -0.03701953555038575   0.057376456247493275   0.05346201362776968   -0.2014037033228876   0.42662287102774343   1.0   0.8490852089349611   0.012621556632364255   0.0364607886456363   -0.34724900838770517   -0.1345003137909351   0.1639491315447313   0.0834815986250502   0.4999015835752694   0.5820920572558034   0.26197526936121573   -0.26228353640557056   -0.04792007985787675   -0.23826019694300146   -0.29148036255587917   -0.03490630585481014   -0.3237747952692394   0.1129887714961609   0.2528184250933107   -0.2967051744860641   0.04870848040170389   0.05894728308530795   -0.010307443425751343   -0.05658068050771541   0.045158956913308484   -0.15571041460131743   -0.07762042094715477   -0.2646534891143319   -0.07098261211428068   -0.028287152818077272   0.23347955885158872   -0.1044073351037593   0.029936589286529335   
T_sec   15.0   15.5   16.0   16.5   17.0   17.5   18.0   18.5   19.0   19.5   20.0   20.5   21.0   21.5   22.0   22.5   23.0   23.5   24.0   24.5   25.0   25.5   26.0   26.5   27.0   27.5   28.0   28.5   29.0   29.5   30.0   30.5   31.0   31.5   32.0   32.5   33.0   33.5   34.0   34.5   35.0   35.5   36.0   36.5   37.0   37.5   38.0   38.5   39.0   39.5   40.0   40.5   41.0   41.5   42.0   42.5   43.0   43.5   44.0   44.5   45.0   45.5   46.0   46.5   47.0   47.5   48.0   48.5   49.0   49.5   50.0   50.5   51.0   51.5   52.0   52.5   53.0   53.5   54.0   54.5   55.0   
U8   0   0   0   0   0   0   0   0   0   0   0   0   0   0   0   0   0   0   0   0   0   0   0   0   0   0   0   0   0   0   0   0   0   0   0   0   0   0   0   0   0   0   0   0   0   0   0   0   0   0   0   0   0   0   0   0   0   0   0   0   0   0   0   0   0   0   0   0   0   0   0   0   0   0   0   0   0   0   0   0   0   
T_sec   15.0   15.5   16.0   16.5   17.0   17.5   18.0   18.5   19.0   19.5   20.0   20.5   21.0   21.5   22.0   22.5   23.0   23.5   24.0   24.5   25.0   25.5   26.0   26.5   27.0   27.5   28.0   28.5   29.0   29.5   30.0   30.5   31.0   31.5   32.0   32.5   33.0   33.5   34.0   34.5   35.0   35.5   36.0   36.5   37.0   37.5   38.0   38.5   39.0   39.5   40.0   40.5   41.0   41.5   42.0   42.5   43.0   43.5   44.0   44.5   45.0   45.5   46.0   46.5   47.0   47.5   48.0   48.5   49.0   49.5   50.0   50.5   51.0   51.5   52.0   52.5   53.0   53.5   54.0   54.5   55.0   
U9   -0.19948928622628034   -0.1499447014788485   0.0694676967466921   0.21094291146564298   -0.1470595167738756   0.4374975482883483   0.01814590308179374   0.5025668681372003   0.1129489523821026   0.007491396225521858   0.2892422900136727   -0.34821668689013036   -0.31339335496234483   0.2122301471377056   -0.01074765027093402   0.2270637150344517   -0.23591352789350575   -0.3900287288466255   -0.07724064329529598   0.11856911668324986   -0.2642103050787062   -0.29337906229584365   0.010101018472715523   0.17013248929636335   0.07837191119640327   -0.11496901835300548   0.2680552732614455   0.03220703379352241   0.12459677107441515   -0.046400206369252704   0.2200552407050426   -0.1833962554270802   0.14638953886929354   -0.006603774939926588   0.3821126765123452   0.15157975313813637   0.11400333011134033   -0.45830940591438885   0.014174300738937879   -0.4096497008630835   -0.281319563265896   -0.09840413440089771   0.34400931139953467   0.07587160426493605   -0.18482935276786683   0.12581473503541882   0.2313941834159198   0.09911157133962825   1.0   0.7447878046423099   0.18265056770478133   0.24673510796807782   -0.29681098242329507   0.058841492704006466   0.38882018123222795   0.999767718108087   0.45472604526948474   -0.4991363759005029   -0.3400171697039059   -0.5315728744138815   -0.439428068171346   0.07073181413034417   0.15527882103094184   -0.060968746842865684   0.034444546360450946   0.15377153816789746   0.3384351672323121   -0.18664784715869542   -0.21780767720738456   -0.04360256565755632   -0.030378282053494732   -0.028366711215967687   -0.20857045293847035   0.06320789273633642   -0.005761528547128866   -0.01272150869804021   -0.29184545189418226   -0.3494114487971115   -0.07437896639322636   -0.037206415189001904   0.048199685313839995   
T_sec   15.0   15.5   16.0   16.5   17.0   17.5   18.0   18.5   19.0   19.5   20.0   20.5   21.0   21.5   22.0   22.5   23.0   23.5   24.0   24.5   25.0   25.5   26.0   26.5   27.0   27.5   28.0   28.5   29.0   29.5   30.0   30.5   31.0   31.5   32.0   32.5   33.0   33.5   34.0   34.5   35.0   35.5   36.0   36.5   37.0   37.5   38.0   38.5   39.0   39.5   40.0   40.5   41.0   41.5   42.0   42.5   43.0   43.5   44.0   44.5   45.0   45.5   46.0   46.5   47.0   47.5   48.0   48.5   49.0   49.5   50.0   50.5   51.0   51.5   52.0   52.5   53.0   53.5   54.0   54.5   55.0   
U10   0.1623373905398047   -0.13276390749534642   -0.053342497940994195   -0.21309607672882766   -0.07173728406095092   0.11923348735095808   -0.2076606938665831   -0.07737430124778143   0.03916892659212342   -0.1512509176328376   0.11761680859489725   0.25850100566452044   0.5322483257808934   -0.20323527277711848   -0.028004357233592993   0.04756039173590214   -0.019107164791447744   0.0017438439127641728   -0.15008049172819757   -0.05935080249055117   0.3802488946463616   -0.36196734159727145   -0.10963385505938202   -0.2508467427277391   0.1089517671410614   -0.0016691048092923862   -0.01610806885031281   -0.10755386697437405   0.08103271125627419   -0.001397183486990214   0.07405000479893016   0.18981325055440815   -0.05770466379100091   0.11312164459919628   -0.012284843323811719   -0.19672586425827335   0.02979428248445242   0.039263639414250026   -0.13695388454282603   0.024236138719981475   0.12146587354629566   0.07430142701352188   0.043429175868306906   -0.2179672456975493   -0.09283060244897642   -0.05427322283857111   -0.11611515873487124   0.3509833200409275   0.3959572973328128   0.703494654380973   0.4927557452475635   0.06836298545066723   0.10540580592445253   0.30679900030974605   0.8226826242507087   1.0   -0.31766990332891604   -0.4152260642382792   -0.3298183796421573   -0.18631250557063808   -0.25481356171694375   -0.12545643568683576   0.07258495013533153   0.06950085559891565   -0.09959873111268952   0.04124370207548542   0.1614328525915582   -0.3105828888651885   0.04703573932991927   -0.03763242395248361   -0.16729384223148216   -0.21597998036375293   0.0011721497104117623   0.2137911125232457   -0.058634625613559005   -0.08746474048925623   -0.2519514842150722   0.17253586787376723   0.33324855852478596   -0.10597880763652841   -0.16753888132917955   
T_sec   15.0   15.5   16.0   16.5   17.0   17.5   18.0   18.5   19.0   19.5   20.0   20.5   21.0   21.5   22.0   22.5   23.0   23.5   24.0   24.5   25.0   25.5   26.0   26.5   27.0   27.5   28.0   28.5   29.0   29.5   30.0   30.5   31.0   31.5   32.0   32.5   33.0   33.5   34.0   34.5   35.0   35.5   36.0   36.5   37.0   37.5   38.0   38.5   39.0   39.5   40.0   40.5   41.0   41.5   42.0   42.5   43.0   43.5   44.0   44.5   45.0   45.5   46.0   46.5   47.0   47.5   48.0   48.5   49.0   49.5   50.0   50.5   51.0   51.5   52.0   52.5   53.0   53.5   54.0   54.5   55.0   
U11   0   0   0   0   0   0   0   0   0   0   0   0   0   0   0   0   0   0   0   0   0   0   0   0   0   0   0   0   0   0   0   0   0   0   0   0   0   0   0   0   0   0   0   0   0   0   0   0   0   0   0   0   0   0   0   0   0   0   0   0   0   0   0   0   0   0   0   0   0   0   0   0   0   0   0   0   0   0   0   0   0   
T_sec   15.0   15.5   16.0   16.5   17.0   17.5   18.0   18.5   19.0   19.5   20.0   20.5   21.0   21.5   22.0   22.5   23.0   23.5   24.0   24.5   25.0   25.5   26.0   26.5   27.0   27.5   28.0   28.5   29.0   29.5   30.0   30.5   31.0   31.5   32.0   32.5   33.0   33.5   34.0   34.5   35.0   35.5   36.0   36.5   37.0   37.5   38.0   38.5   39.0   39.5   40.0   40.5   41.0   41.5   42.0   42.5   43.0   43.5   44.0   44.5   45.0   45.5   46.0   46.5   47.0   47.5   48.0   48.5   49.0   49.5   50.0   50.5   51.0   51.5   52.0   52.5   53.0   53.5   54.0   54.5   55.0   
U12   0.22956586729116496   -0.4940563920219994   -0.021286869606328092   -0.20202096054317337   -0.11901948611345538   0.048067579940460806   -0.025404788732692755   0.4381413058981845   0.11075890437715474   -0.06899638269201158   -0.020943972517584914   0.2959954276943862   -0.07522560730498888   0.27118605793427497   0.34136795462710534   -0.26794232501873716   -0.17650459201748347   -0.20258602376524826   -0.2976129621695606   -0.05129933267261048   -0.15264047388254823   0.11920428286556403   -0.3088042193507001   0.10796244611461056   -0.31142127592284824   0.330033438215572   0.22535443686311302   0.3522378435458259   -0.3351877955111538   0.1719425889362671   -0.16767435702876254   0.08349148441411088   -0.08361673959702863   -0.16178399186304054   0.3773037560086477   0.18046688132163793   0.2544753904485974   0.46366156077115606   -0.053829816728636785   0.321604271399849   -0.1157502709185297   0.4331899245915649   -0.07792795102954385   0.05427214498425897   -0.16107975717359724   -0.06837681347719511   0.0650652345354482   -0.46085493754112034   -0.03389108405197969   0.5187684318343597   0.6080107930849411   0.5178432662503021   0.5169898354252512   1.0   0.37527263278308304   -0.5576413576424144   -0.5127750335079465   -0.4104762086410257   -0.21042782528598022   -0.5723439561235395   -0.08432066697142004   -0.3533862623943552   -0.01281216874919637   -0.13031193224101495   0.5255863505474085   0.040059700971397404   0.2396980305791809   0.11279320777173625   -0.15415451265742763   0.4819999366634932   -0.31043874544283784   -0.016101273260367477   0.24329341229852575   -0.7322632269625337   0.1054675957198265   0.4011032075721491   -0.05779108187954401   -0.08954964240037819   -0.027643407363931918   -0.30790430582692013   0.26589889266100775   
T_sec   15.0   15.5   16.0   16.5   17.0   17.5   18.0   18.5   19.0   19.5   20.0   20.5   21.0   21.5   22.0   22.5   23.0   23.5   24.0   24.5   25.0   25.5   26.0   26.5   27.0   27.5   28.0   28.5   29.0   29.5   30.0   30.5   31.0   31.5   32.0   32.5   33.0   33.5   34.0   34.5   35.0   35.5   36.0   36.5   37.0   37.5   38.0   38.5   39.0   39.5   40.0   40.5   41.0   41.5   42.0   42.5   43.0   43.5   44.0   44.5   45.0   45.5   46.0   46.5   47.0   47.5   48.0   48.5   49.0   49.5   50.0   50.5   51.0   51.5   52.0   52.5   53.0   53.5   54.0   54.5   55.0   
U13   0   0   0   0   0   0   0   0   0   0   0   0   0   0   0   0   0   0   0   0   0   0   0   0   0   0   0   0   0   0   0   0   0   0   0   0   0   0   0   0   0   0   0   0   0   0   0   0   0   0   0   0   0   0   0   0   0   0   0   0   0   0   0   0   0   0   0   0   0   0   0   0   0   0   0   0   0   0   0   0   0   
T_sec   15.0   15.5   16.0   16.5   17.0   17.5   18.0   18.5   19.0   19.5   20.0   20.5   21.0   21.5   22.0   22.5   23.0   23.5   24.0   24.5   25.0   25.5   26.0   26.5   27.0   27.5   28.0   28.5   29.0   29.5   30.0   30.5   31.0   31.5   32.0   32.5   33.0   33.5   34.0   34.5   35.0   35.5   36.0   36.5   37.0   37.5   38.0   38.5   39.0   39.5   40.0   40.5   41.0   41.5   42.0   42.5   43.0   43.5   44.0   44.5   45.0   45.5   46.0   46.5   47.0   47.5   48.0   48.5   49.0   49.5   50.0   50.5   51.0   51.5   52.0   52.5   53.0   53.5   54.0   54.5   55.0   
U14   -0.20517818529093107   -0.20278250228572034   0.019346968673105803   0.04415291464372173   -0.1481066571055834   0.02929146386665189   0.00984018183373171   0.050560336645764245   -0.495088007439579   0.32805377420533294   0.018798626043934084   0.18210927271552332   -0.11581708064499067   -0.09980016824315902   -0.03788754226456765   -0.021304990315191823   -0.08819335581015587   0.17098383170874748   0.09562691755496304   0.5061326873856071   -0.23245556063854628   -0.16484257225146887   0.056138186960808745   -0.057171742006095705   0.2433939161339656   -0.010815472209156464   0.0864486531123073   0.17149883526025567   0.2122207439098111   -0.23574904715632458   -0.14659411511752285   0.07836207636855665   -0.06606308254376597   -0.16962478885067747   -0.02910708385305495   0.06123835017624195   0.04004494331793932   0.1294043068347101   -0.23052116013155594   0.09577976831320052   0.27356290330490696   -0.06993809768588494   -0.3677490404097747   0.01572650989798257   0.040968996623874945   -0.2864362977622464   -0.14484297630558404   0.2015862031240225   0.06404337943503428   0.33303194863031776   0.5991588119739721   1.0   0.8470821480805731   0.4703324930456145   -0.18456243613886805   -0.3104391903188496   -0.389654493357265   -0.23048080122571643   -0.3006610657143515   0.06040490393084371   0.13154041715925716   -0.08966618058304927   0.38381487583334123   0.011647481711912789   -0.17145577386306501   0.17217213527462544   -0.067657629402981   -0.4232452547191763   -0.016707331452393472   -0.23075435663637295   0.1622842979949598   -0.30631432848378887   0.09266771878280106   0.12025203577117861   0.0753690873226687   0.17142883342967677   -0.1521074120510243   -0.009443555816383708   -0.0009254357447472469   -0.002368918227932499   -0.20126495843952735   
T_sec   15.0   15.5   16.0   16.5   17.0   17.5   18.0   18.5   19.0   19.5   20.0   20.5   21.0   21.5   22.0   22.5   23.0   23.5   24.0   24.5   25.0   25.5   26.0   26.5   27.0   27.5   28.0   28.5   29.0   29.5   30.0   30.5   31.0   31.5   32.0   32.5   33.0   33.5   34.0   34.5   35.0   35.5   36.0   36.5   37.0   37.5   38.0   38.5   39.0   39.5   40.0   40.5   41.0   41.5   42.0   42.5   43.0   43.5   44.0   44.5   45.0   45.5   46.0   46.5   47.0   47.5   48.0   48.5   49.0   49.5   50.0   50.5   51.0   51.5   52.0   52.5   53.0   53.5   54.0   54.5   55.0   
U15   -0.06990030004705239   -0.05120623068134382   0.1843421692498366   -0.16546866829400278   -0.13918393104505203   -0.10774785954540035   0.06776887349505431   0.13548311080148803   0.15267662287338532   -0.31768283136381653   0.1381390770784034   0.15220858710271376   -0.22229186845141397   -0.2744423063460973   -0.2515228062012124   -0.4062438730560772   0.017000156702445677   0.16684065626739708   -0.36042307085155034   -0.047109737659844546   0.26091571053411855   -0.15427365861816378   -0.4958231146135481   -0.4939871246295663   -0.1010601720299806   -0.10549716905375904   -0.14062059143131603   0.17795524285294378   -0.17781138772032082   -0.022629670944031396   0.09583849644307033   -0.16725851422259616   -0.15728163695722966   -0.21412157810482915   -0.0023961131335585306   0.1105793674793986   -0.3218140373236367   0.04685518941088255   0.06526394728834817   0.01732709426971323   0.016604643203249145   0.02787612192346288   0.3707442971588711   -0.08480419491622762   0.25174842312005674   -0.13857623389550008   0.13414444171577133   0.023100067748871467   0.03977153016913358   0.3236438430162175   1.0   0.6644954500141677   0.7592736345727856   0.2898732360407013   -0.36078108824193944   -0.4933933908842481   -0.21638825634745087   -0.12179604677055356   -0.11719216850163884   0.06437249937565072   -0.026344506771563338   -0.27865064177575216   0.23384646281105811   -0.37390446616102824   0.26302316487283606   -0.11961401909242661   0.1018038221963043   -0.008081470485522744   -0.334806383386561   -0.041207109423621796   0.3013375024315828   0.14129987359465565   0.27674583853177087   0.17442528333576193   0.29862085713659353   -0.049672832702803434   -0.15912819703518608   0.08094553541418577   -0.398757356574981   0.019025341006262776   0.013460852619409797   
T_sec   15.0   15.5   16.0   16.5   17.0   17.5   18.0   18.5   19.0   19.5   20.0   20.5   21.0   21.5   22.0   22.5   23.0   23.5   24.0   24.5   25.0   25.5   26.0   26.5   27.0   27.5   28.0   28.5   29.0   29.5   30.0   30.5   31.0   31.5   32.0   32.5   33.0   33.5   34.0   34.5   35.0   35.5   36.0   36.5   37.0   37.5   38.0   38.5   39.0   39.5   40.0   40.5   41.0   41.5   42.0   42.5   43.0   43.5   44.0   44.5   45.0   45.5   46.0   46.5   47.0   47.5   48.0   48.5   49.0   49.5   50.0   50.5   51.0   51.5   52.0   52.5   53.0   53.5   54.0   54.5   55.0   
U16   0.05451343237687855   -0.1574977553595073   -0.29627769525444203   -0.15505726951018886   0.20680552129907748   0.20379711415375074   0.012797168985546888   -0.09601279015701976   0.23854528180506498   -0.14191161243023673   -0.16490896158366955   0.10718994651509024   -0.27519879079163956   0.14669133823675365   0.1012494360218449   -0.20887791805457473   -0.09864611246968483   -0.18433242617082482   0.22428907342495522   -0.05069154537520116   0.009734349288067521   0.06554529390748097   0.19844036912325147   -0.2757486049775218   0.2134258220971855   0.2168266195080649   -0.038861122671251996   -0.3591464966965831   -0.1649449034596599   -0.0014577681674400518   -0.164127763694143   -0.056771251638894654   -0.126981449521768   -0.3263035754323759   -0.06048394586518547   -0.2546021261197406   -0.022753853948976995   0.21482102917931648   0.18933970902122577   -0.1142950117318278   0.27060359473536716   -0.1728487858480662   -0.07488697968601907   0.1266221205541177   -0.09621987672513288   0.07473778456816896   0.40128686203094827   -0.07148733211248763   0.4651527795759486   0.8412148245891266   0.9786297857156292   0.5327595420206411   1.0   0.9528670624291223   -0.3337270419738491   -0.21273268292003472   -0.3691673308847966   0.013148630887857298   -0.1532111848327191   -0.039613713063276434   0.13056087296180538   -0.04057180801753218   -0.18647970681481987   -0.2756620860311503   -0.07755070962501628   0.15499036285192622   -0.11357701523132897   -0.05512434873469487   -0.2563534810458435   0.013390303949651065   -0.12481143258554885   -0.23842710145077178   -0.13998551334204976   -0.0935777335347637   0.08969341546129429   0.14504002874626523   -0.0788236356658053   -0.10820239515012196   -0.3731644131466592   -0.44089386015311205   0.11331540267990682   
T_sec   15.0   15.5   16.0   16.5   17.0   17.5   18.0   18.5   19.0   19.5   20.0   20.5   21.0   21.5   22.0   22.5   23.0   23.5   24.0   24.5   25.0   25.5   26.0   26.5   27.0   27.5   28.0   28.5   29.0   29.5   30.0   30.5   31.0   31.5   32.0   32.5   33.0   33.5   34.0   34.5   35.0   35.5   36.0   36.5   37.0   37.5   38.0   38.5   39.0   39.5   40.0   40.5   41.0   41.5   42.0   42.5   43.0   43.5   44.0   44.5   45.0   45.5   46.0   46.5   47.0   47.5   48.0   48.5   49.0   49.5   50.0   50.5   51.0   51.5   52.0   52.5   53.0   53.5   54.0   54.5   55.0   
U17   0.05977685659357986   0.20595521598357594   0.04363423041880177   0.07780196132996982   -0.2722132558005396   0.0992242658043321   0.07310677220339208   -0.2906496124324641   -0.03913217856467015   -0.002342360676362959   -0.000922635927704855   -0.01670232945033655   0.22094212658991663   -0.10692625459770123   0.18360457194024246   -0.009727473677766031   -0.12108272799664543   0.00660866393680323   0.2029530442400407   -0.03637949120193396   -0.026566417374685816   -0.33205943622205825   -0.22920044583746785   0.3025509317085653   -0.22682505770349973   0.06349073314877204   -0.0764003148197158   0.14930862656948463   -0.23229010419220142   -0.11786105651609467   0.46151857159816173   0.029210089927269135   -0.087518826164864   0.2467416668247333   0.14656704783509777   -0.12960499918678206   -0.1003901250365828   -0.2707621236988966   -0.23943674057650474   -0.16644964686944808   -0.2707092954281229   0.05818290836284162   -0.005520338844665393   0.13833003630690024   0.20918128828333488   0.21130910235004102   0.13952199671306523   0.36090757860342537   0.33103738990482295   0.651752647447972   0.8319677834039818   0.9017015861807222   1.0   0.41882931712515836   -0.23811343346227534   -0.5690948966888988   -0.08230500909918102   -0.23984843746165255   -0.2513367496326171   -0.2471887661902295   -0.31965982486942335   -0.42109983465067136   -0.3283316634200074   0.21319918874923116   -0.2589904383971945   -0.1278519168434656   0.1792054651445771   0.011812607871581192   -0.23081724700103964   -0.25110059655364986   0.036601432133442593   -0.26760563973325774   0.012676979213195386   0.283323508393258   0.13152940042015598   -0.07607734858531867   0.03508083639402391   -0.03374862287349991   0.18976876700626455   -0.0060296398431980685   -0.23585336867466924   
T_sec   15.0   15.5   16.0   16.5   17.0   17.5   18.0   18.5   19.0   19.5   20.0   20.5   21.0   21.5   22.0   22.5   23.0   23.5   24.0   24.5   25.0   25.5   26.0   26.5   27.0   27.5   28.0   28.5   29.0   29.5   30.0   30.5   31.0   31.5   32.0   32.5   33.0   33.5   34.0   34.5   35.0   35.5   36.0   36.5   37.0   37.5   38.0   38.5   39.0   39.5   40.0   40.5   41.0   41.5   42.0   42.5   43.0   43.5   44.0   44.5   45.0   45.5   46.0   46.5   47.0   47.5   48.0   48.5   49.0   49.5   50.0   50.5   51.0   51.5   52.0   52.5   53.0   53.5   54.0   54.5   55.0   
U18   -0.36267696408080985   0.1638400510887816   -0.1904728425890994   0.07832595769075903   -0.4506661270807111   -0.3545763088066826   -0.037388710688593584   0.1404212960613644   0.1411591759516431   0.15070967136326371   -0.08741634457463388   -0.02429483824117537   0.3187077195198437   -0.10493163308837057   -0.13283688748809258   -0.17711589066281067   0.24258593874813936   0.26448687717029673   -0.2469319713851776   -0.3328339217630484   0.017521404168386046   -0.02520262499359664   -0.07906965909476685   -0.2433894850640058   -0.09632304164446502   0.03390601065454683   -0.009923139430548249   -0.33224472274187505   -0.0196845863737158   0.10030606711399002   -0.25219797994862353   -0.30506233728743265   -0.27933161131159645   0.17847274698539078   0.1531419848117319   0.064812367825215   -0.023843535159905473   0.23732235495123355   -0.23334126316270798   0.40333580053513635   -0.2588707452889686   0.015919971008533637   0.10222705064205902   0.35603526401668484   0.10011030913692287   -0.028077854907035113   0.48086952240511693   0.7361749433623612   0.5758325865585914   0.25240977463361985   1.0   0.94777137846611   0.9412079056419427   0.24003022575493047   -0.17708340104771028   0.08697617743385556   -0.10321080047152792   -0.7305493200662247   -0.441828380951441   -0.27099871061322695   0.21261224050192767   -0.25917585723354497   0.2530677629258808   -0.29956081202819435   -0.16604931393067607   0.14146261135627805   -0.2987919172529727   0.17922885913193504   -0.36137527822017385   -0.330223525171834   0.01139848731822369   0.09851535580948795   -0.05724308933948915   0.09620063821248562   -0.06200269948754713   -0.035781053442480164   -0.10230794539858035   0.05769078543495803   -0.1577764709979714   0.05576572165526475   -0.0557595814711925   
T_sec   15.0   15.5   16.0   16.5   17.0   17.5   18.0   18.5   19.0   19.5   20.0   20.5   21.0   21.5   22.0   22.5   23.0   23.5   24.0   24.5   25.0   25.5   26.0   26.5   27.0   27.5   28.0   28.5   29.0   29.5   30.0   30.5   31.0   31.5   32.0   32.5   33.0   33.5   34.0   34.5   35.0   35.5   36.0   36.5   37.0   37.5   38.0   38.5   39.0   39.5   40.0   40.5   41.0   41.5   42.0   42.5   43.0   43.5   44.0   44.5   45.0   45.5   46.0   46.5   47.0   47.5   48.0   48.5   49.0   49.5   50.0   50.5   51.0   51.5   52.0   52.5   53.0   53.5   54.0   54.5   55.0   
U19   -0.0645035453029627   0.23533121254581846   -0.25969615792048695   0.1709795849104792   -0.03950634542387593   -0.15919233529624396   0.33019722760348624   -0.22605519893107043   -0.1939477232224735   -0.059616526809090825   0.09270065524005004   -0.01063416472362369   -0.12148200148567882   -0.02577482046268638   -0.052231760535746026   0.054486082985213576   0.0866958063962864   0.27727653649137607   0.11683828452341992   0.11553747862080448   0.09529316702914788   -0.2315240752912996   0.030836295823836936   -0.007618126584363748   0.11111677917122487   -0.07952964048882089   0.3881435327320238   -0.007359522263107569   -0.029387483250952414   0.007401145028621347   -0.05421109067704682   0.1414811519890825   -0.07337189730202834   -0.06164690599619427   -0.10518231011530463   -0.28036909637427637   0.4083722333461992   0.2537178997675962   -0.16795459706702714   -0.06654839720993794   0.08490522095198735   -0.08195164645419896   -0.0792404424893775   -0.12611546043076824   0.14449149204010844   0.2780862430556499   0.38220632093919965   0.3635301898987981   0.5465606807099388   0.4468418414176316   0.7133950629248883   0.6677550218533825   1.0   0.11495168307872602   -0.49262288815489896   -0.3559669632473528   -0.46561240658217545   -0.3720898901760777   -0.20523069576315098   -0.023314891346386406   -0.39011798771922235   0.0038322497125436988   -0.04910196560651296   0.25554694804941   -0.03870938610088004   -0.21745185957269866   -0.03770142641115479   0.13808319011181958   0.1724663398061647   -0.30365485164816275   0.07396544556016457   -0.13221201957221132   0.014706719783459275   -0.252931422140596   0.07533866631556756   0.2228105961858197   0.04475199857176236   0.33881364399441743   -0.09175725084269845   -0.19934606234149774   -0.08130347771336148   
T_sec   15.0   15.5   16.0   16.5   17.0   17.5   18.0   18.5   19.0   19.5   20.0   20.5   21.0   21.5   22.0   22.5   23.0   23.5   24.0   24.5   25.0   25.5   26.0   26.5   27.0   27.5   28.0   28.5   29.0   29.5   30.0   30.5   31.0   31.5   32.0   32.5   33.0   33.5   34.0   34.5   35.0   35.5   36.0   36.5   37.0   37.5   38.0   38.5   39.0   39.5   40.0   40.5   41.0   41.5   42.0   42.5   43.0   43.5   44.0   44.5   45.0   45.5   46.0   46.5   47.0   47.5   48.0   48.5   49.0   49.5   50.0   50.5   51.0   51.5   52.0   52.5   53.0   53.5   54.0   54.5   55.0   
U20   0.011343563487656524   -0.0639975846072237   -0.1824044528458596   -0.045570632890617475   0.18742326793565375   0.05084270515038942   -0.08224982923197177   -0.2475200553173941   0.12980010879727152   -0.04336313938302308   -0.08166786137769945   -0.018253358871647654   0.012886871039667284   -0.15533612217673973   -0.05929325382005452   -0.2590621679587849   0.1137961243605062   -0.358148580968821   0.3642904446583727   0.038882616926859896   -0.25228127125886113   0.04579452913471763   0.4053165919011943   0.1241989288582197   0.049229880560022435   -0.3564241889519496   0.3150768767884901   -0.10531147282002035   0.2060389165420428   0.07223359112637345   -0.09552183443731288   0.05369073429703146   0.01042287317283823   0.13318836111086707   0.26518379969167505   -0.24339148245063338   0.3175954948187855   -0.42777329038293627   0.012923830233015339   0.014014202371337235   0.14628087114124552   -0.2998724098575486   0.26088901896226435   0.3741966707137406   -0.10863536601425684   0.4021000628609741   0.34643324868562414   0.5334186784087597   0.7545608660664073   0.5977951575178955   0.8763145897984606   0.8887122442392301   1.0   0.02824158053002542   -0.392441939653684   -0.3396220524041829   -0.3866220899309024   -0.2569958814210696   -0.10672194640976176   -0.14657376839483124   -0.06401106486256221   -0.12395169462623827   -0.4176169914218052   -0.17064229016762966   0.04199007268138142   0.03655741743024177   -0.153861017361091   -0.2344922875231496   -0.012027250849125445   -0.03639520700826816   -0.06861041891644874   -0.08284618022108077   0.03433294773991492   0.1383489649954043   0.27481106360312346   0.09243515411201411   -0.3309148530181758   -0.08904876785871822   -0.23598659847958914   -0.26809275204920324   -0.12001157602416493   
T_sec   15.0   15.5   16.0   16.5   17.0   17.5   18.0   18.5   19.0   19.5   20.0   20.5   21.0   21.5   22.0   22.5   23.0   23.5   24.0   24.5   25.0   25.5   26.0   26.5   27.0   27.5   28.0   28.5   29.0   29.5   30.0   30.5   31.0   31.5   32.0   32.5   33.0   33.5   34.0   34.5   35.0   35.5   36.0   36.5   37.0   37.5   38.0   38.5   39.0   39.5   40.0   40.5   41.0   41.5   42.0   42.5   43.0   43.5   44.0   44.5   45.0   45.5   46.0   46.5   47.0   47.5   48.0   48.5   49.0   49.5   50.0   50.5   51.0   51.5   52.0   52.5   53.0   53.5   54.0   54.5   55.0   
U21   0.2242227705833798   -0.14700460584573738   -0.25925210585173813   -0.47076229626479954   0.04700211418738928   0.18961372947279143   0.24026856497124452   0.0716269623268107   -0.06703310119865608   -0.17882614547319997   -0.15484567231821295   0.1626715793831365   0.025963369035458487   -0.1832913274546461   -0.0723288210908242   0.24059341894288058   -0.16122794413396907   -0.020300894534653106   -0.2468006245433561   -0.21808946436161472   -0.16699224723796705   -0.034597555798410756   -0.19771097219929296   -0.08942517218018009   -0.06290470908865246   0.19649357781066698   -0.026381653188285153   0.14394074162331233   -0.14073151031819947   -0.003080786867507778   0.057730721850999416   0.12534491343654303   0.05801442427560355   -0.13679735424710174   -0.02616929905433967   -0.3732105788133386   0.20954103095504886   0.009679401370088573   -0.18550592227298782   -0.2397461999989965   -0.05816013722646646   0.00701015857438031   -0.1965821123883835   0.053717174358103734   0.4227924229833483   0.3983598880941865   0.20175138719909144   0.4636557580133625   0.2625628132231109   0.3276466763441226   0.8295786875523701   1.0   0.5569523000741627   -0.26002202200998686   -0.6208662453695312   -0.12075266607095626   -0.33530136347980655   -0.5110902490541346   0.06810144702795931   0.14556355113630673   0.0942557069583173   -0.4400671544727495   -0.28833407017982576   -0.11313571392939398   -0.00569599433836888   0.14856441765779624   0.031788940712360166   -0.06852924505733797   0.47162018411224427   0.16606817308383437   0.3393389733446042   -0.05030545282692014   -0.11433810607154417   0.1159473029021926   -0.0852399213658218   0.18304297633833286   0.13102288014061114   -0.10809319695209536   0.019790232791852345   0.06480284976806168   0.010763497496413244   
T_sec   15.0   15.5   16.0   16.5   17.0   17.5   18.0   18.5   19.0   19.5   20.0   20.5   21.0   21.5   22.0   22.5   23.0   23.5   24.0   24.5   25.0   25.5   26.0   26.5   27.0   27.5   28.0   28.5   29.0   29.5   30.0   30.5   31.0   31.5   32.0   32.5   33.0   33.5   34.0   34.5   35.0   35.5   36.0   36.5   37.0   37.5   38.0   38.5   39.0   39.5   40.0   40.5   41.0   41.5   42.0   42.5   43.0   43.5   44.0   44.5   45.0   45.5   46.0   46.5   47.0   47.5   48.0   48.5   49.0   49.5   50.0   50.5   51.0   51.5   52.0   52.5   53.0   53.5   54.0   54.5   55.0   
U22   0.07330763042805154   -0.06385383691867207   0.07198809799732551   0.026753069729022465   0.011204299859733669   0.16249990416560717   0.4703667751180831   0.23268989304061108   0.22571468193505984   -0.18195370889485957   0.06842866841553749   0.24647300580913842   -0.1678879329789572   -0.18123481289749221   0.06565223064532147   -0.13743055308932603   0.11123259989199039   0.10643819051996023   -0.149611606456711   -0.1010771410458266   -0.16746105809755593   0.07914671939678822   -0.2881303451570774   0.07290951226109371   0.03540987682908167   0.2873762514088592   -0.15968360264450887   -0.10987256779615234   0.018696842856702436   0.07544037734179751   0.11805245098743684   -0.04302750833748462   -0.32410627531119224   -0.07317052514636718   -0.21377924582186145   -0.1897531142369281   0.04849972828405918   -0.13988557483559114   0.185908790346683   0.11518819239604078   0.027654118908416767   0.10474116636278637   0.043298797047227694   0.36594341689172666   0.2845113333364651   0.5522704219794172   0.47098124037207884   0.47477498323878525   0.6645447038135197   1.0   0.8228791553450847   0.8171383984367611   0.0651091698179867   -0.15795043492310976   -0.5304406244716143   -0.555258148317634   -0.11798896600155709   -0.18465337069668303   -0.051664417573045004   -0.01500240549457216   -0.12810280489056916   0.042535582835053584   0.23147182576170952   -0.04813634391100461   0.2603885158791128   -0.10701557767393748   0.011495970187749751   0.1396779349061169   0.33568985880615715   0.0377011586609873   0.031031569826710594   -0.02342259147207489   0.14065653043624268   -0.03423562796359294   -0.04400070894910103   0.284615278285717   0.003717924505252293   0.019942627224383953   0.05744455351541802   0.14517216396937832   0.05567747987692524   
T_sec   15.0   15.5   16.0   16.5   17.0   17.5   18.0   18.5   19.0   19.5   20.0   20.5   21.0   21.5   22.0   22.5   23.0   23.5   24.0   24.5   25.0   25.5   26.0   26.5   27.0   27.5   28.0   28.5   29.0   29.5   30.0   30.5   31.0   31.5   32.0   32.5   33.0   33.5   34.0   34.5   35.0   35.5   36.0   36.5   37.0   37.5   38.0   38.5   39.0   39.5   40.0   40.5   41.0   41.5   42.0   42.5   43.0   43.5   44.0   44.5   45.0   45.5   46.0   46.5   47.0   47.5   48.0   48.5   49.0   49.5   50.0   50.5   51.0   51.5   52.0   52.5   53.0   53.5   54.0   54.5   55.0   
U23   -0.07235907580184398   0.015226954877960105   0.08655791473278147   0.21259194160966186   -0.07118930427392045   -0.06669831040480723   0.06744641648790506   -0.11267914465060573   -0.01884494513371161   0.04849734541996542   0.07652576134964374   0.07480018716506324   0.03499912914469705   -0.07878112042925012   0.2322169514727547   0.15197993571703172   -0.13342771982009638   -0.05526751950446305   -0.16287261163107078   -0.22367959965826129   -0.3305069279977341   0.11541532959557094   -0.12960601540242347   0.012392197716487398   0.035898821067269555   0.011118581238586443   -0.08920610206188212   -0.009815351265584074   -0.05248872993292777   0.0064081711126699565   -0.3775160425881613   -0.17716989371183384   0.053210994276237156   0.1723757045866186   0.12509330497998433   -0.11746726679104016   0.2741694272387992   -0.0939663730277413   -0.16673920222502042   0.34149873768245365   0.17740404730706932   0.11410728825159179   0.3273343277379954   0.22465826013145415   0.479296691422555   0.45039181767132774   0.7789782882264186   0.6360780014290026   1.0   0.3433955541233111   0.1322161187917416   0.4538327821494572   0.043078315429013234   -0.46621360323202   -0.6409720016883818   -0.07181392275554041   -0.32030856157329196   0.025168887395728617   -0.022222958948084893   -0.025084810312290692   -0.010918097818582218   -0.18517743025918304   0.018341953129048662   -0.2669226434306755   0.04636322417163952   0.2824376302399382   -0.3149120448535585   -0.0368829341156861   -0.09085631883005786   -0.1707664777121056   -0.09568215281624019   0.18372438936626942   -0.03133478238085978   0.06907373493863761   -0.07863713830920735   0.17345833855997558   0.1451581600061654   -0.09941935934021716   -0.05120236623287293   0.031057347513532067   0.20494490068082397   
T_sec   15.0   15.5   16.0   16.5   17.0   17.5   18.0   18.5   19.0   19.5   20.0   20.5   21.0   21.5   22.0   22.5   23.0   23.5   24.0   24.5   25.0   25.5   26.0   26.5   27.0   27.5   28.0   28.5   29.0   29.5   30.0   30.5   31.0   31.5   32.0   32.5   33.0   33.5   34.0   34.5   35.0   35.5   36.0   36.5   37.0   37.5   38.0   38.5   39.0   39.5   40.0   40.5   41.0   41.5   42.0   42.5   43.0   43.5   44.0   44.5   45.0   45.5   46.0   46.5   47.0   47.5   48.0   48.5   49.0   49.5   50.0   50.5   51.0   51.5   52.0   52.5   53.0   53.5   54.0   54.5   55.0   
U24   -0.18297591126106943   0.37504451867818733   -0.12325425672775076   -0.07500790246976247   0.33608024947550313   -0.06292838551017209   -0.14615828320053217   -0.20354192759364878   -0.17719039386020843   0.13406227159991868   -0.21102524873822245   -0.10865472198263286   -0.16765296412488295   -0.19061884024855835   0.16762632232627317   0.020200849865713678   0.02748013670604925   -0.1317581109868174   -0.17516047605523394   -0.02621947516503188   -0.042795612675936665   -0.0206520158412075   -0.10559338078500179   0.0009541186332054594   0.09830878670464324   -0.1720026023896736   0.18089303910458662   0.04165130296578559   -0.022934705213691536   -0.014476280174374207   0.1342652627062244   -0.17859757769886547   -0.1680546403228992   -0.022328617100805054   -0.19640234960200292   0.020999353248762263   0.21884093976938615   -0.12163800369631374   -0.1539799750749561   0.24400342651051019   0.41953267921166487   0.4079319125991329   0.0695243069585035   0.44258745534861293   0.671719640887632   0.7990008974165969   0.7882087903250834   1.0   -0.20538888208945072   0.18224337808229976   0.025068082703428966   0.6844222650192058   0.7988672848444296   -0.1107923747501586   -0.21911541403694176   -0.38079343158890183   -0.4046145255263023   0.22696245862349065   0.08369807858247172   -0.12880470196869745   -0.4862872189292272   -0.005487511666088518   -0.050106660979131704   -0.2440927555253496   -0.02336154257298868   -0.13747850566601572   -0.2824939137982429   -0.29285843337234385   0.18437088134492222   -0.04625250571920414   -0.04197208055798134   0.09013083310998905   -0.14050628595719497   -0.18143451886756545   0.17051641434164105   0.21897084858262722   0.09264955639273721   -0.04029787463004989   0.18710476795265102   0.007817444436630528   0.07288057576904645   
T_sec   15.0   15.5   16.0   16.5   17.0   17.5   18.0   18.5   19.0   19.5   20.0   20.5   21.0   21.5   22.0   22.5   23.0   23.5   24.0   24.5   25.0   25.5   26.0   26.5   27.0   27.5   28.0   28.5   29.0   29.5   30.0   30.5   31.0   31.5   32.0   32.5   33.0   33.5   34.0   34.5   35.0   35.5   36.0   36.5   37.0   37.5   38.0   38.5   39.0   39.5   40.0   40.5   41.0   41.5   42.0   42.5   43.0   43.5   44.0   44.5   45.0   45.5   46.0   46.5   47.0   47.5   48.0   48.5   49.0   49.5   50.0   50.5   51.0   51.5   52.0   52.5   53.0   53.5   54.0   54.5   55.0   
U25   -0.06439139914544012   0.06029164403709172   -0.0032145938031638926   -0.040057970829473155   0.6879298496997597   -0.5689768792721979   0.22225132199117056   0.020497337257923593   -0.022523927136163944   0.05590873371537694   0.07900142975545865   0.02713507247794414   0.05574786632318078   -0.011251513747105358   -0.06030357383547908   -0.2415628057612345   -0.11987250299118869   -0.3861271921614042   0.18175834392152534   -0.1880742710080791   0.06439847118711463   -0.15769167695195369   -0.07029026099448726   0.11986411129881754   -0.3244527862002677   0.2709966105119078   0.10559896730694734   -0.14674011066835452   0.24682537594855605   0.2895904750712968   -0.056771492794151286   -0.13884073957315804   -0.12727725814207158   0.1664836099049658   0.1403624495600665   -0.05234657750810997   0.26377598235202854   -0.1940130465905361   0.23041137479273735   0.023283325043997074   -0.06970099119472303   0.49376763253435885   0.4984416871479675   0.8822348340775811   0.6239874516333014   1.0   0.06019653316023492   -0.4210760040953549   0.2363482505176238   0.10324003796789145   0.22550851866768165   0.39541635685156423   0.4983795381070265   -0.2395931400657457   -0.38808330151743037   -0.46952753452274676   0.045589803639486934   -0.12636951069499058   -0.20566288015766176   -0.22446941067684956   -0.17369314743471506   -0.2965154477180516   0.11233551111878984   -0.015814576053007866   -0.19642987203874   0.10384754305195727   0.11831657536076187   -0.19826454732131785   -0.029145306436801764   0.20240189512419537   -0.4428643256334893   0.054287626389022056   0.07572512751024062   0.13347718737274386   0.23317299725966942   -0.1162952751338119   -0.265139975831986   0.09286811853450605   -0.6551141195209508   0.06561611718574943   0.03733883356037841   
T_sec   15.0   15.5   16.0   16.5   17.0   17.5   18.0   18.5   19.0   19.5   20.0   20.5   21.0   21.5   22.0   22.5   23.0   23.5   24.0   24.5   25.0   25.5   26.0   26.5   27.0   27.5   28.0   28.5   29.0   29.5   30.0   30.5   31.0   31.5   32.0   32.5   33.0   33.5   34.0   34.5   35.0   35.5   36.0   36.5   37.0   37.5   38.0   38.5   39.0   39.5   40.0   40.5   41.0   41.5   42.0   42.5   43.0   43.5   44.0   44.5   45.0   45.5   46.0   46.5   47.0   47.5   48.0   48.5   49.0   49.5   50.0   50.5   51.0   51.5   52.0   52.5   53.0   53.5   54.0   54.5   55.0   
U26   0   0   0   0   0   0   0   0   0   0   0   0   0   0   0   0   0   0   0   0   0   0   0   0   0   0   0   0   0   0   0   0   0   0   0   0   0   0   0   0   0   0   0   0   0   0   0   0   0   0   0   0   0   0   0   0   0   0   0   0   0   0   0   0   0   0   0   0   0   0   0   0   0   0   0   0   0   0   0   0   0   
T_sec   15.0   15.5   16.0   16.5   17.0   17.5   18.0   18.5   19.0   19.5   20.0   20.5   21.0   21.5   22.0   22.5   23.0   23.5   24.0   24.5   25.0   25.5   26.0   26.5   27.0   27.5   28.0   28.5   29.0   29.5   30.0   30.5   31.0   31.5   32.0   32.5   33.0   33.5   34.0   34.5   35.0   35.5   36.0   36.5   37.0   37.5   38.0   38.5   39.0   39.5   40.0   40.5   41.0   41.5   42.0   42.5   43.0   43.5   44.0   44.5   45.0   45.5   46.0   46.5   47.0   47.5   48.0   48.5   49.0   49.5   50.0   50.5   51.0   51.5   52.0   52.5   53.0   53.5   54.0   54.5   55.0   
U27   0.0824095629414323   0.2343250909158733   0.010304943753624188   0.18236752470015377   0.21452440484169202   -0.2230414498256311   -0.12655861010182934   -0.0333705606671792   0.03258989818840211   -0.15943297421592198   0.12301850203528039   -0.2481555469271805   0.07348497682207705   0.14489479581358694   0.1108440118183373   0.200635295447435   0.04339913092188115   0.09886351169980409   0.035660640415052854   0.08144400593895368   -0.030852067770380496   0.07695210989982873   0.26162583926402405   -0.03854631349109511   -0.05911769268722315   0.16466395350338653   0.17480232644458416   -0.029001171153526954   -0.3235046625013273   -0.04671830682696726   -0.18044172395657965   0.10460940408894011   0.00555195929283981   -0.006904019981475662   0.01922361787120343   -0.015769502081752033   -0.1290329735143899   0.07665684001109835   0.24035602661731245   0.19804405079619777   0.35082350419910163   0.3119482003605471   1.0   0.7874229568774757   -0.253660177535227   -0.23398912510723713   -0.29241892819210735   -0.10142657561822495   -0.10198835483187525   0.5331313137682117   0.3138355244259413   0.2227715103585993   0.28009026144521   -0.1586576091576566   -0.22053568866139603   -0.39720669970859124   -0.46871651330969094   -0.16571967952231884   -0.4387114476099364   -0.16788633478497375   0.09443259638818727   0.08544215901503584   -0.03490151812326797   0.1361645818687729   0.14632507085706223   0.2088551056416817   0.05364221371146417   -0.0929344335950275   -0.13179732921379025   -0.3881279105439471   -0.12259801221174152   -0.17690004270388046   0.056080864689388325   -0.0027577634748454454   -0.21253461690900832   0.016590886167799496   -0.2745162541372791   0.17453767704572165   -0.00045885093821572225   -0.29705403696655186   -0.04351075646499241   
T_sec   15.0   15.5   16.0   16.5   17.0   17.5   18.0   18.5   19.0   19.5   20.0   20.5   21.0   21.5   22.0   22.5   23.0   23.5   24.0   24.5   25.0   25.5   26.0   26.5   27.0   27.5   28.0   28.5   29.0   29.5   30.0   30.5   31.0   31.5   32.0   32.5   33.0   33.5   34.0   34.5   35.0   35.5   36.0   36.5   37.0   37.5   38.0   38.5   39.0   39.5   40.0   40.5   41.0   41.5   42.0   42.5   43.0   43.5   44.0   44.5   45.0   45.5   46.0   46.5   47.0   47.5   48.0   48.5   49.0   49.5   50.0   50.5   51.0   51.5   52.0   52.5   53.0   53.5   54.0   54.5   55.0   
U28   -0.040525642733456116   0.48345655128747345   0.09451627607075379   -0.43439753131023245   -0.08052896521363864   -0.06935645972797894   0.03900623033741148   -0.08731623646907136   0.1429652578485448   -0.09996144249526986   0.45511051624356774   0.20538974704924437   -0.1341360255456811   0.0681929178482396   -0.16148155867306846   0.014013228978545617   0.23705789536597655   -0.07420210398245473   -0.3450097499888078   0.03653245631743148   0.14445386110949557   0.06817916898556854   -0.10159371691437269   0.04117263834812393   -0.30108621977853245   -0.061350344086892335   -0.11112856263972681   0.23808236252991502   -0.2059918281991459   0.04350850795694591   -0.11448901296947904   -0.2680457242574973   -0.2828061937511876   0.020060291596872025   0.13555911708454912   0.15700440381378628   0.20048100569887284   0.43726803661499436   0.7763917813908753   0.3880102762679604   0.9391330426630337   1.0   -0.21464359161672833   -0.2737294666524022   -0.11308811530198129   -0.1559773459157692   0.2496418342363288   0.05529567917578937   0.4234056661999017   0.30201829112568684   0.12534256698767923   0.5459085479302367   0.2209566304507313   -0.3400039976143108   -0.6642140663909294   0.4670958582201217   0.33659477182318226   -0.4013265347810708   0.007832837759451407   0.1626325921162959   0.08109806173681904   0.19346839345843728   0.1016673052486687   0.3608768963431378   0.06752094384633849   -0.2952540286359321   0.013759351015348685   -0.2661472454846871   -0.3227166890752293   -0.08709699229369626   0.2910342835907299   0.4467976346888352   0.007713156680580847   0.027221446964239615   0.30518497170375214   -0.4413004071514644   -0.11214830881151275   0.09375505442500025   -0.5059086259827108   0.4151444257617628   0.11352413631094978   
T_sec   15.0   15.5   16.0   16.5   17.0   17.5   18.0   18.5   19.0   19.5   20.0   20.5   21.0   21.5   22.0   22.5   23.0   23.5   24.0   24.5   25.0   25.5   26.0   26.5   27.0   27.5   28.0   28.5   29.0   29.5   30.0   30.5   31.0   31.5   32.0   32.5   33.0   33.5   34.0   34.5   35.0   35.5   36.0   36.5   37.0   37.5   38.0   38.5   39.0   39.5   40.0   40.5   41.0   41.5   42.0   42.5   43.0   43.5   44.0   44.5   45.0   45.5   46.0   46.5   47.0   47.5   48.0   48.5   49.0   49.5   50.0   50.5   51.0   51.5   52.0   52.5   53.0   53.5   54.0   54.5   55.0   
U29   0   0   0   0   0   0   0   0   0   0   0   0   0   0   0   0   0   0   0   0   0   0   0   0   0   0   0   0   0   0   0   0   0   0   0   0   0   0   0   0   0   0   0   0   0   0   0   0   0   0   0   0   0   0   0   0   0   0   0   0   0   0   0   0   0   0   0   0   0   0   0   0   0   0   0   0   0   0   0   0   0   
T_sec   15.0   15.5   16.0   16.5   17.0   17.5   18.0   18.5   19.0   19.5   20.0   20.5   21.0   21.5   22.0   22.5   23.0   23.5   24.0   24.5   25.0   25.5   26.0   26.5   27.0   27.5   28.0   28.5   29.0   29.5   30.0   30.5   31.0   31.5   32.0   32.5   33.0   33.5   34.0   34.5   35.0   35.5   36.0   36.5   37.0   37.5   38.0   38.5   39.0   39.5   40.0   40.5   41.0   41.5   42.0   42.5   43.0   43.5   44.0   44.5   45.0   45.5   46.0   46.5   47.0   47.5   48.0   48.5   49.0   49.5   50.0   50.5   51.0   51.5   52.0   52.5   53.0   53.5   54.0   54.5   55.0   
U30   -0.06013811485624604   0.031882424731739696   -0.11517139527944768   -0.19138009547938856   0.06265348672879194   -0.07419772194587558   -0.15931334329220156   -0.3833098334094196   -0.06190022426191861   -0.30498811942587206   0.06756067282510543   -0.2693553054910839   -0.16142740801685887   -0.3306589828147966   0.06969168457839657   -0.18556084930033365   0.25000347564943676   0.29710123269287025   -0.042618894640384465   -0.04300187343796052   0.5431345136223891   -0.01680686943510193   0.24172939643128374   -0.0668785650587263   0.048516652476597304   0.2834184353455998   0.2155793006424664   -0.26725689737717534   -0.09363783353617999   0.060281634951276135   -0.12172218349751975   -0.12719549006754838   0.27534564256257593   0.12557961031755477   0.013640935901864012   0.09757653296006988   0.38070202297304917   0.6519143037588949   1.0   0.315024692449828   0.3010294689493442   -0.11753954433373368   0.05880289419102847   0.07481413710786215   -0.027400109198685806   0.19905130396010554   0.01862704722924517   0.25204887579152635   0.2892357866017018   0.15404377688666987   -0.03938035830342673   0.1731264548007727   0.030178056676322385   -0.273343265926086   -0.3529915485415352   -0.10753281366299046   0.16322447130186363   -0.06258312502247819   0.17727867531265631   -0.02552221521252864   0.2877129636682165   0.3740858048352856   -0.08211726901565249   -0.021805909674291257   -0.11990342089858631   -0.13412812260926868   0.0907341923581691   0.007373240446962825   -0.42243284170202605   -0.3930698197427095   -0.04932076798639872   0.40090014811130537   -0.1744332909558376   0.2240442492244811   -0.15313220843958972   0.49575055596404694   -0.10076534141308967   -0.08020919481909977   0.03139396935299906   -0.19294909722796622   0.08057573894536012   
T_sec   15.0   15.5   16.0   16.5   17.0   17.5   18.0   18.5   19.0   19.5   20.0   20.5   21.0   21.5   22.0   22.5   23.0   23.5   24.0   24.5   25.0   25.5   26.0   26.5   27.0   27.5   28.0   28.5   29.0   29.5   30.0   30.5   31.0   31.5   32.0   32.5   33.0   33.5   34.0   34.5   35.0   35.5   36.0   36.5   37.0   37.5   38.0   38.5   39.0   39.5   40.0   40.5   41.0   41.5   42.0   42.5   43.0   43.5   44.0   44.5   45.0   45.5   46.0   46.5   47.0   47.5   48.0   48.5   49.0   49.5   50.0   50.5   51.0   51.5   52.0   52.5   53.0   53.5   54.0   54.5   55.0   
U31   0.24196861976643402   0.07896882044138051   0.1396936368022677   -0.13046262699980155   -0.1970585774713047   -0.07930890502322949   -0.042959157193625475   0.40907883803736106   -0.26295857744800333   0.06975680528005304   0.4063164881641518   0.0028663421338248544   0.11325505782419014   0.1442012776499863   -0.06526098091009841   0.1298573063927651   0.04488709273574025   -0.28031687056671556   0.1524732964338176   0.058670422930806404   -0.08293129629235337   0.1102864085155079   0.09321342911769866   -9.041701865168022e-05   -0.1404573975427075   0.27865575735083176   -0.06146830653981854   -0.05626484655732049   0.2419417734116458   7.354013538571844e-05   -0.10500933894150492   -0.09116156803054232   0.3969957940546374   0.32110354201096813   0.24814713838833077   0.4091652108939316   0.8426860335061416   1.0   -0.4516192552411307   0.30062423087278195   0.002079470835145229   -0.09489089648756799   0.1108935703164501   0.08803030376811699   -0.029713569863243503   -0.12132653089271916   0.21271050085190799   0.4146091689556652   0.18384855354381152   -0.040696387001466   -0.1827231739101397   -0.048616373121659014   0.1852220046457495   -0.1369401841584796   -0.4428618462547615   0.12656519879281905   -0.2511173665578575   -0.3159913074046425   -0.15513517562376233   0.04073382903526611   -0.2822344498068403   -0.13959980038585817   -0.10396211182032725   -0.21251301600521968   -0.1175167904492676   -0.33140585042906084   -0.1712711613564874   -0.24061600770673489   -0.016633302306036376   -0.0916841907685421   -0.27199049067689374   -0.22142550510791464   -0.06782107824902636   -0.22367821771463248   0.027960750443787572   0.24342096821367235   0.0013355431672882189   -0.10220022362107777   0.09819579862216612   0.008730254513847997   -0.07738635366819732   
T_sec   15.0   15.5   16.0   16.5   17.0   17.5   18.0   18.5   19.0   19.5   20.0   20.5   21.0   21.5   22.0   22.5   23.0   23.5   24.0   24.5   25.0   25.5   26.0   26.5   27.0   27.5   28.0   28.5   29.0   29.5   30.0   30.5   31.0   31.5   32.0   32.5   33.0   33.5   34.0   34.5   35.0   35.5   36.0   36.5   37.0   37.5   38.0   38.5   39.0   39.5   40.0   40.5   41.0   41.5   42.0   42.5   43.0   43.5   44.0   44.5   45.0   45.5   46.0   46.5   47.0   47.5   48.0   48.5   49.0   49.5   50.0   50.5   51.0   51.5   52.0   52.5   53.0   53.5   54.0   54.5   55.0   
U32   0.29598065125562983   -0.030888721681506987   0.2937581191671551   0.4298697413700558   -0.18798064788311106   -0.41736436926325027   0.1665732496982034   0.39691335504813574   0.25812746919428436   0.22909213763783753   0.3099941792616936   0.44626781036692215   -0.21724512863515247   0.046877289906764846   -0.10492629859334622   -0.08177025982374098   -0.2126224398362902   -0.08343417450664616   -0.08749551043206778   -0.06486674128981001   0.5086741641698836   0.4162173294772669   -0.2039826465458526   -0.10330382826947504   -0.015072137415045733   0.24636291082188055   -0.07136389330949433   0.06928454251995696   -0.06051799485929057   -0.3533943485956651   0.12015135458119436   0.07166638774614575   0.28914754477022975   0.5649761521939191   0.8519067378181963   1.0   0.9148933391991542   0.14856247757225716   -0.4614120553966418   -0.17537407292042995   0.30084729217105843   0.037613557735797505   -0.0829959402256434   -0.04642622379250427   -0.2386046838468362   0.33095609178281166   0.22003066665095708   -0.04348061621037076   0.3271349901236484   0.1451540046054078   -0.22920282169708522   0.30690597442094286   -0.040899967555166755   -0.23430541987135645   -0.4547947837537098   -0.2623041539032347   -0.23957790307095522   0.03380074970610068   0.18968922830817844   0.08523594608195041   -0.012729753621453918   -0.04546332817136664   0.2553273475794079   0.2945146642183502   -0.13406790303840177   -0.18916641303804282   -0.19846316397170266   -0.21852533685031805   -0.4074718581181428   -0.31330834645099226   0.11577852320489598   0.3260774419855196   -0.007396390150117998   -0.07200549457524383   -0.06944068517189153   0.17589896897893986   0.35407596201982855   -0.09799119397617595   -0.10348779626600157   -0.3280940647456525   0.04846706857607863   
T_sec   15.0   15.5   16.0   16.5   17.0   17.5   18.0   18.5   19.0   19.5   20.0   20.5   21.0   21.5   22.0   22.5   23.0   23.5   24.0   24.5   25.0   25.5   26.0   26.5   27.0   27.5   28.0   28.5   29.0   29.5   30.0   30.5   31.0   31.5   32.0   32.5   33.0   33.5   34.0   34.5   35.0   35.5   36.0   36.5   37.0   37.5   38.0   38.5   39.0   39.5   40.0   40.5   41.0   41.5   42.0   42.5   43.0   43.5   44.0   44.5   45.0   45.5   46.0   46.5   47.0   47.5   48.0   48.5   49.0   49.5   50.0   50.5   51.0   51.5   52.0   52.5   53.0   53.5   54.0   54.5   55.0   
U33   0.1864649158459241   -0.07791801293633784   -0.21041486432909626   -0.2755168251713777   0.09564433944767994   0.16711046417910566   0.1519148304104042   0.04227328434347489   0.0034938790763939047   0.04542652674431557   -0.15313065782419547   -0.06980673265243903   -0.05391165167207848   -0.238432400559068   0.3902015082290783   0.018362260771419798   -0.044023413565967784   0.11759429921016036   0.11608913340805271   -0.23929743173883902   0.010193013507921076   0.21657110127372042   0.44677186402855523   -0.11307321609689283   0.25237811989282444   -0.2663367409447133   0.04366841888030083   -0.23590949203902742   -0.010687735210371727   -0.18783429192519377   0.29443541444217436   0.07593995901873449   -0.08270456435838319   0.24137700974014775   1.0   0.358557833993835   -0.4728010239973962   0.022863610526309433   -0.012718005010759094   0.10805958512799199   -0.04965928812119106   0.06718209808115283   0.011898214598904831   -0.11896492835946099   -0.030392888627664885   -0.038426377251280425   0.05723870778502149   -0.18512074719832478   -0.08476833741310533   0.10570949780033817   -0.23071904510594238   0.141524826586193   0.29850281568264114   0.01588483500960897   -0.05561303387859332   -0.09404849316489487   0.02959681366188427   -0.018213406050018303   -0.035243503340660405   0.1646481383358461   0.14953644716344391   0.05744922168419615   -0.08090352124852175   -0.06082299063700932   0.04918637635652574   0.003583366502966231   -0.050992745102198506   -0.19710752454783464   -0.09608784293794141   0.05995608764764283   0.06998862148484938   -0.2810218787002291   0.04075038704335914   -0.358286332571507   -0.10970093726587395   0.1977206495342436   -0.1576683411593304   0.10006009616415767   -0.0613848620029972   -0.40062743276733   0.0346969891800395   
T_sec   15.0   15.5   16.0   16.5   17.0   17.5   18.0   18.5   19.0   19.5   20.0   20.5   21.0   21.5   22.0   22.5   23.0   23.5   24.0   24.5   25.0   25.5   26.0   26.5   27.0   27.5   28.0   28.5   29.0   29.5   30.0   30.5   31.0   31.5   32.0   32.5   33.0   33.5   34.0   34.5   35.0   35.5   36.0   36.5   37.0   37.5   38.0   38.5   39.0   39.5   40.0   40.5   41.0   41.5   42.0   42.5   43.0   43.5   44.0   44.5   45.0   45.5   46.0   46.5   47.0   47.5   48.0   48.5   49.0   49.5   50.0   50.5   51.0   51.5   52.0   52.5   53.0   53.5   54.0   54.5   55.0   
U34   0.02285652974103075   -0.2105692810382941   0.14081166712369078   0.06014501246316617   0.04498789316075058   0.5302502450287268   0.2356907357239498   0.022189904086290735   -0.24394214597152145   0.05688792043614047   -0.24481755982082185   -0.10376464575662267   0.40435763193597385   0.23198884680111714   0.03519643451410284   0.04670469801015584   0.0851831440103763   -0.06016450893322836   0.2547685858855507   0.33289190450509804   -0.2030730102129686   -0.1215521363632237   -0.23278295405039026   0.05753957085920884   0.16682282841926552   0.019919015503732585   -0.0012968429281749322   0.08273354921352709   -0.2924091489725359   0.18253121736965494   0.1423378858230199   0.179561742184531   0.9078783168403691   1.0   0.5325685731562667   -0.4482139528651772   0.1839278137878769   -0.15434986928474873   0.36202721619923967   0.26405369884851565   -0.1398912427010215   0.1794291896753895   0.018023934663283225   -0.10767381103056634   -0.07895459956737651   0.08543789641304313   0.6759282672346112   -0.037421339417387046   -0.0359452035573239   0.22087954537215565   0.28366656671965024   0.22364790103483345   0.1902092699305426   0.1349848750398813   -0.4422775171298388   0.309247367772601   0.21935901449969245   -0.11544764238423265   0.14090275127976593   0.3769545113971201   -0.19142521834313952   -0.19946617525230212   -0.2733265996193102   -0.023613961612950304   0.025767106866157408   0.0464385335956241   -0.10379624398793141   0.03556240711674563   0.18948432836275544   -0.26127700085749894   0.2331871063174035   -0.014760889779601612   0.0063996133525045795   -0.004711144790178045   0.17827191505042467   -0.09154332609015524   0.11116274787156903   0.003202922947981205   0.12263762140649534   -0.17319657403501645   0.24294696498922344   
T_sec   15.0   15.5   16.0   16.5   17.0   17.5   18.0   18.5   19.0   19.5   20.0   20.5   21.0   21.5   22.0   22.5   23.0   23.5   24.0   24.5   25.0   25.5   26.0   26.5   27.0   27.5   28.0   28.5   29.0   29.5   30.0   30.5   31.0   31.5   32.0   32.5   33.0   33.5   34.0   34.5   35.0   35.5   36.0   36.5   37.0   37.5   38.0   38.5   39.0   39.5   40.0   40.5   41.0   41.5   42.0   42.5   43.0   43.5   44.0   44.5   45.0   45.5   46.0   46.5   47.0   47.5   48.0   48.5   49.0   49.5   50.0   50.5   51.0   51.5   52.0   52.5   53.0   53.5   54.0   54.5   55.0   
U35   0   0   0   0   0   0   0   0   0   0   0   0   0   0   0   0   0   0   0   0   0   0   0   0   0   0   0   0   0   0   0   0   0   0   0   0   0   0   0   0   0   0   0   0   0   0   0   0   0   0   0   0   0   0   0   0   0   0   0   0   0   0   0   0   0   0   0   0   0   0   0   0   0   0   0   0   0   0   0   0   0   
T_sec   15.0   15.5   16.0   16.5   17.0   17.5   18.0   18.5   19.0   19.5   20.0   20.5   21.0   21.5   22.0   22.5   23.0   23.5   24.0   24.5   25.0   25.5   26.0   26.5   27.0   27.5   28.0   28.5   29.0   29.5   30.0   30.5   31.0   31.5   32.0   32.5   33.0   33.5   34.0   34.5   35.0   35.5   36.0   36.5   37.0   37.5   38.0   38.5   39.0   39.5   40.0   40.5   41.0   41.5   42.0   42.5   43.0   43.5   44.0   44.5   45.0   45.5   46.0   46.5   47.0   47.5   48.0   48.5   49.0   49.5   50.0   50.5   51.0   51.5   52.0   52.5   53.0   53.5   54.0   54.5   55.0   
U36   -0.07781067861675536   0.15055011733146983   -0.007870029644905524   -0.1121591056144512   -0.016701770314478382   -0.11980652598186876   0.01830804171290436   -0.06071686949407653   0.26980063276779376   -0.10775832257776075   -0.13070742415953907   -0.12957332162220558   0.23346230531157375   -0.06588399866919452   0.23835527131660753   0.06193944267755187   -0.25063030342691367   -0.3298188510487083   0.19759102787601807   0.26882132010639503   0.2276212885169076   -0.13246910787284485   0.21111812825128687   0.10031679088577494   0.2598407251915904   0.052985818557724565   0.1932997342836311   0.2602329073544839   0.5216361272196135   0.6291275306834576   1.0   0.2724209045812195   0.15560602061321602   0.1750444866256419   0.08593686024349811   -0.05568595390393479   -0.22301941873192127   0.07656285052908086   0.1952077302036476   0.09278510007474729   0.0346361086341991   -0.07593484706836677   0.1885875407337967   0.13895444987476338   0.1361553550855245   0.11115634358950295   0.2572136409720215   0.30366814244388485   0.02624602361345818   0.017254671024962878   0.06748491708199778   -0.02400167970210864   0.36725309925830735   0.12081491122272651   -0.27687316502679105   -0.04889915228819965   0.10365722655327018   -0.15297130279571228   0.12832550752364003   -0.05380552824702846   -0.04784976093804272   0.2171787834395184   0.13415074810181238   -0.2587887892189561   -0.05595310122496853   0.03455561866498231   -0.031121610825437355   0.0008567229208093419   0.07474844056850562   0.03166787711750601   0.013996164372970563   -0.14798232458703658   -0.12736064498947786   0.097072498039021   0.040272945093694605   0.13418587642107468   0.14861314107178586   -0.054813935891472446   -0.2265892308185549   0.14852250577764187   0.002475766270979986   
T_sec   15.0   15.5   16.0   16.5   17.0   17.5   18.0   18.5   19.0   19.5   20.0   20.5   21.0   21.5   22.0   22.5   23.0   23.5   24.0   24.5   25.0   25.5   26.0   26.5   27.0   27.5   28.0   28.5   29.0   29.5   30.0   30.5   31.0   31.5   32.0   32.5   33.0   33.5   34.0   34.5   35.0   35.5   36.0   36.5   37.0   37.5   38.0   38.5   39.0   39.5   40.0   40.5   41.0   41.5   42.0   42.5   43.0   43.5   44.0   44.5   45.0   45.5   46.0   46.5   47.0   47.5   48.0   48.5   49.0   49.5   50.0   50.5   51.0   51.5   52.0   52.5   53.0   53.5   54.0   54.5   55.0   
U37   0.11868589517164344   -0.31818284018440124   0.0746195340364741   0.017405625796306966   0.03661123251780077   0.2603647514180368   -0.40365432426158954   0.006994747532527657   0.08043386057191643   -0.08091282672839231   -0.1814261273398068   -0.007187140427275283   0.08628775497749143   0.021187294215994325   0.15681551281901923   0.06102951013388765   0.12625223447623143   0.13641003181615438   0.07487509565580659   -0.1483182693347745   -0.206728911752208   -0.1581147694853387   0.04890827263192617   -0.18569902242278524   0.09898827443764197   0.19936863737285573   0.1946595282831684   0.8023564976750138   0.6856836798766698   1.0   0.03222569040826941   -0.16372547644923086   0.19380227028994326   0.3306385258047773   -0.4459411901564139   -0.3069819467367886   0.1150714558072424   0.058854104695020656   0.0926141426081452   0.2844367782063016   0.2083921551481402   0.22790336617374993   0.3452310657321372   0.06108701239062555   0.1382241553883272   -0.04315555512672912   -0.09579010082429432   -0.29171245218397707   0.013573395537022004   -0.12620790920916958   -0.06567631661809742   0.1680002953704001   0.3249368517934382   0.11425097213036566   -0.46769672074074886   -0.08993820796116654   -0.02582167446562385   -0.027263950057703247   0.00977281513150181   0.15343677086013208   0.10375273256579999   0.5759516276999195   0.02844645557142654   -0.2546351666870718   -0.36225975013741185   -0.01988151403520436   0.09584134601744095   0.018633609452109377   -0.05154579785081908   0.07080925132269553   -0.2754233953748764   -0.24298824855784018   -0.29318766217939424   0.15567261810157842   -0.05314387985166956   0.00929713464777047   -0.006126785477325157   -0.1272464662833005   -0.08706744869688861   -0.23222481680898172   0.18027232481856179   
T_sec   15.0   15.5   16.0   16.5   17.0   17.5   18.0   18.5   19.0   19.5   20.0   20.5   21.0   21.5   22.0   22.5   23.0   23.5   24.0   24.5   25.0   25.5   26.0   26.5   27.0   27.5   28.0   28.5   29.0   29.5   30.0   30.5   31.0   31.5   32.0   32.5   33.0   33.5   34.0   34.5   35.0   35.5   36.0   36.5   37.0   37.5   38.0   38.5   39.0   39.5   40.0   40.5   41.0   41.5   42.0   42.5   43.0   43.5   44.0   44.5   45.0   45.5   46.0   46.5   47.0   47.5   48.0   48.5   49.0   49.5   50.0   50.5   51.0   51.5   52.0   52.5   53.0   53.5   54.0   54.5   55.0   
U38   0   0   0   0   0   0   0   0   0   0   0   0   0   0   0   0   0   0   0   0   0   0   0   0   0   0   0   0   0   0   0   0   0   0   0   0   0   0   0   0   0   0   0   0   0   0   0   0   0   0   0   0   0   0   0   0   0   0   0   0   0   0   0   0   0   0   0   0   0   0   0   0   0   0   0   0   0   0   0   0   0   
T_sec   15.0   15.5   16.0   16.5   17.0   17.5   18.0   18.5   19.0   19.5   20.0   20.5   21.0   21.5   22.0   22.5   23.0   23.5   24.0   24.5   25.0   25.5   26.0   26.5   27.0   27.5   28.0   28.5   29.0   29.5   30.0   30.5   31.0   31.5   32.0   32.5   33.0   33.5   34.0   34.5   35.0   35.5   36.0   36.5   37.0   37.5   38.0   38.5   39.0   39.5   40.0   40.5   41.0   41.5   42.0   42.5   43.0   43.5   44.0   44.5   45.0   45.5   46.0   46.5   47.0   47.5   48.0   48.5   49.0   49.5   50.0   50.5   51.0   51.5   52.0   52.5   53.0   53.5   54.0   54.5   55.0   
U39   0   0   0   0   0   0   0   0   0   0   0   0   0   0   0   0   0   0   0   0   0   0   0   0   0   0   0   0   0   0   0   0   0   0   0   0   0   0   0   0   0   0   0   0   0   0   0   0   0   0   0   0   0   0   0   0   0   0   0   0   0   0   0   0   0   0   0   0   0   0   0   0   0   0   0   0   0   0   0   0   0   
T_sec   15.0   15.5   16.0   16.5   17.0   17.5   18.0   18.5   19.0   19.5   20.0   20.5   21.0   21.5   22.0   22.5   23.0   23.5   24.0   24.5   25.0   25.5   26.0   26.5   27.0   27.5   28.0   28.5   29.0   29.5   30.0   30.5   31.0   31.5   32.0   32.5   33.0   33.5   34.0   34.5   35.0   35.5   36.0   36.5   37.0   37.5   38.0   38.5   39.0   39.5   40.0   40.5   41.0   41.5   42.0   42.5   43.0   43.5   44.0   44.5   45.0   45.5   46.0   46.5   47.0   47.5   48.0   48.5   49.0   49.5   50.0   50.5   51.0   51.5   52.0   52.5   53.0   53.5   54.0   54.5   55.0   
U40   -0.05718253651463514   -0.04664827323021355   -0.06223299290036231   0.016052917136880417   -0.11934096661121839   -0.004029730910628355   0.15729826014633416   0.18031240518501113   0.28553037891373706   -0.047702648434098806   0.01053467272835497   -0.17561402968787265   0.1858827804450897   -0.2983951261299107   -0.0983402414618692   0.27377837338391847   0.029983477927044117   0.10862911588957039   0.005279800957542102   0.20440675581452805   -0.17809880272980308   0.0550911337683743   0.3357594037082224   0.38046611572924094   0.5897446898760109   0.694557130625481   1.0   0.39250608688872307   0.08944597391988403   0.0672647009843559   -0.01176773918621378   -0.013632301308728986   0.1332890552614958   0.0719299611136036   -0.026732384074419083   0.13007560492761325   0.2574235995412285   0.010662426812289141   0.1107710487288404   0.05884947494595016   0.23194137139075105   -0.10902446853898769   0.06644309616250706   -0.028315737466956453   0.29943402858186285   -0.17347877242207033   -0.01694661770906378   0.09758209571608802   0.151762978781814   0.11069181955529032   0.0007472803893998958   0.2110046868487561   0.08537470648424492   0.19702942351921154   -0.09332980459300194   -0.04625459576125647   -0.13199458327109584   -0.2544473531086824   0.12821259832694124   -0.04519290395563308   -0.023372115306758996   -0.07545513030356883   -0.15603593808797   -0.011505150035167323   -0.08573409382701837   0.2560555232448156   0.0770763595488296   0.11662637575822933   0.026809205458927222   -0.20571283137455246   -0.07817104976708013   0.12539818505667497   -0.09468589455118927   0.11256877063947511   0.07650053757264491   -0.17500250456605984   0.08025625812383448   0.09528921075090202   -0.05512956659804069   -0.10838975284747927   0.24670620610087166   
sta_location:9.954407470807796,10.195376934105745,10.88763805139088,11.117428274821942,11.78168189571699,12.230373802586398,12.778226081389567,13.167069673597041,13.620212331284934,14.286174744506354,14.777752527750511,15.035098038965724,15.777376679288109,16.48764769092482,16.72186242550011,17.144221079823968,17.852370540865287,18.068475314900265,18.974232239443054,19.35416230828825,19.734845969624065,20.053247221560966,20.57289999505593,21.189559402790703,21.653692599945142,22.35840578846509,22.615598987053886,23.06145087337591,23.660425879008784,24.435498736633942,24.528702876426248,25.203370860454857,25.51645326142569,26.10543304385085,26.56432409230029,27.232059085455116,27.959527316300836,28.458293798242742,28.837991249181684,29.39892652460477,29.730360031458652,
rebuild_index:0,1,2,3,4,5,6,7,8,9,10,11,12,13,14,15,16,17,18,19,20,21,22,23,24,25,26,27,28,29,30,31,32,33,34,35,36,37,38,39,40,
use_index:0,2,3,5,6,7,9,10,12,14,15,16,17,18,19,20,21,22,23,24,25,27,28,30,31,32,33,34,36,37,40,
rebuild_locdata:9.954407470807796,10.25,10.88763805139088,11.117428274821942,11.75,12.230373802586398,12.778226081389567,13.167069673597041,13.75,14.286174744506354,14.777752527750511,15.25,15.777376679288109,16.25,16.72186242550011,17.144221079823968,17.852370540865287,18.068475314900265,18.974232239443054,19.35416230828825,19.734845969624065,20.053247221560966,20.57289999505593,21.189559402790703,21.653692599945142,22.35840578846509,22.75,23.06145087337591,23.660425879008784,24.25,24.528702876426248,25.203370860454857,25.51645326142569,26.10543304385085,26.56432409230029,27.25,27.959527316300836,28.458293798242742,28.75,29.25,29.730360031458652,
cut_start_time:15.0---cut_windows:40.0---reduction_v:10.0---move_time_window_all:0.0
move_time_window:0.0,0.0,0.0,0.0,0.0,0.0,0.0,0.0,0.0,0.0,0.0,0.0,0.0,0.0,0.0,0.0,0.0,0.0,0.0,0.0,0.0,0.0,0.0,0.0,0.0,0.0,0.0,0.0,0.0,0.0,0.0,0.0,0.0,0.0,0.0,0.0,0.0,0.0,0.0,0.0,0.0,
sta_noise_mean:0,0,0,0,0,0,0,0,0,0,0,0,0,0,0,0,0,0,0,0,0,0,0,0,0,0,0,0,0,0,0,0,0,0,0,0,0,0,0,0,0,
sta_noise_sigma:0.2,0.2,0.2,0.2,0.2,0.2,0.2,0.2,0.2,0.2,0.2,0.2,0.2,0.2,0.2,0.2,0.2,0.2,0.2,0.2,0.2,0.2,0.2,0.2,0.2,0.2,0.2,0.2,0.2,0.2,0.2,0.2,0.2,0.2,0.2,0.2,0.2,0.2,0.2,0.2,0.2,
add_noise_region_move_range:0,0,0,0,0,0,0,0,0,0,0,0,0,0,0,0,0,0,0,0,0,0,0,0,0,0,0,0,0,0,0,0,0,0,0,0,0,0,0,0,0,