T_sec   15.0   15.5   16.0   16.5   17.0   17.5   18.0   18.5   19.0   19.5   20.0   20.5   21.0   21.5   22.0   22.5   23.0   23.5   24.0   24.5   25.0   25.5   26.0   26.5   27.0   27.5   28.0   28.5   29.0   29.5   30.0   30.5   31.0   31.5   32.0   32.5   33.0   33.5   34.0   34.5   35.0   35.5   36.0   36.5   37.0   37.5   38.0   38.5   39.0   39.5   40.0   40.5   41.0   41.5   42.0   42.5   43.0   43.5   44.0   44.5   45.0   45.5   46.0   46.5   47.0   47.5   48.0   48.5   49.0   49.5   50.0   50.5   51.0   51.5   52.0   52.5   53.0   53.5   54.0   54.5   55.0   
U0   0.2067307227295447   0.09486380912888968   0.46008711758390175   0.11937690699155522   -0.0739252190006922   0.3199189669852015   -0.018374700862060566   -0.31784432363171644   -0.07610191234342385   0.21095691549633724   -0.17552682014628623   -0.3940366703653395   -0.25993429954449015   -0.44274433428558924   0.227288329273956   -0.34337812916448157   0.3673677842213053   -0.34690407417578756   -0.33872743626472523   0.1838938937685665   0.6636754416468126   0.21631570964768648   0.0883788607137585   0.11338195652891822   0.03876059799758474   -0.10544297785635719   0.06837738287648741   -0.054519436878421194   -0.35919059753186355   -0.025683201094603935   0.38899562789747283   0.05953567551556339   -0.4179476311543984   0.0828941855199362   0.023476640720263998   0.1755105869036682   -0.046638288831441735   -0.22929730350844316   -0.1625505596720746   0.00936330367784748   -0.33360650016413673   0.0015617382237830774   0.14995446509513022   0.5622298754932716   0.21977265770214474   1.0   0.7688129298382821   0.6000569619246342   -0.021363185335403503   0.1270380337101707   -0.1409939150160256   0.03725353870826068   -0.12828220023289844   -0.05397412642797955   -0.12175111132206522   0.3683582473497228   -0.12748753170237528   -0.6067383838372471   0.1788829473230257   0.2584216839382244   0.09794342652635446   0.214100248571123   0.1743476244836102   -0.19524466559467835   -0.3053363556055815   0.04810554747281587   -0.08756160026404165   -0.047296837343516286   0.3750399161315695   0.10461640373562252   -0.28904349845934973   -0.12356594830232391   -0.060793424312785   -0.0024249023606104756   0.35349669474081524   -0.06918240684226318   0.0652952177778042   -0.10247474732468691   0.04761336226782232   -0.21250597782937497   0.06897707245329618   
T_sec   15.0   15.5   16.0   16.5   17.0   17.5   18.0   18.5   19.0   19.5   20.0   20.5   21.0   21.5   22.0   22.5   23.0   23.5   24.0   24.5   25.0   25.5   26.0   26.5   27.0   27.5   28.0   28.5   29.0   29.5   30.0   30.5   31.0   31.5   32.0   32.5   33.0   33.5   34.0   34.5   35.0   35.5   36.0   36.5   37.0   37.5   38.0   38.5   39.0   39.5   40.0   40.5   41.0   41.5   42.0   42.5   43.0   43.5   44.0   44.5   45.0   45.5   46.0   46.5   47.0   47.5   48.0   48.5   49.0   49.5   50.0   50.5   51.0   51.5   52.0   52.5   53.0   53.5   54.0   54.5   55.0   
U1   0   0   0   0   0   0   0   0   0   0   0   0   0   0   0   0   0   0   0   0   0   0   0   0   0   0   0   0   0   0   0   0   0   0   0   0   0   0   0   0   0   0   0   0   0   0   0   0   0   0   0   0   0   0   0   0   0   0   0   0   0   0   0   0   0   0   0   0   0   0   0   0   0   0   0   0   0   0   0   0   0   
T_sec   15.0   15.5   16.0   16.5   17.0   17.5   18.0   18.5   19.0   19.5   20.0   20.5   21.0   21.5   22.0   22.5   23.0   23.5   24.0   24.5   25.0   25.5   26.0   26.5   27.0   27.5   28.0   28.5   29.0   29.5   30.0   30.5   31.0   31.5   32.0   32.5   33.0   33.5   34.0   34.5   35.0   35.5   36.0   36.5   37.0   37.5   38.0   38.5   39.0   39.5   40.0   40.5   41.0   41.5   42.0   42.5   43.0   43.5   44.0   44.5   45.0   45.5   46.0   46.5   47.0   47.5   48.0   48.5   49.0   49.5   50.0   50.5   51.0   51.5   52.0   52.5   53.0   53.5   54.0   54.5   55.0   
U2   0.37981354247333726   -0.5373072173781253   0.03780693728735197   0.4352771545654589   -0.28729291577040844   -0.07209173129737297   0.4962446653842881   0.03305407175542786   0.1372814541349159   -0.028383434396623955   0.404492241864908   -0.13466966494953744   0.23169107583381127   -0.13475810960748918   0.2989866594844244   0.004634171359795962   -0.10084144887361536   -0.15964432585270705   -0.2522132874634774   -0.15999302042323746   -0.39528737705634004   0.2733596422170701   0.05874447740641538   -0.026401965925885805   -0.3921089379798064   -0.2814714995662681   0.2976697064670629   0.02386949284180338   -0.16352794368440468   -0.061974622101852964   0.09804358770269068   0.016051992216299212   -0.3238485529931363   0.1539736831355691   -0.18595401305299564   0.32371613672011823   0.14055649963912784   0.07141997240115135   0.05922415761926839   -0.4722667667497998   -0.2396545791313726   0.047431149499167366   -0.12529485776105576   0.22118031378289735   0.23812968130626175   -0.17595815191420766   1.0   0.47030946769842513   0.0310505683449242   -0.18918474128696178   -0.8184338091366951   -0.06492555922465681   0.045112410341979985   0.0025842447480409836   0.017506789640494347   -0.1975312974794308   -0.11457580963823502   0.29057787808396407   0.16236103576085753   0.09577751441800082   0.19591950218932072   0.39547326529010807   -0.15422804254035982   0.060451156624293276   -0.14032252251383487   -0.005845584578133268   -0.00984184905399617   -0.163622895517597   -0.1986451103463952   -0.28560815365087705   -0.3231840683649625   0.08709990745504409   -0.21643146368654126   -0.4975275341739135   0.14158868207858724   -0.24182795240672972   -0.34117838629530783   -0.030896806125619087   -0.08000138054892648   0.05216975285935277   -0.11737987639536755   
T_sec   15.0   15.5   16.0   16.5   17.0   17.5   18.0   18.5   19.0   19.5   20.0   20.5   21.0   21.5   22.0   22.5   23.0   23.5   24.0   24.5   25.0   25.5   26.0   26.5   27.0   27.5   28.0   28.5   29.0   29.5   30.0   30.5   31.0   31.5   32.0   32.5   33.0   33.5   34.0   34.5   35.0   35.5   36.0   36.5   37.0   37.5   38.0   38.5   39.0   39.5   40.0   40.5   41.0   41.5   42.0   42.5   43.0   43.5   44.0   44.5   45.0   45.5   46.0   46.5   47.0   47.5   48.0   48.5   49.0   49.5   50.0   50.5   51.0   51.5   52.0   52.5   53.0   53.5   54.0   54.5   55.0   
U3   0.281707983492645   -0.047179488402666954   0.039133403351899264   -0.08808243956130371   -0.421131758389678   0.1853351843571966   0.27858353851004997   0.1629500936687333   -0.25195770816280416   0.026884092957689145   -0.02500682148387277   -0.03441738973271667   0.36063327188762995   -0.2673017693444148   0.004168052492412052   -0.3462571966130594   -0.18471534613332186   -0.04796944766491241   0.19539639022309563   0.130793019225133   0.05526128614347652   0.16026696857515957   0.09637478341472504   0.36358926300332894   -0.3773730572266629   0.4032512213854444   0.10672098441977779   -0.045417046895534115   0.14498307485563502   -0.2699618891066785   -0.17688159645339907   0.06593284238710886   0.604684119877755   -0.031767629443473715   0.05057303683822961   -0.04923798545747288   0.39627138425772507   -0.06521916228651571   0.2132481233014024   -0.3632691365170834   -0.15662081032860753   -0.0006514976043182151   -0.20880934799330186   0.7784650911229877   0.2800383716183377   -0.19640461629174805   0.9472178909080747   0.9496688262964454   0.32940538391418095   0.18654990516627099   0.10288048157983595   0.19990757189256209   -0.3098363124464217   -0.08363125799173325   -0.09095548007834514   0.04425472558149592   0.19690174198231888   -1.0   0.15665601750791094   0.37766000039699676   0.20167170721197264   0.022237528706500354   -0.05951970620438609   -0.48123216830318616   -0.11376514276800676   -0.08044507397638452   0.4058287355002577   -0.3727853543688928   0.07292260083055083   -0.3370053824212966   -0.3546619440954502   0.8106940412974953   -0.09178319104994735   0.14740154336580838   0.07525606864143328   -0.15125488628829073   -0.008735091373984696   0.3891473700019523   0.04617686640786192   0.34776108933362215   0.07616635198496553   
T_sec   15.0   15.5   16.0   16.5   17.0   17.5   18.0   18.5   19.0   19.5   20.0   20.5   21.0   21.5   22.0   22.5   23.0   23.5   24.0   24.5   25.0   25.5   26.0   26.5   27.0   27.5   28.0   28.5   29.0   29.5   30.0   30.5   31.0   31.5   32.0   32.5   33.0   33.5   34.0   34.5   35.0   35.5   36.0   36.5   37.0   37.5   38.0   38.5   39.0   39.5   40.0   40.5   41.0   41.5   42.0   42.5   43.0   43.5   44.0   44.5   45.0   45.5   46.0   46.5   47.0   47.5   48.0   48.5   49.0   49.5   50.0   50.5   51.0   51.5   52.0   52.5   53.0   53.5   54.0   54.5   55.0   
U4   0   0   0   0   0   0   0   0   0   0   0   0   0   0   0   0   0   0   0   0   0   0   0   0   0   0   0   0   0   0   0   0   0   0   0   0   0   0   0   0   0   0   0   0   0   0   0   0   0   0   0   0   0   0   0   0   0   0   0   0   0   0   0   0   0   0   0   0   0   0   0   0   0   0   0   0   0   0   0   0   0   
T_sec   15.0   15.5   16.0   16.5   17.0   17.5   18.0   18.5   19.0   19.5   20.0   20.5   21.0   21.5   22.0   22.5   23.0   23.5   24.0   24.5   25.0   25.5   26.0   26.5   27.0   27.5   28.0   28.5   29.0   29.5   30.0   30.5   31.0   31.5   32.0   32.5   33.0   33.5   34.0   34.5   35.0   35.5   36.0   36.5   37.0   37.5   38.0   38.5   39.0   39.5   40.0   40.5   41.0   41.5   42.0   42.5   43.0   43.5   44.0   44.5   45.0   45.5   46.0   46.5   47.0   47.5   48.0   48.5   49.0   49.5   50.0   50.5   51.0   51.5   52.0   52.5   53.0   53.5   54.0   54.5   55.0   
U5   0.32242322338357365   -0.04792133967555046   -0.08441866149582333   0.2695700257681002   -0.3161338897044662   0.5388759795524093   0.41661405862912626   0.16200182863333687   -0.07661700197738353   -0.13478049554995958   -0.22555006509137052   -0.10944139983469363   0.20837185026712954   0.0965554950179822   0.23222449147447227   -0.00843698664860394   -0.4095681456496859   0.28749874342453857   -0.15766225388592559   -0.2746724699887325   -0.31067932312744156   -0.313021156582216   -0.04576018611996928   -0.021324729330738392   -0.112410734831547   0.1344020813265829   -0.0924053636003247   -0.07231407658152028   -0.10312996950401686   0.014015748364355827   0.008125556151915321   -0.15470106931085456   0.12213421165845385   0.5391315349795838   0.10073007906973135   -0.011879291371877447   0.11779044166951841   -0.03495499618816845   -0.053885213870388735   -0.023095198430692198   0.01401769526825845   0.3910873564493338   0.16189261169206942   -0.3156596405363728   -0.002441489721480274   -0.03909866179570189   0.06117966551506984   1.0   0.9158684370354496   -0.19715343278391678   -0.09434714571285131   0.29832852244243213   -0.14532561868521365   0.605356738250793   -0.3017495765866058   0.18198205072162651   -0.020317350204909924   0.09707787982674362   0.42384275657466314   0.44069295033504124   -0.42281401475736097   -0.07436924208269735   -0.3688109929900887   -0.6912689654678447   -0.4745353981322479   -0.08875216025566121   -0.219897813497602   0.11019306449322884   -0.095753526406064   -0.15714758129834508   0.0003104786012725766   0.03385555099051243   -0.1561787716597527   0.3339291994538971   -0.3203468686719164   0.09580588722243448   0.09547896857498646   -0.2800324038231948   0.14461674986073247   0.024816610453834636   0.5495378885874507   
T_sec   15.0   15.5   16.0   16.5   17.0   17.5   18.0   18.5   19.0   19.5   20.0   20.5   21.0   21.5   22.0   22.5   23.0   23.5   24.0   24.5   25.0   25.5   26.0   26.5   27.0   27.5   28.0   28.5   29.0   29.5   30.0   30.5   31.0   31.5   32.0   32.5   33.0   33.5   34.0   34.5   35.0   35.5   36.0   36.5   37.0   37.5   38.0   38.5   39.0   39.5   40.0   40.5   41.0   41.5   42.0   42.5   43.0   43.5   44.0   44.5   45.0   45.5   46.0   46.5   47.0   47.5   48.0   48.5   49.0   49.5   50.0   50.5   51.0   51.5   52.0   52.5   53.0   53.5   54.0   54.5   55.0   
U6   0.12997783723100936   0.1212772780349653   0.36324816281009015   -0.118511083369046   -0.00379934179170556   -0.10459902445767781   -0.09153201814718004   0.1270738993943904   -0.024470100812387142   0.2926304442835338   -0.06953415231076457   -0.4950419518593106   0.15013597235411327   0.061622836421022606   0.07606057938230523   0.005098794636714279   -0.23625732191952217   0.27342384766099775   0.18166318007204407   0.18326330162573007   -0.10339851324555958   -0.3063334681551009   0.19051248810177837   0.4898660115278586   -0.39642433837021074   0.27603206059840535   -0.20420875034035363   -0.017650365883999927   -0.04058299801797066   0.13497862949161227   0.041688341452438694   0.17763118212361897   -0.08207068537980643   0.057104497729646764   0.32575050322836485   -0.08452756302274617   -0.28742280622347993   -0.27571009024509474   0.07429018874499228   -0.0030238562277984447   0.1182908086933285   0.09775369164088396   0.35386284571206406   0.27262486057722185   0.1823058296305713   0.05264456858750327   -0.09146392343520778   0.24588214963546504   1.0   0.4596632338136604   -0.024237000690747308   0.06325262112782769   -0.14912749453721552   0.3284427195562129   0.034586246321158566   0.11400807775702379   -0.05676674513348335   0.12080843602201936   0.18926128929790237   0.17418255996764   -0.29783086568889305   -0.16309832287476372   -0.16129826168406927   0.11239676209046379   -0.03439937177687298   -0.2511209250545879   -0.34773667023486876   -0.0651875942373372   0.09142709261704127   -0.09732054911231194   -0.1838820521723784   -0.10343923875219987   0.11862342139518615   0.011051511175943598   -0.06849236397212763   -0.3402979306597823   -0.17701511345693055   0.01974749695126987   -0.15195895404753015   0.2553484336806027   0.10218461172401253   
T_sec   15.0   15.5   16.0   16.5   17.0   17.5   18.0   18.5   19.0   19.5   20.0   20.5   21.0   21.5   22.0   22.5   23.0   23.5   24.0   24.5   25.0   25.5   26.0   26.5   27.0   27.5   28.0   28.5   29.0   29.5   30.0   30.5   31.0   31.5   32.0   32.5   33.0   33.5   34.0   34.5   35.0   35.5   36.0   36.5   37.0   37.5   38.0   38.5   39.0   39.5   40.0   40.5   41.0   41.5   42.0   42.5   43.0   43.5   44.0   44.5   45.0   45.5   46.0   46.5   47.0   47.5   48.0   48.5   49.0   49.5   50.0   50.5   51.0   51.5   52.0   52.5   53.0   53.5   54.0   54.5   55.0   
U7   0.13944553534179574   0.5153783188317757   -0.18305712105105337   -0.08064438296997757   -0.3083071686243077   0.19304886932211698   -0.6093214209729013   -0.10280068851478083   -0.1804935688794775   0.28551095490163947   -0.0844915529674318   0.2846976643764577   0.0507498769104547   -0.31388328448857983   0.08745691714640522   0.15690034464547845   0.09659425246024717   0.22849116728955346   -0.3003692284213168   0.02485181986824166   0.6161226763200534   -0.0638033420058249   0.06830307403059103   -0.4348645733508109   -0.2966711982577962   -0.15261713931374912   -0.1148224265211387   0.27829797135756024   -0.4440942797686542   0.16156191812553042   -0.019701725567059264   0.029146641817522186   0.43452994748061446   0.21432852873452224   0.09047543916424437   0.23625726233209818   0.34859971213412216   -0.10956375971404873   -0.3013691527309014   0.5454887915900414   0.38578149700102504   0.326854153536261   -0.47075248913422196   0.17496683522470577   -0.45134553799225147   0.03061286190276117   0.3096020431350448   0.338329405609948   1.0   0.44510745960991654   -0.39305585428103107   -0.18578029324342837   0.09154844044035759   0.4397053960598336   -0.23307229421571346   0.1119672561459717   0.9113613906051105   0.7872006588879612   -0.11520482401059705   -0.41080738319346316   -0.22838881206245196   -0.534929087735129   0.2661540423694551   -0.14315135627803174   0.33997506361368157   0.7943593879338693   0.048688805623139195   -0.19445077175328118   -0.20771721022977105   0.055532776830356886   -0.03786419415733394   0.26526507521456166   0.2611731414725065   0.2521667523176498   0.25311551153593786   0.032074497254957354   -0.3539381867291255   0.3410594224616865   0.12317146453646567   0.3749930231624172   0.30714526510612855   
T_sec   15.0   15.5   16.0   16.5   17.0   17.5   18.0   18.5   19.0   19.5   20.0   20.5   21.0   21.5   22.0   22.5   23.0   23.5   24.0   24.5   25.0   25.5   26.0   26.5   27.0   27.5   28.0   28.5   29.0   29.5   30.0   30.5   31.0   31.5   32.0   32.5   33.0   33.5   34.0   34.5   35.0   35.5   36.0   36.5   37.0   37.5   38.0   38.5   39.0   39.5   40.0   40.5   41.0   41.5   42.0   42.5   43.0   43.5   44.0   44.5   45.0   45.5   46.0   46.5   47.0   47.5   48.0   48.5   49.0   49.5   50.0   50.5   51.0   51.5   52.0   52.5   53.0   53.5   54.0   54.5   55.0   
U8   0   0   0   0   0   0   0   0   0   0   0   0   0   0   0   0   0   0   0   0   0   0   0   0   0   0   0   0   0   0   0   0   0   0   0   0   0   0   0   0   0   0   0   0   0   0   0   0   0   0   0   0   0   0   0   0   0   0   0   0   0   0   0   0   0   0   0   0   0   0   0   0   0   0   0   0   0   0   0   0   0   
T_sec   15.0   15.5   16.0   16.5   17.0   17.5   18.0   18.5   19.0   19.5   20.0   20.5   21.0   21.5   22.0   22.5   23.0   23.5   24.0   24.5   25.0   25.5   26.0   26.5   27.0   27.5   28.0   28.5   29.0   29.5   30.0   30.5   31.0   31.5   32.0   32.5   33.0   33.5   34.0   34.5   35.0   35.5   36.0   36.5   37.0   37.5   38.0   38.5   39.0   39.5   40.0   40.5   41.0   41.5   42.0   42.5   43.0   43.5   44.0   44.5   45.0   45.5   46.0   46.5   47.0   47.5   48.0   48.5   49.0   49.5   50.0   50.5   51.0   51.5   52.0   52.5   53.0   53.5   54.0   54.5   55.0   
U9   0.12500477408023838   0.2495050196904273   -0.11975140204324998   0.21869687113554373   0.1926918952413003   0.2290110355879981   -0.5051099816466259   0.023590377455286995   -0.11281254220407817   0.44524235286460984   0.23808570181380276   -0.06853106622936952   0.18006973317069933   0.2813543731227478   0.14193532105854634   -0.593756635873408   -0.1573431670940183   -0.35712956796151774   0.2564847998897447   -0.26261551216260925   0.13155934685582338   0.4424819446758   0.3719353981626121   0.059236088055306224   -0.2856591128951194   -0.047643792258203956   0.052009602026192175   -0.049364292834636114   -0.5103682454430062   -0.0736800437293507   -0.36528605462857844   -0.4424045736957529   -0.19966413247758438   0.11650616817896105   -0.08863372313495939   -0.22249527466393032   0.1633725873598388   0.13559654142108588   0.07219200381554274   -0.2906644191228761   0.12570041939992307   0.13034408985148924   -0.43984509564807583   -0.10798941646616837   -0.34472005918909615   0.19966292065811617   0.19820541197886155   0.12148779050857637   0.5308132338083779   0.6218721528597863   0.3487805119396759   -0.3337346895074208   -0.12259622257843379   -0.06203059428643556   -0.10838137379723219   0.7755417443480341   0.43382823395390807   -1.0   -0.961685330333904   -0.28232633367920473   -0.4580654326088679   0.07932166175623515   -0.2319153781155363   0.34390921856496814   -0.2737391246297287   0.07421327718057454   -0.1561485779191798   -0.06684512477528537   0.3784273100149191   0.1425106333774541   0.18977443204477346   0.18914646280426833   -0.3414784838163037   -0.20098360494296819   0.14499889505794747   0.04285120973405942   0.11560788158102069   0.3630950193387208   0.2976161684117335   0.05066090606859125   0.04080462531778364   
T_sec   15.0   15.5   16.0   16.5   17.0   17.5   18.0   18.5   19.0   19.5   20.0   20.5   21.0   21.5   22.0   22.5   23.0   23.5   24.0   24.5   25.0   25.5   26.0   26.5   27.0   27.5   28.0   28.5   29.0   29.5   30.0   30.5   31.0   31.5   32.0   32.5   33.0   33.5   34.0   34.5   35.0   35.5   36.0   36.5   37.0   37.5   38.0   38.5   39.0   39.5   40.0   40.5   41.0   41.5   42.0   42.5   43.0   43.5   44.0   44.5   45.0   45.5   46.0   46.5   47.0   47.5   48.0   48.5   49.0   49.5   50.0   50.5   51.0   51.5   52.0   52.5   53.0   53.5   54.0   54.5   55.0   
U10   -0.29512616415336496   0.008105535926604979   0.11071982322346445   -0.4445755743758186   -0.06776907660938773   0.18226802445492246   0.08271550067091955   -0.20236257810610572   -0.15372485861056728   0.1721700651712232   -0.09377918464075871   0.2855806633640002   0.4267730046746241   -0.1512598789721392   -0.338755347949979   0.23869095314540936   0.39600837635089686   0.19512151554161652   -0.1607157409001035   -0.14978406482492715   0.06137035365943056   0.3149971962921033   0.24341279510711247   -0.22801179759977414   0.1870745746165793   -0.2164396589174489   -0.1842793196863395   -0.05254859452408587   0.23476174331614022   -0.06588705623054636   -0.16186391711296322   0.2968679640703267   0.038810415242095886   0.07028825690749206   0.03469363220377106   -0.045969017984627   -0.039284177779184304   -0.13229833082290307   -0.2674637484145815   0.4233501897701419   0.04212658816070946   0.15931057643943847   -0.07234122496115314   0.008248573346120327   0.02682860571395703   0.12518433582616478   0.1834877189254482   0.44272707979126774   0.5709711023417441   0.6853776922776794   0.3910450322076642   -0.009070057636936643   0.056704866252207026   0.2543182660783062   0.803760221584384   1.0   -0.4995591129939691   -0.6478848693734803   -0.4226735442406754   -0.24717945487478746   -0.2693208931759656   -0.017216538003884996   0.43224233083833147   -0.0892989654635217   -0.05133191029850649   -0.04369780353257092   0.1468124892145203   -0.07558578251722768   -0.1519800817761415   -0.17715161290771508   -0.15351838797279643   0.10647624191003008   -0.065045663896125   0.1662874232437141   -0.09844818777833238   -0.29577908695477356   0.07819802423510433   -0.24974640040178692   -0.030399579017658086   -0.03418592173349884   -0.31040678329584087   
T_sec   15.0   15.5   16.0   16.5   17.0   17.5   18.0   18.5   19.0   19.5   20.0   20.5   21.0   21.5   22.0   22.5   23.0   23.5   24.0   24.5   25.0   25.5   26.0   26.5   27.0   27.5   28.0   28.5   29.0   29.5   30.0   30.5   31.0   31.5   32.0   32.5   33.0   33.5   34.0   34.5   35.0   35.5   36.0   36.5   37.0   37.5   38.0   38.5   39.0   39.5   40.0   40.5   41.0   41.5   42.0   42.5   43.0   43.5   44.0   44.5   45.0   45.5   46.0   46.5   47.0   47.5   48.0   48.5   49.0   49.5   50.0   50.5   51.0   51.5   52.0   52.5   53.0   53.5   54.0   54.5   55.0   
U11   0   0   0   0   0   0   0   0   0   0   0   0   0   0   0   0   0   0   0   0   0   0   0   0   0   0   0   0   0   0   0   0   0   0   0   0   0   0   0   0   0   0   0   0   0   0   0   0   0   0   0   0   0   0   0   0   0   0   0   0   0   0   0   0   0   0   0   0   0   0   0   0   0   0   0   0   0   0   0   0   0   
T_sec   15.0   15.5   16.0   16.5   17.0   17.5   18.0   18.5   19.0   19.5   20.0   20.5   21.0   21.5   22.0   22.5   23.0   23.5   24.0   24.5   25.0   25.5   26.0   26.5   27.0   27.5   28.0   28.5   29.0   29.5   30.0   30.5   31.0   31.5   32.0   32.5   33.0   33.5   34.0   34.5   35.0   35.5   36.0   36.5   37.0   37.5   38.0   38.5   39.0   39.5   40.0   40.5   41.0   41.5   42.0   42.5   43.0   43.5   44.0   44.5   45.0   45.5   46.0   46.5   47.0   47.5   48.0   48.5   49.0   49.5   50.0   50.5   51.0   51.5   52.0   52.5   53.0   53.5   54.0   54.5   55.0   
U12   -0.2177703087023297   -0.08362079022769826   0.415608355338451   -1.0   -0.11163095142908015   0.2579185467187481   0.3819499665626124   -0.27141195995376916   -0.09072289865886939   -0.12502558511227901   0.2880749672971135   0.5460819066744773   0.006224844266203782   0.008205825399889406   -0.1399198352385858   0.3021150356590241   -0.4265634799453934   -0.4306651539417678   0.17131097355944833   -0.035080770998163535   -0.3189336348272136   0.20881534342736532   -0.14716575026945697   -0.021182755958124622   0.08677706943232744   0.08600079974475963   -0.03023741701817582   -0.35111027306715725   0.4574027972214739   -0.6247762514904087   0.1694122316934232   0.2523877944716541   0.1805726753812971   0.0227848024285644   0.19888691523779933   0.1665629864055738   0.0506954015331778   0.5490422527549284   -0.09093263420877586   0.05623200217525237   -0.28239208203488314   0.06069365227480601   0.23030094279053642   0.1247760354324006   -0.10650781850556361   -0.29097065262657584   0.5113094873599408   0.38792384200627994   0.06374538224627584   0.3415577636952212   0.9572035469307488   0.21966763921933263   0.28972157639225476   0.9032617129764368   0.4720918542950077   -0.5141324580369075   -0.2125515890724828   0.019513342856622564   -0.4786868483869624   -0.4326302799989165   0.0915243582423709   -0.1961231649286118   -0.4779959601593083   0.1589475480889296   0.21782421954496534   -0.504990713911012   0.08006370139773117   0.4055539736788289   0.2401834229404373   -0.0023737578221818506   -0.39568288647448424   -0.6778056140885037   0.26935586084101854   -0.4637424659270003   -0.16442279285509454   0.05467501480707861   0.06212940602594264   -0.007780552113177672   0.1552514267127793   -0.23290440386150052   0.059265213458445314   
T_sec   15.0   15.5   16.0   16.5   17.0   17.5   18.0   18.5   19.0   19.5   20.0   20.5   21.0   21.5   22.0   22.5   23.0   23.5   24.0   24.5   25.0   25.5   26.0   26.5   27.0   27.5   28.0   28.5   29.0   29.5   30.0   30.5   31.0   31.5   32.0   32.5   33.0   33.5   34.0   34.5   35.0   35.5   36.0   36.5   37.0   37.5   38.0   38.5   39.0   39.5   40.0   40.5   41.0   41.5   42.0   42.5   43.0   43.5   44.0   44.5   45.0   45.5   46.0   46.5   47.0   47.5   48.0   48.5   49.0   49.5   50.0   50.5   51.0   51.5   52.0   52.5   53.0   53.5   54.0   54.5   55.0   
U13   0   0   0   0   0   0   0   0   0   0   0   0   0   0   0   0   0   0   0   0   0   0   0   0   0   0   0   0   0   0   0   0   0   0   0   0   0   0   0   0   0   0   0   0   0   0   0   0   0   0   0   0   0   0   0   0   0   0   0   0   0   0   0   0   0   0   0   0   0   0   0   0   0   0   0   0   0   0   0   0   0   
T_sec   15.0   15.5   16.0   16.5   17.0   17.5   18.0   18.5   19.0   19.5   20.0   20.5   21.0   21.5   22.0   22.5   23.0   23.5   24.0   24.5   25.0   25.5   26.0   26.5   27.0   27.5   28.0   28.5   29.0   29.5   30.0   30.5   31.0   31.5   32.0   32.5   33.0   33.5   34.0   34.5   35.0   35.5   36.0   36.5   37.0   37.5   38.0   38.5   39.0   39.5   40.0   40.5   41.0   41.5   42.0   42.5   43.0   43.5   44.0   44.5   45.0   45.5   46.0   46.5   47.0   47.5   48.0   48.5   49.0   49.5   50.0   50.5   51.0   51.5   52.0   52.5   53.0   53.5   54.0   54.5   55.0   
U14   0.21510425989850804   0.06900658612274606   0.11134595705143774   -0.013938771956781833   0.025577080186957826   -0.08591691189449842   0.2926657611420796   0.02119619041948461   -0.16198227570448487   0.10478990365566307   0.3043166444422682   0.21358700612481288   0.35396657469327647   0.11974353226934273   -0.20415963513505575   0.24129081655729576   -0.08931356503074253   -0.08646188358818636   0.162657851652045   -0.20062134705646084   -0.13791622211164292   0.10130640411068714   -0.10708081821025714   -0.15786098571166068   -0.37303411563114497   -0.27663753179049266   0.08513952899265509   0.42975209366083567   0.03865639732309737   -0.087806130614355   0.07659049893935102   -0.09245664366838732   0.11295928167811763   -0.06929357351136935   -0.2795180793521718   -0.27868557755616835   -0.3054148821297934   -0.21190302778565248   -0.04342907470283365   0.09826695934397933   0.2086709264256553   -0.1208156027227297   0.11437266426887187   -0.17847679680444467   0.11760756512599944   0.07216169235181091   -0.023455966086739284   -0.3740282372141146   0.31787202115679974   0.3077065457361653   0.7888869074931032   1.0   0.7390611935900385   0.14445743582858722   -0.19402525692622238   -0.5182996333547661   -0.13583517042597276   -0.4899195059884578   -0.28835875662143085   0.11207268708767366   -0.14091974831479406   -0.2465714641704354   0.061381507311223285   0.06653944150649059   0.3856297045966764   0.01325592074254642   0.08936179173846485   0.10701347021751596   -0.12801593314079077   -0.3182186935311901   0.02917047909011302   -0.34669171357734474   0.06793337477000351   -0.2103610463075928   0.41651580288419837   0.38148532974016175   0.1706380768118146   -0.16859018805096798   0.0058981570240875724   -0.05729360299049986   0.001171628033580567   
T_sec   15.0   15.5   16.0   16.5   17.0   17.5   18.0   18.5   19.0   19.5   20.0   20.5   21.0   21.5   22.0   22.5   23.0   23.5   24.0   24.5   25.0   25.5   26.0   26.5   27.0   27.5   28.0   28.5   29.0   29.5   30.0   30.5   31.0   31.5   32.0   32.5   33.0   33.5   34.0   34.5   35.0   35.5   36.0   36.5   37.0   37.5   38.0   38.5   39.0   39.5   40.0   40.5   41.0   41.5   42.0   42.5   43.0   43.5   44.0   44.5   45.0   45.5   46.0   46.5   47.0   47.5   48.0   48.5   49.0   49.5   50.0   50.5   51.0   51.5   52.0   52.5   53.0   53.5   54.0   54.5   55.0   
U15   -0.10976461599619688   -0.0965774390148788   -0.0754099742905853   0.3296790304859458   -0.12988421763143035   -0.11905778768591398   0.2536531727625577   -0.15839161461971574   0.12520163628785289   0.05577131428878184   -0.31513751379254157   0.0533728408486013   0.1041988365848441   -0.022851464440718044   0.11967646994873962   0.166284233125821   0.1013031370209313   -0.005476973792015155   0.003922108434873023   -0.3036732533402324   -0.19589095043909213   -0.3835632406565915   -0.17007183857689273   0.2399715860874051   -0.31478739808132083   0.31640714520518604   -0.18758744229580765   0.23916517539514698   0.2327716868675648   0.05949111108456325   -0.11096738360866357   -0.4470261016553485   0.2772286107195164   0.38730350959565973   -0.040100299943323814   0.2596732010915498   -0.33004005029676947   0.26879772203000135   0.5085085907264449   0.15970634906412245   -0.07824460893859303   0.26628935959300254   0.04965349233836655   -0.006903610143567581   -0.13029807796749157   0.3024342820982908   -0.1237461303976529   0.07887685413190106   0.09814123551098912   0.5549414224206879   1.0   0.4791062276114124   0.4697596002149843   0.21385440504462078   -0.28698036525861215   -0.044596131413176865   -0.24837859901967413   -0.21528119186674044   -0.23442743157749793   0.06412306325738   -0.02419241943267606   0.09043741556280892   -0.15667633090383765   -0.13677617730685634   -0.42800575048621314   0.11757400270622477   0.15674607846861324   -0.1812675565046823   -0.00048741842762797344   0.008799712037497227   -0.0956818139545736   -0.12749380647327738   0.014194973718584455   0.20167688173261472   -0.25375030038054586   0.30585318059976346   -0.26334034662667627   -0.08053272025230584   -0.21340591595065883   0.052846377840077625   -0.12120841682748586   
T_sec   15.0   15.5   16.0   16.5   17.0   17.5   18.0   18.5   19.0   19.5   20.0   20.5   21.0   21.5   22.0   22.5   23.0   23.5   24.0   24.5   25.0   25.5   26.0   26.5   27.0   27.5   28.0   28.5   29.0   29.5   30.0   30.5   31.0   31.5   32.0   32.5   33.0   33.5   34.0   34.5   35.0   35.5   36.0   36.5   37.0   37.5   38.0   38.5   39.0   39.5   40.0   40.5   41.0   41.5   42.0   42.5   43.0   43.5   44.0   44.5   45.0   45.5   46.0   46.5   47.0   47.5   48.0   48.5   49.0   49.5   50.0   50.5   51.0   51.5   52.0   52.5   53.0   53.5   54.0   54.5   55.0   
U16   0.44482388605381257   0.06720076463656796   -0.40248128755049045   0.09878484561922955   -0.15058970859634285   0.233870057634282   -0.27297324712409965   -0.09110085591973165   0.1785689775031074   -0.3083922620651862   0.47506912706759064   -0.1283997618464344   -0.24561288369308346   0.18379175396961642   0.012832770928047202   -0.059348953176928544   -0.13745262336076203   -0.22436139641017222   -0.34015408094364313   0.035770560505017576   0.268289041882316   0.20435943512047952   0.08751980736188619   0.031940162820716315   -0.12439531057203201   0.1093523277001899   -0.04072006188689141   -0.09979775006013758   -0.13336219035453153   -0.11732764559387318   0.18322261640175955   0.2896841613126181   -0.07350183879827894   0.4585912032958118   -0.04862994624374546   0.12807271687750238   0.09660100417416628   0.3426666800861322   -0.3245581024496864   -0.1886211123847635   -0.29528539041597707   0.012705016049823846   0.018267561678996885   0.29443343083551726   0.39674229658898763   -0.43790387623645866   0.09307076723457593   0.14306409582635402   0.5287347500874053   0.8584485923314428   0.9615186310938609   0.7269282549652748   1.0   0.6138574229434745   -0.48555170088270827   0.02073747272351746   -0.2680023269264096   0.3975337905355824   -0.13459679668604865   -0.3002790673048676   0.04546717533261671   -0.3089785091567475   -0.31165921653657463   -0.07270125252509313   0.09746315584002604   0.3511531212224585   0.012441576884004312   -0.08274566180488006   0.2745414849638282   -0.34287605162013995   -0.08253307634342723   0.0652506593003393   0.22782254650986852   -0.07554060580227563   0.04881961259644471   0.28670909800124633   0.07104418816107658   -0.23896209635191415   0.9191020241970244   -0.38143327585551434   -0.34487793844929054   
T_sec   15.0   15.5   16.0   16.5   17.0   17.5   18.0   18.5   19.0   19.5   20.0   20.5   21.0   21.5   22.0   22.5   23.0   23.5   24.0   24.5   25.0   25.5   26.0   26.5   27.0   27.5   28.0   28.5   29.0   29.5   30.0   30.5   31.0   31.5   32.0   32.5   33.0   33.5   34.0   34.5   35.0   35.5   36.0   36.5   37.0   37.5   38.0   38.5   39.0   39.5   40.0   40.5   41.0   41.5   42.0   42.5   43.0   43.5   44.0   44.5   45.0   45.5   46.0   46.5   47.0   47.5   48.0   48.5   49.0   49.5   50.0   50.5   51.0   51.5   52.0   52.5   53.0   53.5   54.0   54.5   55.0   
U17   0.1690463394413995   -0.01461643331096513   0.08299052609211684   0.0905106180659694   -0.3182923620080542   0.06963935694663499   -0.08971091949799803   -0.04564558823727811   -0.14140133618052794   -0.0739890255421002   -0.1359492427335565   0.3299096522817687   0.08995563993261141   -0.006680049666326854   -0.03534249702665434   0.14381387112996438   -0.0467548265434942   -0.027920565478448643   -0.04401732959697856   -0.22668168006536762   0.17483566541042975   0.05627802048154696   -0.46062065769659066   -0.5403561960196119   -0.021848812631770773   -0.042421918613111204   -0.18675975382527588   0.3325806681013297   -0.020889036186027592   0.040939055830005636   -0.09627981594368396   -0.1830217428726631   -0.04793554890228772   0.1933953627365276   0.255403138694447   -0.20232938652846028   -0.08985226818675571   -0.2367117473655165   -0.06187522603577587   0.2956473609485755   0.08683264385564246   -0.22942768366188454   0.4002372073333399   0.35929220216251506   0.22695520493111485   0.030630295870848763   0.01240255096636098   -0.16576350851113125   0.5545511827808343   0.9457387268149495   0.9167441135989605   1.0   0.5563409053995592   0.34268616955203834   -0.4055527199981073   -0.319213444160506   -0.39029075159661636   -0.21710788863422933   -0.1421311078842893   -0.4446177161551006   -0.13517646069273379   -0.3314811177999363   -0.05575329686081324   -0.28104006254584596   -0.04899599467899857   0.009368132160384257   -0.24859329166603353   -0.07059470967693196   0.19441810042910854   -0.11003131829997735   0.18158613183169559   -0.053194807073699064   -0.13392832749049569   0.024815845305138206   0.022612265343036616   0.19512870453894196   0.0965263620375706   0.2422643368250251   -0.17029117253627263   0.12517025960842887   -0.3492523421502236   
T_sec   15.0   15.5   16.0   16.5   17.0   17.5   18.0   18.5   19.0   19.5   20.0   20.5   21.0   21.5   22.0   22.5   23.0   23.5   24.0   24.5   25.0   25.5   26.0   26.5   27.0   27.5   28.0   28.5   29.0   29.5   30.0   30.5   31.0   31.5   32.0   32.5   33.0   33.5   34.0   34.5   35.0   35.5   36.0   36.5   37.0   37.5   38.0   38.5   39.0   39.5   40.0   40.5   41.0   41.5   42.0   42.5   43.0   43.5   44.0   44.5   45.0   45.5   46.0   46.5   47.0   47.5   48.0   48.5   49.0   49.5   50.0   50.5   51.0   51.5   52.0   52.5   53.0   53.5   54.0   54.5   55.0   
U18   -0.06925538069904755   -0.045968358580680234   0.07599121104023736   -0.2068531418134856   0.21186644635906474   0.2648017139129089   -0.012945694927533533   0.5818819828642905   0.080249857782124   -0.2695326192848425   0.09662353837983456   0.22566198816742783   1.0   -0.4519015466284986   -0.2623183429894581   -0.11502508660078431   0.005975059114204486   0.020332549708295986   0.4524317110310356   0.19624867252969747   -0.03254157955268013   0.2087810508507014   -0.04580729418102647   0.3420168569297357   -0.1398320256740248   -0.1824777918088992   0.27184345675501026   0.46144328469860907   -0.3176384036773421   0.10782118860249747   -0.17378724782795688   0.09968016786562153   -0.43445525043570843   0.1745974930427167   -0.3019567429953786   0.18421458819331146   -0.40930208940305063   0.2924023606394651   0.01415616930054467   -0.4819264828024611   -0.18144586302843294   -0.08255251545410021   -0.26554266324159714   -0.032963467877049915   -0.22622820366810145   0.0007448099516368735   0.6228368521955499   0.6759609595449252   0.39152684505602986   0.6331230891673258   0.6223092616757129   0.953137179389445   0.590766699058262   0.4738363531471048   -0.5752607297183662   -0.38952441681799904   0.3694082328531342   0.12145428826030838   -0.5542868824199921   -0.5205228980241128   -0.11038645622893686   -0.09976627487910894   0.6307258733223006   0.2805964637695109   0.14167873150792767   -0.21231777907787378   0.21191637796792603   0.07363518653664151   0.5316482190760802   0.17783530119196578   -0.0649702370217223   0.5495502928590767   0.004886712825646086   0.04644124885602649   0.6828215116217233   -0.09953567010951393   0.27395523091908647   -0.09708320219252226   -0.5114625086506402   -0.2763961050706008   -0.42191693735700114   
T_sec   15.0   15.5   16.0   16.5   17.0   17.5   18.0   18.5   19.0   19.5   20.0   20.5   21.0   21.5   22.0   22.5   23.0   23.5   24.0   24.5   25.0   25.5   26.0   26.5   27.0   27.5   28.0   28.5   29.0   29.5   30.0   30.5   31.0   31.5   32.0   32.5   33.0   33.5   34.0   34.5   35.0   35.5   36.0   36.5   37.0   37.5   38.0   38.5   39.0   39.5   40.0   40.5   41.0   41.5   42.0   42.5   43.0   43.5   44.0   44.5   45.0   45.5   46.0   46.5   47.0   47.5   48.0   48.5   49.0   49.5   50.0   50.5   51.0   51.5   52.0   52.5   53.0   53.5   54.0   54.5   55.0   
U19   -0.20600368325556523   0.16232174876374567   0.2697202794621485   0.20555662174013853   -0.1873058608911358   -0.36436295418301373   -0.1296867819756694   -0.01894537778840436   -0.3329990236359417   0.1584981917374266   -0.27370650452164963   -0.36420826083614616   0.06210450775094245   0.11175066738208271   0.008834911007770806   0.138200529993494   -0.22849848517563331   -0.39655595025295237   0.07888400029956334   -0.19224302396356224   0.4080619256076902   0.04064510123656222   0.212179056305539   0.23872158046430905   -0.18275542916678214   -0.2624707209726215   -0.19470201213048038   -0.07336431273636326   0.1812990177578337   -0.04581479753989059   0.14105097205468772   -0.14671118469938382   -0.07980578263253282   -0.14381257691855678   -0.17726114920694547   0.2516121908613976   -0.014151346259546786   0.2088906316235567   -0.09155259482019232   0.3657448303931945   -0.365775105676538   -0.12360791668839617   -0.20368085717282167   -0.10839538262976334   0.28518014925149215   -0.2207183513916787   0.35124646153906763   0.08505685392471146   0.950731913580229   0.06750737041267887   0.940950119526476   1.0   0.9315384943498813   0.2101661480165744   -0.5810502577390099   -0.11723038948050597   -0.853861064378797   -0.5736767144058775   -0.12078315713629875   -0.4067011083570791   -0.3221513147045924   0.05842335425853083   0.3492967972414283   -0.059584051118201115   -0.10102793388385317   -0.12933166262790793   0.1932932106233031   -0.06209300594864067   -0.05234282933536569   -0.08008158513725237   -0.2651523681466409   -0.01798261244241264   -0.22084843563129514   0.013932655151801743   0.5863482103327327   -0.17159820669964346   0.04976924980808829   -0.21625051794622757   0.0675569338656391   0.21564144216200598   -0.191719933110892   
T_sec   15.0   15.5   16.0   16.5   17.0   17.5   18.0   18.5   19.0   19.5   20.0   20.5   21.0   21.5   22.0   22.5   23.0   23.5   24.0   24.5   25.0   25.5   26.0   26.5   27.0   27.5   28.0   28.5   29.0   29.5   30.0   30.5   31.0   31.5   32.0   32.5   33.0   33.5   34.0   34.5   35.0   35.5   36.0   36.5   37.0   37.5   38.0   38.5   39.0   39.5   40.0   40.5   41.0   41.5   42.0   42.5   43.0   43.5   44.0   44.5   45.0   45.5   46.0   46.5   47.0   47.5   48.0   48.5   49.0   49.5   50.0   50.5   51.0   51.5   52.0   52.5   53.0   53.5   54.0   54.5   55.0   
U20   -0.3407186854012282   0.03265760716856767   -0.14439285485729123   -0.09395070339867516   0.08671076627541643   0.24196864258183867   -0.1582733116040822   0.04592906606722569   0.005316020298385338   -0.186123731061851   0.20272991060391832   -0.184391500355025   0.11773243968164745   -0.05554797631986861   -0.038201738452810934   -0.01116891385549684   0.18603001064126384   0.07697431936152929   0.21509504155331327   0.22876901750089054   0.025515029761708607   0.09237956698087904   -0.09080628236767409   -0.18270331555707056   0.279402178716193   -0.10089525444646905   -0.03776428490620212   -0.0492853505246521   0.06134035895463107   -0.03539061095367099   0.016889328750228715   -0.14947672946755355   -0.060571532008069195   -0.010393440160450552   -0.06509060044262914   0.3689940613731196   0.09192704209336701   -0.02850399619208861   0.03972999800008599   0.020887310038778785   0.09688397696807843   0.013256742028165833   -0.031818461338969685   0.07901267222438463   0.7153958662050753   0.06905225037010418   0.11017016262178281   0.13800505735666574   0.3619267399816076   0.25678967693843335   0.809165515848298   1.0   0.33963595697235655   -0.252698985563991   -0.04213005734424437   -0.288452807280906   -0.3454240773027741   -0.3544502161740567   -0.00866731024395962   -0.05387347702725587   -0.3323334121660745   0.007819352327016686   -0.09018946165360416   -0.3671543919070101   -0.4451200531435964   0.0020967209583911788   -0.22234615867107438   0.430275489640429   -0.22577749156286106   0.05772985133244662   -0.15389462500009454   0.2978240360596295   0.33843148006071816   0.2267346154191711   -0.3168923563730182   -0.1173983082027837   -0.11798729258240806   -0.4443260400430462   -0.044151067583455876   -0.3086783272436809   -0.30432012864785   
T_sec   15.0   15.5   16.0   16.5   17.0   17.5   18.0   18.5   19.0   19.5   20.0   20.5   21.0   21.5   22.0   22.5   23.0   23.5   24.0   24.5   25.0   25.5   26.0   26.5   27.0   27.5   28.0   28.5   29.0   29.5   30.0   30.5   31.0   31.5   32.0   32.5   33.0   33.5   34.0   34.5   35.0   35.5   36.0   36.5   37.0   37.5   38.0   38.5   39.0   39.5   40.0   40.5   41.0   41.5   42.0   42.5   43.0   43.5   44.0   44.5   45.0   45.5   46.0   46.5   47.0   47.5   48.0   48.5   49.0   49.5   50.0   50.5   51.0   51.5   52.0   52.5   53.0   53.5   54.0   54.5   55.0   
U21   -0.09215636777011836   -0.222441155496927   -0.05098486658040705   -0.043737041141051286   0.11984510395016319   -0.2395924169209573   0.01032376636053309   -0.06620418343602569   0.047455232518681424   -0.1314513583421683   0.25159199790357467   -0.16817529180506877   0.061914747648258384   -0.16357196651898634   -0.42234137193774746   -0.009161358170978635   -0.492271733707915   -0.1736764788525622   0.007388540362832588   -0.2285486097754664   0.24597529772051885   0.03030103793201358   0.1549376163994825   -0.1203804426820124   0.014550024898150339   -0.08054009140536636   0.027283770212833205   -0.052600265699930454   0.0339543328265295   0.08084084236012579   -0.1759028275900207   0.04015626242030378   -0.40049159363422027   -0.18621096919913246   -0.06438498190507598   0.00029338163649597545   -0.0341482055776022   0.3978934690620589   -0.13944335660847237   -0.40941583686799926   -0.19567246411824302   -0.017969438147984577   -0.03807142215566213   0.25230521736456757   0.46622084264078917   0.3123281742900244   0.06746667835226162   0.41466840050356457   0.5946936628227287   0.9213914285713352   0.952422775902009   1.0   0.5304113744327206   -0.04002088679562821   -0.1884496556602361   -0.42602138529524053   -0.5829608164185127   -0.3408000284955374   0.0013137178426453257   -0.08520232282030839   -0.2541435660718421   0.23812264595270494   0.1432510385409957   0.27176448306151524   -0.030504064302387307   -0.31412467308105596   -0.037547480954958114   -0.07821525561412501   -0.26490837771330555   -0.04344403181497807   -0.03035663912811747   0.05386326986922237   0.0990764717937703   -0.12734340061458158   0.2167936654113878   0.5463039836010036   -0.032766454995750045   0.03723622190416031   -0.03875609474546854   0.013977180165451908   0.030095816566584718   
T_sec   15.0   15.5   16.0   16.5   17.0   17.5   18.0   18.5   19.0   19.5   20.0   20.5   21.0   21.5   22.0   22.5   23.0   23.5   24.0   24.5   25.0   25.5   26.0   26.5   27.0   27.5   28.0   28.5   29.0   29.5   30.0   30.5   31.0   31.5   32.0   32.5   33.0   33.5   34.0   34.5   35.0   35.5   36.0   36.5   37.0   37.5   38.0   38.5   39.0   39.5   40.0   40.5   41.0   41.5   42.0   42.5   43.0   43.5   44.0   44.5   45.0   45.5   46.0   46.5   47.0   47.5   48.0   48.5   49.0   49.5   50.0   50.5   51.0   51.5   52.0   52.5   53.0   53.5   54.0   54.5   55.0   
U22   0.43844903999802876   0.010217669268866296   0.2554365799302483   -0.2929211737324953   0.06962607479376119   0.10088739011522584   0.30677581075694943   0.31125382106795835   -0.004531636673400972   -0.30306591623102713   0.10928520982443982   -0.41312177881248974   -0.02446373907253072   -0.01160284303548564   0.02035566931835077   0.5762781987774683   0.11039405577033731   -0.0011247266698662032   0.09585665406760609   -0.27277922232443647   0.19912010277433198   -0.1296626411242825   -0.17683009851139278   -0.08856576579716322   -0.42317277651296265   -0.6956582437643328   -0.21857575951537803   0.6190033151413975   0.43253809428848655   -0.3101353109312785   0.006483343034429204   -0.29068107673625876   0.461535035421374   0.1032175253788443   0.12148967690659647   0.045313439681571734   0.1257150910746303   -0.47455052876733694   0.44932665819809336   0.427892998583904   -0.31780391546857384   -0.44999026125861713   -0.04821487579141811   -0.10644429899359392   0.16595089306084443   0.3578378756648683   0.6457044210853575   1.0   0.5604092038153792   0.9240617795689104   0.9175901038625677   0.7560339017053217   0.29598956389085224   -0.37251609082872555   -0.41097675638849746   -0.5260788032861508   -0.12415332091244403   -0.33198390840912784   0.41042728072271323   -0.011720746251400273   -0.2919947716146528   -0.05189453167161989   0.2309382277732384   -0.2660952562321449   -0.8400061346541011   0.33589907534586283   0.010636038993278486   -0.27712190246317125   -0.2599288808801857   0.03023005885279428   -0.48466137066653237   0.6093839840503952   0.02974342665520471   0.14388552768858184   -0.024023692140900336   0.4472178527724186   -0.052211553905526155   0.17548664492790972   -0.11856242765241853   -0.37386248031959585   -0.4211083916718248   
T_sec   15.0   15.5   16.0   16.5   17.0   17.5   18.0   18.5   19.0   19.5   20.0   20.5   21.0   21.5   22.0   22.5   23.0   23.5   24.0   24.5   25.0   25.5   26.0   26.5   27.0   27.5   28.0   28.5   29.0   29.5   30.0   30.5   31.0   31.5   32.0   32.5   33.0   33.5   34.0   34.5   35.0   35.5   36.0   36.5   37.0   37.5   38.0   38.5   39.0   39.5   40.0   40.5   41.0   41.5   42.0   42.5   43.0   43.5   44.0   44.5   45.0   45.5   46.0   46.5   47.0   47.5   48.0   48.5   49.0   49.5   50.0   50.5   51.0   51.5   52.0   52.5   53.0   53.5   54.0   54.5   55.0   
U23   0.4012332596433845   0.3312291311122774   -0.243976304821182   0.24083400995701557   0.28688407126500476   0.07767846738432095   0.4806965224493019   0.018296700966228416   0.016785933875901996   0.0735708901728001   0.4609399475619408   -0.314520316524124   0.4581616388432978   -0.14196690429686354   -0.28062683569568436   -0.2887958098612016   -0.16544495530119716   0.19348776116237956   -0.08902810100565468   0.41492501486606437   -0.2470420964134206   -0.04061252749123217   0.344063785459949   -0.05034127285563244   0.07908141927516533   0.058968041050464   -0.06401937581017196   0.47189457207215907   0.4616761265082495   0.3864187523466156   -0.5349729734840886   0.2124664508665981   -0.31083861173235966   -0.35160221194732516   0.3279523256180273   0.05460424165969883   0.12307024625530284   -0.2956572097952382   0.1997978334609381   -0.2188084318930348   0.7397907468375056   0.032246900860913086   -0.009427915879831265   0.19635923236405553   0.7932393705936216   0.3058877191614961   0.5648480372198766   0.7553915460315781   1.0   0.3043831056717445   0.6110737022865396   0.8032959164319621   0.2589269820987982   -0.5467698787173965   -0.1927421073262473   -0.20720165633420343   -0.5102987031800944   -0.0623272467737734   -0.26132584633686773   -0.020428514244118103   -0.21572937976877218   0.18951828490118267   0.31246237370378077   0.2624510381621015   -0.26997627300836985   -0.6137855800304108   0.03441256933585515   -0.20811992997066156   -0.32218588173408996   0.30924554513367614   -0.19945230363699648   0.20572350111669757   0.12306437477838512   0.3896940982499144   0.04232042905689621   0.17413863000613583   -0.46277114333653463   0.12916950468153604   -0.038476802244312346   0.20346311208915133   0.06925243265752533   
T_sec   15.0   15.5   16.0   16.5   17.0   17.5   18.0   18.5   19.0   19.5   20.0   20.5   21.0   21.5   22.0   22.5   23.0   23.5   24.0   24.5   25.0   25.5   26.0   26.5   27.0   27.5   28.0   28.5   29.0   29.5   30.0   30.5   31.0   31.5   32.0   32.5   33.0   33.5   34.0   34.5   35.0   35.5   36.0   36.5   37.0   37.5   38.0   38.5   39.0   39.5   40.0   40.5   41.0   41.5   42.0   42.5   43.0   43.5   44.0   44.5   45.0   45.5   46.0   46.5   47.0   47.5   48.0   48.5   49.0   49.5   50.0   50.5   51.0   51.5   52.0   52.5   53.0   53.5   54.0   54.5   55.0   
U24   -0.031129954950357582   -0.2060203107559436   0.00377396402816467   -0.19911120243062777   -0.4697583989471782   0.19029982341290383   -0.06789342540469465   0.21672931056147615   -0.208504782616492   -0.2687252336634758   -0.41043936563353056   0.11817709322719079   0.5028762873910639   -0.0307461244569243   0.47820799742802567   0.2467271712049413   -0.3252117712297474   0.12169540945327349   -0.0680977789029198   0.040168860318569165   0.25386782369331234   -0.18396874606210503   -0.24484342410531626   0.2366078458332038   0.8160141946101321   0.15704474394572523   0.37520384092594566   -0.02623489051341339   0.5645372864521976   0.13563391936307773   0.3415846032143185   0.05649107969226083   0.10220527953977399   -0.1353924020343881   0.1654253686007058   -0.006241569503592657   0.35593026134936345   -0.03869453976401989   0.05664847012470656   0.16827301491498   -0.13915910738487744   0.48297770454882405   0.19981892016109143   0.72668172637903   0.593409648848822   0.7810017000292375   0.9397074093493976   0.9461785166886045   0.6096464207303076   -0.37739173933199044   0.059719850873039056   1.0   0.46586733798577135   -0.6130916348914736   -0.536439304731162   -0.23092130612264736   -0.255179287752698   0.07259204642011119   -0.16017276433292502   -0.361550514735157   0.128990435528253   -0.173904748861324   0.0451050985515802   -0.2309297710416119   -0.47275352140626886   0.39504729866707805   -0.5871766979031031   0.05914247949597996   0.5405356552424222   0.4405366652296521   -0.2915719417273595   0.2850159858627966   0.38116989274247076   -0.07031329570169383   0.1172695842927292   -0.09113890762947022   -0.2863645918667813   0.02921479689854887   0.18049438464628417   -0.2894057004774535   -0.2575884497995222   
T_sec   15.0   15.5   16.0   16.5   17.0   17.5   18.0   18.5   19.0   19.5   20.0   20.5   21.0   21.5   22.0   22.5   23.0   23.5   24.0   24.5   25.0   25.5   26.0   26.5   27.0   27.5   28.0   28.5   29.0   29.5   30.0   30.5   31.0   31.5   32.0   32.5   33.0   33.5   34.0   34.5   35.0   35.5   36.0   36.5   37.0   37.5   38.0   38.5   39.0   39.5   40.0   40.5   41.0   41.5   42.0   42.5   43.0   43.5   44.0   44.5   45.0   45.5   46.0   46.5   47.0   47.5   48.0   48.5   49.0   49.5   50.0   50.5   51.0   51.5   52.0   52.5   53.0   53.5   54.0   54.5   55.0   
U25   0.18877756732446294   0.1651291431341967   -0.09201549133003772   -0.23385390195256897   0.3518779120034787   -0.24711833782622186   0.17486498765237254   -0.5529340359731237   -0.26528800154828125   -0.1834150546241688   0.10106830368445245   -0.35760044590045736   0.040471554192595696   0.17567423019549394   -0.05592051407714509   0.10375978920244225   0.10647498151766571   -0.1854205737254036   0.19136217958227053   0.19524961480007547   0.43335557204332514   -0.18240870565847742   -0.1346734446278548   0.20946328344472692   0.016283936392103533   -0.18612014473332136   -0.30016814054469115   0.2667542046997297   0.06648821323516828   0.17988238253783573   0.2662733456102704   -0.1587538262594786   0.1018750884906352   -0.13981999805241868   0.23631298762773784   0.014731958039012831   -0.018386850207159276   -0.27981244168987046   -0.17458384825641385   0.23591688621462178   0.4961959231754343   -0.4281273909894283   1.0   0.6348318291720908   0.6704012750119563   0.7047942725630704   0.032552816527158565   -0.1299295022489339   0.163781646956454   0.18052953605766517   0.5800712268886282   0.3787611214423783   0.6819587635658837   -0.18304932401759264   -0.7938622957491717   -0.6635091290633892   -0.14617353843013353   -0.4374646521759115   0.024594061529494483   -0.025871708671471955   -0.40512070483098195   -0.03782087447343828   0.02094758896588198   -0.688624436843634   -0.18724346483328494   -0.0008456628893543466   0.33336972578025964   -0.29644739481691335   -0.05584621276573698   0.2021917368549166   -0.22063784485425536   0.5325988760183258   0.06929981124083545   0.21820475280343826   -0.251596456357286   0.5465235588379982   -0.08825614040347272   -0.044608211557896696   0.015652292485474267   -0.21563520738711245   -0.6217810334366354   
T_sec   15.0   15.5   16.0   16.5   17.0   17.5   18.0   18.5   19.0   19.5   20.0   20.5   21.0   21.5   22.0   22.5   23.0   23.5   24.0   24.5   25.0   25.5   26.0   26.5   27.0   27.5   28.0   28.5   29.0   29.5   30.0   30.5   31.0   31.5   32.0   32.5   33.0   33.5   34.0   34.5   35.0   35.5   36.0   36.5   37.0   37.5   38.0   38.5   39.0   39.5   40.0   40.5   41.0   41.5   42.0   42.5   43.0   43.5   44.0   44.5   45.0   45.5   46.0   46.5   47.0   47.5   48.0   48.5   49.0   49.5   50.0   50.5   51.0   51.5   52.0   52.5   53.0   53.5   54.0   54.5   55.0   
U26   0   0   0   0   0   0   0   0   0   0   0   0   0   0   0   0   0   0   0   0   0   0   0   0   0   0   0   0   0   0   0   0   0   0   0   0   0   0   0   0   0   0   0   0   0   0   0   0   0   0   0   0   0   0   0   0   0   0   0   0   0   0   0   0   0   0   0   0   0   0   0   0   0   0   0   0   0   0   0   0   0   
T_sec   15.0   15.5   16.0   16.5   17.0   17.5   18.0   18.5   19.0   19.5   20.0   20.5   21.0   21.5   22.0   22.5   23.0   23.5   24.0   24.5   25.0   25.5   26.0   26.5   27.0   27.5   28.0   28.5   29.0   29.5   30.0   30.5   31.0   31.5   32.0   32.5   33.0   33.5   34.0   34.5   35.0   35.5   36.0   36.5   37.0   37.5   38.0   38.5   39.0   39.5   40.0   40.5   41.0   41.5   42.0   42.5   43.0   43.5   44.0   44.5   45.0   45.5   46.0   46.5   47.0   47.5   48.0   48.5   49.0   49.5   50.0   50.5   51.0   51.5   52.0   52.5   53.0   53.5   54.0   54.5   55.0   
U27   -0.02143116832737228   0.07775097377947658   -0.06262158070258132   0.08020112358278107   -0.28370557944326696   -0.1466979834000485   0.10607561571089905   0.08049377617524398   0.19657216331159208   0.09401858234802898   0.3120412515281435   -0.16236063494445263   -0.20797297760578332   0.3457364359251498   0.005118583500372382   0.3528944741232489   0.014286517841371464   -0.046989325408765   0.05067128404006536   -0.06455900493599537   0.1821641848814888   0.1306891208999898   -0.07920469321870148   0.23496327806110656   0.286446686145522   0.15800079019391267   0.20357864250442434   0.20004651730390707   -0.21075595219032928   -0.22519243461509864   -0.0672249478095491   -0.13230490550193336   -0.18853981764287212   0.1790573419943927   0.01823260068792374   0.03487317896371143   -0.07154517639926572   0.2675691748151594   0.08910303839446602   0.6008472219767519   0.4205318248086238   0.34929623137730514   1.0   0.7213412233071123   -0.3507421658216918   0.052560942981042406   0.2609044556884463   -0.010767516240133817   0.36895588342799285   0.15447652618080482   0.2661073990567403   0.12959012151691804   0.14570839121222479   -0.18327042328227236   -0.25689008961780013   -0.09468813825681215   0.22704621606575706   -0.3810103336673002   -0.31907484318367274   -0.07537817088633314   0.1904071199830264   -0.24495677378014602   -0.04590089796897589   -0.07492557510268753   -0.16879806263163274   0.04408383807132666   -0.31816297221876855   0.06445025686229089   -0.3447593097700243   -0.06286814937857588   0.43708176205840843   -0.03361982730524166   0.10488373239191653   0.2277004537943133   0.01357091857107277   0.08197284653034051   0.3373897096027568   -0.13145206753718783   -0.07283347088576156   -0.10978077561016691   0.2348566244240899   
T_sec   15.0   15.5   16.0   16.5   17.0   17.5   18.0   18.5   19.0   19.5   20.0   20.5   21.0   21.5   22.0   22.5   23.0   23.5   24.0   24.5   25.0   25.5   26.0   26.5   27.0   27.5   28.0   28.5   29.0   29.5   30.0   30.5   31.0   31.5   32.0   32.5   33.0   33.5   34.0   34.5   35.0   35.5   36.0   36.5   37.0   37.5   38.0   38.5   39.0   39.5   40.0   40.5   41.0   41.5   42.0   42.5   43.0   43.5   44.0   44.5   45.0   45.5   46.0   46.5   47.0   47.5   48.0   48.5   49.0   49.5   50.0   50.5   51.0   51.5   52.0   52.5   53.0   53.5   54.0   54.5   55.0   
U28   0.30790810590334494   -0.07013099371886779   0.17961546844378462   -0.2678478426822864   -0.007356842551032281   -0.17325148688784575   -0.10857555358273285   -0.015191911444123084   -0.021012875389211323   -0.2258646366994766   -0.12039585706566494   -0.05296751720232865   0.020999445777198672   0.12249389179979166   -0.2421202275162687   0.16059488607183103   -0.15857304404526112   -0.04727909710251111   -0.0802191421005983   -0.08095422184252782   -0.038729452898664134   -0.01899530452780532   -0.14158536296731278   0.18617856772232566   0.5311346376186837   0.30901014708039043   0.06275767960157576   -0.06844725170471665   0.07976563015751341   -0.1934406128603075   0.18306555713993553   -0.30059851537916177   0.03685299530574985   -0.181020443343978   -0.01084520899479806   0.14439538689092835   -0.02490965797459524   0.14122179827930326   -0.08184803302635162   0.5499902724450159   0.5719570487148012   1.0   -0.17611810582661253   -0.009526040346885888   0.2635920393679945   0.20671215404062357   -0.03720311028122241   0.17014525585275964   0.43678752930786935   0.1635684358264973   0.031064728095082875   0.08602360226225907   0.4581950039507403   -0.0733640238707225   -0.24094717456725948   -0.32644972759222535   -0.01717746547640499   0.047289486050177104   -0.3455497210331922   -0.15338450400980824   0.15250961035439098   -0.3889901204887081   -0.10487635950314438   -0.34429684783770415   0.0056036442365744645   -0.2575573499814493   0.07528931705278279   -0.15627428999141904   -0.16613200299387715   0.17233774104357386   -0.036522168285118756   -0.07262513183153473   0.10769022501061636   -0.09811187340183958   0.014383168429657226   0.15202592787316505   -0.17624846965214713   0.08407427919589237   -0.08270424214460315   -0.05667587397731045   0.05479432589749402   
T_sec   15.0   15.5   16.0   16.5   17.0   17.5   18.0   18.5   19.0   19.5   20.0   20.5   21.0   21.5   22.0   22.5   23.0   23.5   24.0   24.5   25.0   25.5   26.0   26.5   27.0   27.5   28.0   28.5   29.0   29.5   30.0   30.5   31.0   31.5   32.0   32.5   33.0   33.5   34.0   34.5   35.0   35.5   36.0   36.5   37.0   37.5   38.0   38.5   39.0   39.5   40.0   40.5   41.0   41.5   42.0   42.5   43.0   43.5   44.0   44.5   45.0   45.5   46.0   46.5   47.0   47.5   48.0   48.5   49.0   49.5   50.0   50.5   51.0   51.5   52.0   52.5   53.0   53.5   54.0   54.5   55.0   
U29   0   0   0   0   0   0   0   0   0   0   0   0   0   0   0   0   0   0   0   0   0   0   0   0   0   0   0   0   0   0   0   0   0   0   0   0   0   0   0   0   0   0   0   0   0   0   0   0   0   0   0   0   0   0   0   0   0   0   0   0   0   0   0   0   0   0   0   0   0   0   0   0   0   0   0   0   0   0   0   0   0   
T_sec   15.0   15.5   16.0   16.5   17.0   17.5   18.0   18.5   19.0   19.5   20.0   20.5   21.0   21.5   22.0   22.5   23.0   23.5   24.0   24.5   25.0   25.5   26.0   26.5   27.0   27.5   28.0   28.5   29.0   29.5   30.0   30.5   31.0   31.5   32.0   32.5   33.0   33.5   34.0   34.5   35.0   35.5   36.0   36.5   37.0   37.5   38.0   38.5   39.0   39.5   40.0   40.5   41.0   41.5   42.0   42.5   43.0   43.5   44.0   44.5   45.0   45.5   46.0   46.5   47.0   47.5   48.0   48.5   49.0   49.5   50.0   50.5   51.0   51.5   52.0   52.5   53.0   53.5   54.0   54.5   55.0   
U30   0.08829735813927589   0.26129186844738755   -0.10992014670313449   0.29168926348402885   -0.37968885017091475   0.4663744334451546   0.13969680972749907   -0.1296470695709309   0.07188068181535519   0.2817508910348264   0.04105252181609173   -0.13528421749884895   0.08069996747644807   0.35365242367080224   0.08720929078639506   -0.3091583702356395   0.10168786920230617   0.16011151885025843   -0.22675999856791457   0.3919606735931892   -0.17898739534881292   -0.335458630233855   0.4956607475623065   -0.005744536182753086   0.01629829375991549   0.13282440066422704   -0.22230830816253558   -0.1644349083080693   -0.015829349872776295   0.13215896788240303   -0.19393667696936118   0.4436628674252321   0.05763807093556759   -0.4034402892108424   0.24156144534623614   0.35536386234601064   0.6909612957872142   0.5597222158210904   1.0   0.8198702702011138   0.03028728308090132   -0.04222695304205858   -0.008455548928566639   0.4633220012967368   0.046854551586191236   0.3307109008797976   0.01392377747503062   0.06044773832708133   0.20138893828233315   -0.003709461820130483   0.13988893657655382   0.5767990476103789   0.4350798791885507   0.11493560518921313   -0.24326404190972084   -0.1709037329721249   -0.07249992070701461   -0.19550113096690758   -0.27803956968227006   -0.0052958713889415   0.42718740393914506   0.02961472527516918   0.3192937314003765   -0.1407719842452302   0.07759690096757266   -0.21652999313765597   -0.09911497825049762   -0.07365673146006944   -0.19461543425054736   0.032201983320066845   0.16395948176337258   -0.09897750528162381   0.0753336944030496   0.15454678832999358   0.25660896190276233   0.3207746224798346   -0.42327478851403105   -0.15693569543917416   -0.21385382061949323   -0.10255005432889974   -0.06142405494911186   
T_sec   15.0   15.5   16.0   16.5   17.0   17.5   18.0   18.5   19.0   19.5   20.0   20.5   21.0   21.5   22.0   22.5   23.0   23.5   24.0   24.5   25.0   25.5   26.0   26.5   27.0   27.5   28.0   28.5   29.0   29.5   30.0   30.5   31.0   31.5   32.0   32.5   33.0   33.5   34.0   34.5   35.0   35.5   36.0   36.5   37.0   37.5   38.0   38.5   39.0   39.5   40.0   40.5   41.0   41.5   42.0   42.5   43.0   43.5   44.0   44.5   45.0   45.5   46.0   46.5   47.0   47.5   48.0   48.5   49.0   49.5   50.0   50.5   51.0   51.5   52.0   52.5   53.0   53.5   54.0   54.5   55.0   
U31   -0.05038451940415713   -0.03663200795499444   -0.14325306782403094   -0.3021878923398388   -0.15874385091658164   -0.5306598275480943   -0.23846344322163768   0.264232256706976   -0.14883136775884748   -0.6639093630365239   0.04066607017665583   -0.1238795721167379   0.27431435483520994   -0.1688217343375659   0.26120130697684024   0.375069853763649   0.33163876032192685   0.0750048732820749   -0.1737699693284819   -0.46317719334113283   -0.29084794842303313   -0.5922449186024351   0.45565269119540996   0.1679041105405542   0.07858052012319114   0.2789816399220853   -0.29816894360049134   -0.23666762002091632   -0.23352365589017765   -0.16781810627812116   0.14956579585768603   -0.5271566735952832   0.3489838465770667   0.003823697705177931   0.3274878154200972   0.5660872056413733   0.7877114976148019   1.0   -0.4313844633358005   -0.6251753096522529   0.18142783885197844   -0.07095063191673064   0.3603467824185197   0.29055639241452297   -0.16339466173182512   0.35219276469287203   -0.11197781415775764   0.28458810268704005   0.1890648635056736   -0.05837800256201117   0.4343045782258823   0.07850679429271305   -0.17080926731074647   -0.01958792969305235   -0.40360913771867846   -0.12572084768623695   -0.057951627556117234   0.33754999480128195   0.037133750746921095   0.41885041644524296   0.13931149000816   0.10094992272473137   -0.3069969057451092   -0.15510270468243445   -0.14967631663955844   -0.10103447339677697   0.04704495948899837   0.273146648785722   -0.4297234160082532   0.11150374948837266   0.12311528799388742   -0.03515641819324049   0.4515252363997986   0.04761497354989802   -0.0295732342787633   0.5143327172741854   -0.13241240874210844   -0.327345411045544   0.19956546175347026   -0.06782002469432565   0.16689429029089567   
T_sec   15.0   15.5   16.0   16.5   17.0   17.5   18.0   18.5   19.0   19.5   20.0   20.5   21.0   21.5   22.0   22.5   23.0   23.5   24.0   24.5   25.0   25.5   26.0   26.5   27.0   27.5   28.0   28.5   29.0   29.5   30.0   30.5   31.0   31.5   32.0   32.5   33.0   33.5   34.0   34.5   35.0   35.5   36.0   36.5   37.0   37.5   38.0   38.5   39.0   39.5   40.0   40.5   41.0   41.5   42.0   42.5   43.0   43.5   44.0   44.5   45.0   45.5   46.0   46.5   47.0   47.5   48.0   48.5   49.0   49.5   50.0   50.5   51.0   51.5   52.0   52.5   53.0   53.5   54.0   54.5   55.0   
U32   0.3361162683311756   -0.0635539282212553   -0.08676099800891582   0.2510475113733424   -0.3643880993733663   0.4039149625921046   0.12180227666141179   0.5493715918785315   0.04399050540251958   -0.48326276337002533   -0.3318512516974205   -0.08178254123632314   -0.0691582356693561   0.43583711691889515   -0.12066450829500981   0.13137114402315034   -0.044064391705761825   -0.01632889564381167   0.14412619319577424   -0.36959637051718963   -0.02369187965312756   0.08291857526144497   0.21640383522762469   -0.043613171246857194   0.37636860251959875   -0.014594023965070672   0.2568168416148068   0.027260126130386912   0.2046641801018597   0.22853353330785767   -0.13582091191783213   0.20208409027120885   -0.06730429234061693   -0.2528774058900495   0.3692790969861549   1.0   0.5434425611307826   -0.02243082612035407   -0.20718410999177925   -0.21367181857382353   0.19369015959344438   0.19409428630555742   -0.21583632286538193   0.1029510425073468   -0.1892265321528567   0.11653663431702246   0.1215638131546676   -0.18367127403769712   0.19751498844849558   -0.009956295384726905   0.022123428160203806   -0.24328430155302488   0.2905356742302875   -0.3150893195411011   -0.145831988681479   0.16869498568405197   -0.2667859904424166   0.11505788308488114   -0.19995884633149827   0.23740502560777868   -0.11418505614228122   0.042942234722135555   -0.21324886824863426   0.17152161893912843   0.20587062604771011   -0.011960928675041851   0.0761458023086698   -0.20618272084378117   -0.07892926279899565   0.11294939486101147   0.07166104199751613   -0.13796682734328747   -0.07398126881061176   -0.07515417270086572   0.08242107408640907   0.04794743799993767   0.09435356980271485   0.270973405527691   0.10264293848826594   -0.20733293211148765   0.21196917782689698   
T_sec   15.0   15.5   16.0   16.5   17.0   17.5   18.0   18.5   19.0   19.5   20.0   20.5   21.0   21.5   22.0   22.5   23.0   23.5   24.0   24.5   25.0   25.5   26.0   26.5   27.0   27.5   28.0   28.5   29.0   29.5   30.0   30.5   31.0   31.5   32.0   32.5   33.0   33.5   34.0   34.5   35.0   35.5   36.0   36.5   37.0   37.5   38.0   38.5   39.0   39.5   40.0   40.5   41.0   41.5   42.0   42.5   43.0   43.5   44.0   44.5   45.0   45.5   46.0   46.5   47.0   47.5   48.0   48.5   49.0   49.5   50.0   50.5   51.0   51.5   52.0   52.5   53.0   53.5   54.0   54.5   55.0   
U33   -0.4585064046802055   0.18371406200192011   -0.21478756732423335   0.019254161971880852   -0.011141154775380779   -0.29668068179594276   0.006818582253046449   -0.19813020726877187   -0.19694202618332274   0.1971691432039403   0.26991144077632584   0.1481329342429547   0.1647402177596792   0.07140514799178392   -0.22198304529061658   0.32371812583365206   -0.12861990350503877   0.2558121653527159   0.192247797556596   0.3745410678974087   0.03877991366013037   -0.29845447507805994   -0.517827513063858   0.23958016072115262   -0.02124738368760372   -0.10654089345050848   -0.35079684638219244   0.03746299014946592   -0.18063745680661958   0.4372070236442905   0.02662543848150066   0.4301239709510416   0.06854209597021288   0.2673199934349888   1.0   0.92916284103237   -0.39866914890072935   -0.19778606959722306   0.6321480727316687   0.9103016012495142   0.46942099639225987   0.24430504332874622   0.17522635963986177   0.03890310740484339   0.0712222552454898   0.08175347100027866   -0.0007776403781284208   0.016436985707511734   0.33918398808069533   0.08444801427018138   -0.17964745106213884   0.034216190686355695   0.5732974744099116   -0.408277698024799   -0.2821632360373914   -0.28794395423512986   -0.2780880789598851   -0.20215496476161704   -0.07500150588730534   0.15162921726885692   0.09833111161199841   -0.21671216993174172   -0.06139589088099198   0.16899860795539579   0.053192287407347466   -0.0489883410897202   -0.30108800031034566   -0.03838364773982693   -0.5095115354750537   -0.5576015469520476   0.19517528504976894   -0.13486142419653416   -0.17063069590321653   -0.09559727259080905   0.051821080425762334   -0.2753341710539184   0.02434563285725468   -0.020727283527451148   -0.23205424950329562   -0.08391716521696481   0.021786731975863997   
T_sec   15.0   15.5   16.0   16.5   17.0   17.5   18.0   18.5   19.0   19.5   20.0   20.5   21.0   21.5   22.0   22.5   23.0   23.5   24.0   24.5   25.0   25.5   26.0   26.5   27.0   27.5   28.0   28.5   29.0   29.5   30.0   30.5   31.0   31.5   32.0   32.5   33.0   33.5   34.0   34.5   35.0   35.5   36.0   36.5   37.0   37.5   38.0   38.5   39.0   39.5   40.0   40.5   41.0   41.5   42.0   42.5   43.0   43.5   44.0   44.5   45.0   45.5   46.0   46.5   47.0   47.5   48.0   48.5   49.0   49.5   50.0   50.5   51.0   51.5   52.0   52.5   53.0   53.5   54.0   54.5   55.0   
U34   -0.06320004673499909   -0.20223779406072262   0.4121992412791368   -0.3938366843133203   -0.3034176942023287   0.4929239724295285   0.3311552693613553   0.194708036188574   -0.054778740172055425   -0.09322345959101114   -0.469913494270351   0.24083669920188197   0.031700713069118674   0.13649317342927691   0.19561396970172484   0.3555323711048024   0.12553783434446153   0.10970466394151769   0.07899704434730836   -0.18396767557374474   0.7316905645602972   0.3026865255864218   0.2107937410093975   0.33116579002939245   0.034359581506515545   -0.11820018374398698   0.22262954280498162   0.16270171870714759   -0.6074056285183026   -0.06045150177615364   0.5618474501213654   0.22263712606730326   1.0   0.6089141838796537   0.5870944471627311   -0.14543281941276284   0.011953572221045925   0.269456207399105   0.4640703279993098   0.7802440684800906   -0.11550579783903958   0.4981796800425509   0.5863732359150559   0.5260652210198482   -0.08157366803868747   0.03661619077608238   -0.12714018395061663   0.2109587992806102   0.03331019854654276   0.193485322810523   -0.2033693244711875   -0.43822182147321276   -0.2511367008064872   -0.08327656989911185   -0.6669786325389517   -0.47837516969453686   -0.17750560088144512   -0.10461735613805974   0.33794425891431124   -0.11214080865530018   -0.08574708579306932   -0.36941322622148903   -0.09291636049961996   0.29524746058074663   0.2018146441643893   0.06554981437577426   -0.059775012365518417   -0.030586760839607843   -0.03319043990232226   -0.3725356332676695   0.015220857657369136   0.20718535729104814   0.4102528040697556   0.16051681850350874   0.2538857348898072   0.40866571357245424   0.1186748801092354   0.18051839777537113   -0.19994502215296622   -0.11496420074358901   -0.0015805829155316948   
T_sec   15.0   15.5   16.0   16.5   17.0   17.5   18.0   18.5   19.0   19.5   20.0   20.5   21.0   21.5   22.0   22.5   23.0   23.5   24.0   24.5   25.0   25.5   26.0   26.5   27.0   27.5   28.0   28.5   29.0   29.5   30.0   30.5   31.0   31.5   32.0   32.5   33.0   33.5   34.0   34.5   35.0   35.5   36.0   36.5   37.0   37.5   38.0   38.5   39.0   39.5   40.0   40.5   41.0   41.5   42.0   42.5   43.0   43.5   44.0   44.5   45.0   45.5   46.0   46.5   47.0   47.5   48.0   48.5   49.0   49.5   50.0   50.5   51.0   51.5   52.0   52.5   53.0   53.5   54.0   54.5   55.0   
U35   0   0   0   0   0   0   0   0   0   0   0   0   0   0   0   0   0   0   0   0   0   0   0   0   0   0   0   0   0   0   0   0   0   0   0   0   0   0   0   0   0   0   0   0   0   0   0   0   0   0   0   0   0   0   0   0   0   0   0   0   0   0   0   0   0   0   0   0   0   0   0   0   0   0   0   0   0   0   0   0   0   
T_sec   15.0   15.5   16.0   16.5   17.0   17.5   18.0   18.5   19.0   19.5   20.0   20.5   21.0   21.5   22.0   22.5   23.0   23.5   24.0   24.5   25.0   25.5   26.0   26.5   27.0   27.5   28.0   28.5   29.0   29.5   30.0   30.5   31.0   31.5   32.0   32.5   33.0   33.5   34.0   34.5   35.0   35.5   36.0   36.5   37.0   37.5   38.0   38.5   39.0   39.5   40.0   40.5   41.0   41.5   42.0   42.5   43.0   43.5   44.0   44.5   45.0   45.5   46.0   46.5   47.0   47.5   48.0   48.5   49.0   49.5   50.0   50.5   51.0   51.5   52.0   52.5   53.0   53.5   54.0   54.5   55.0   
U36   0.03004697127235327   0.008991955033074003   0.22353362364991183   -0.2377935978909848   0.14962588904485646   -0.09941191530547341   0.14542486725043877   -0.16159260145216792   0.262860452874111   0.05293386159772703   0.047078953021046255   -0.07365779299460597   -0.15104249169150366   -0.3257547391054613   0.07222640560180432   0.19998465557098696   -0.08145696934564033   0.35605446747318015   0.38425314327277715   -0.07391386612008741   0.15096953045922665   -0.4654501013673516   0.11868172433178908   -0.279424302154272   0.03025329252263069   0.02727829682183167   0.3043138017786567   0.05205464353066448   0.456563780179994   0.7634430341090431   1.0   0.7088607813896881   0.0832618253778197   -0.029525292353503794   -0.21277779532273597   -0.13473043631911288   -0.189005559432584   0.005547383499227516   -0.16469550119721843   -0.1580799588267737   -0.0419922518843346   -0.0175928503616093   0.19001491033589482   0.08316837725458505   -0.14787228312256723   -0.22254656141640225   -0.24163841333960373   0.10171927089105923   -0.385595423677045   -0.279439792526084   -0.11539607055215527   -0.22156731575265495   -0.006267755935943193   -0.25531555093669245   -0.17106440423493013   -0.4131180373895688   -0.26447773669542307   0.03887836663633332   0.1305346995671856   -0.04589838789527496   0.2435482537922517   0.14295161891252625   -0.26764877695493916   -0.1714566012294263   0.049370213969763974   -0.539711068876956   0.19335007190247397   0.1167253282239807   -0.1950676587374733   0.09193921772767397   0.34292405885927046   -0.018506005473032414   -0.29477346339356114   -0.08280985885589501   0.06767399692382807   -0.10571049277714546   0.20719102214724577   0.020956856475707993   -0.21840839490661912   0.2929732314501667   -0.030767053883696945   
T_sec   15.0   15.5   16.0   16.5   17.0   17.5   18.0   18.5   19.0   19.5   20.0   20.5   21.0   21.5   22.0   22.5   23.0   23.5   24.0   24.5   25.0   25.5   26.0   26.5   27.0   27.5   28.0   28.5   29.0   29.5   30.0   30.5   31.0   31.5   32.0   32.5   33.0   33.5   34.0   34.5   35.0   35.5   36.0   36.5   37.0   37.5   38.0   38.5   39.0   39.5   40.0   40.5   41.0   41.5   42.0   42.5   43.0   43.5   44.0   44.5   45.0   45.5   46.0   46.5   47.0   47.5   48.0   48.5   49.0   49.5   50.0   50.5   51.0   51.5   52.0   52.5   53.0   53.5   54.0   54.5   55.0   
U37   0.19845554828005846   -0.24819412014594522   -0.14421603059993562   -0.07360190377332296   -0.31975099191784667   0.16910082062015303   -0.3834257534626619   0.20450643835383187   -0.16630471081672527   0.12998453073421545   0.039409155975702825   0.22502226402095968   0.18222708837301055   0.17960925604088862   0.055627602894424956   -0.08072448834115051   0.060109859915406   0.008723568718303357   -0.0633147153104631   -0.13661424747562367   0.12322798274534341   0.06626111018880271   -0.04650149406752286   -0.1316203416007488   -0.13623436678569442   0.15941750868810475   0.3696169087166704   1.0   0.5779270996335282   0.5470674998945511   0.33047024864254765   0.0006162979224868401   0.42530648034371554   -0.3529177768417667   0.08818720257629478   -0.06671741465878873   -0.1091490801774026   -0.1466974475152649   0.3193644666234852   -0.10881301208439237   0.04355533062583178   0.07490118066380766   0.1398499036214613   0.37969630398163134   -0.014758180259324613   -0.028314703650939237   -0.13002049799676413   0.02391773025519025   -0.05634816779063158   -0.038031293098460976   0.16709086924038838   0.6004530218514167   -0.0014848853067893338   0.15194774839868613   -0.47551101017117325   -0.4992712592410597   -0.08808521060562102   -0.32438796875720394   0.14421931978471383   0.3760772614145083   0.201865003849556   0.16617356157355334   0.1679112728209067   -0.18234083084336367   -0.05812067636998945   0.1734977286068134   -0.02043873467116234   -0.19324745421827288   -0.1624600651689954   -0.27567689930646083   -0.13216944561734562   -0.17851351765899745   -0.22120839451133062   -0.10031325011164542   0.03530853217749517   -0.23221744675294156   0.13479641509078888   -0.005986411946286063   0.029573250428502756   -0.20853893855899408   0.30506126157887214   
T_sec   15.0   15.5   16.0   16.5   17.0   17.5   18.0   18.5   19.0   19.5   20.0   20.5   21.0   21.5   22.0   22.5   23.0   23.5   24.0   24.5   25.0   25.5   26.0   26.5   27.0   27.5   28.0   28.5   29.0   29.5   30.0   30.5   31.0   31.5   32.0   32.5   33.0   33.5   34.0   34.5   35.0   35.5   36.0   36.5   37.0   37.5   38.0   38.5   39.0   39.5   40.0   40.5   41.0   41.5   42.0   42.5   43.0   43.5   44.0   44.5   45.0   45.5   46.0   46.5   47.0   47.5   48.0   48.5   49.0   49.5   50.0   50.5   51.0   51.5   52.0   52.5   53.0   53.5   54.0   54.5   55.0   
U38   0   0   0   0   0   0   0   0   0   0   0   0   0   0   0   0   0   0   0   0   0   0   0   0   0   0   0   0   0   0   0   0   0   0   0   0   0   0   0   0   0   0   0   0   0   0   0   0   0   0   0   0   0   0   0   0   0   0   0   0   0   0   0   0   0   0   0   0   0   0   0   0   0   0   0   0   0   0   0   0   0   
T_sec   15.0   15.5   16.0   16.5   17.0   17.5   18.0   18.5   19.0   19.5   20.0   20.5   21.0   21.5   22.0   22.5   23.0   23.5   24.0   24.5   25.0   25.5   26.0   26.5   27.0   27.5   28.0   28.5   29.0   29.5   30.0   30.5   31.0   31.5   32.0   32.5   33.0   33.5   34.0   34.5   35.0   35.5   36.0   36.5   37.0   37.5   38.0   38.5   39.0   39.5   40.0   40.5   41.0   41.5   42.0   42.5   43.0   43.5   44.0   44.5   45.0   45.5   46.0   46.5   47.0   47.5   48.0   48.5   49.0   49.5   50.0   50.5   51.0   51.5   52.0   52.5   53.0   53.5   54.0   54.5   55.0   
U39   0   0   0   0   0   0   0   0   0   0   0   0   0   0   0   0   0   0   0   0   0   0   0   0   0   0   0   0   0   0   0   0   0   0   0   0   0   0   0   0   0   0   0   0   0   0   0   0   0   0   0   0   0   0   0   0   0   0   0   0   0   0   0   0   0   0   0   0   0   0   0   0   0   0   0   0   0   0   0   0   0   
T_sec   15.0   15.5   16.0   16.5   17.0   17.5   18.0   18.5   19.0   19.5   20.0   20.5   21.0   21.5   22.0   22.5   23.0   23.5   24.0   24.5   25.0   25.5   26.0   26.5   27.0   27.5   28.0   28.5   29.0   29.5   30.0   30.5   31.0   31.5   32.0   32.5   33.0   33.5   34.0   34.5   35.0   35.5   36.0   36.5   37.0   37.5   38.0   38.5   39.0   39.5   40.0   40.5   41.0   41.5   42.0   42.5   43.0   43.5   44.0   44.5   45.0   45.5   46.0   46.5   47.0   47.5   48.0   48.5   49.0   49.5   50.0   50.5   51.0   51.5   52.0   52.5   53.0   53.5   54.0   54.5   55.0   
U40   -0.01981984888216552   -0.2762177958080677   -0.12132948526913304   -0.13459838931940538   -0.0741538362585624   -0.09530900367721842   -0.003950327179589497   0.05299027728767768   0.13144576800248683   -0.13921981512880133   0.2842989407632609   -0.07899471424267175   -0.32426467939247877   0.09852247624296019   0.18410230308608402   0.07973970356958424   -0.2778295739783411   0.02001802031896662   0.02634287002334739   -0.33578417940706856   -0.19042610663195825   0.14662442370513035   -0.038622127484962715   0.6234313086592296   0.39889728364189136   1.0   0.9967824298942697   0.37289160846303526   0.10059471731528853   0.22439439820650506   -0.019744117585701444   -0.1440580214876329   0.013662469941594221   0.03314630313208267   -0.10173928064661006   -0.05195358822953697   0.026575223989766375   0.4741545640397402   -0.27048963324712444   0.2873407048498825   -0.2080488314616601   0.010949609940567722   0.23024503771637214   -0.060048638211085505   0.3762654769533431   -0.2977344148094492   0.1113563038156787   0.23472429250956178   0.18494239198440726   -0.09635431039330185   0.0931922694487012   -0.05977414077831946   0.02083532621617572   0.24237088819975608   0.06021540764011957   0.09692607228189055   0.33621286708847403   -0.18752692664144083   0.15091589614736478   0.08852208759721071   -0.1717253833210191   -0.055952699841458765   -0.09833343551587682   -0.1627680672727078   0.4189153690732274   0.19286636866816506   -0.03229649201829227   -0.04546226022578416   -0.18257037408991628   -0.2438315122326304   -0.05446046148047557   0.04883855568487173   -0.15785856511012417   -0.019272903120726576   0.12940812488381898   0.18835027265083085   -0.09844603487764143   0.046801803799242335   0.00025004458458992854   -0.14413905807714286   -0.30018588925504186   
sta_location:9.954407470807796,10.195376934105745,10.88763805139088,11.117428274821942,11.78168189571699,12.230373802586398,12.778226081389567,13.167069673597041,13.620212331284934,14.286174744506354,14.777752527750511,15.035098038965724,15.777376679288109,16.48764769092482,16.72186242550011,17.144221079823968,17.852370540865287,18.068475314900265,18.974232239443054,19.35416230828825,19.734845969624065,20.053247221560966,20.57289999505593,21.189559402790703,21.653692599945142,22.35840578846509,22.615598987053886,23.06145087337591,23.660425879008784,24.435498736633942,24.528702876426248,25.203370860454857,25.51645326142569,26.10543304385085,26.56432409230029,27.232059085455116,27.959527316300836,28.458293798242742,28.837991249181684,29.39892652460477,29.730360031458652,
rebuild_index:0,1,2,3,4,5,6,7,8,9,10,11,12,13,14,15,16,17,18,19,20,21,22,23,24,25,26,27,28,29,30,31,32,33,34,35,36,37,38,39,40,
use_index:0,2,3,5,6,7,9,10,12,14,15,16,17,18,19,20,21,22,23,24,25,27,28,30,31,32,33,34,36,37,40,
rebuild_locdata:9.954407470807796,10.25,10.88763805139088,11.117428274821942,11.75,12.230373802586398,12.778226081389567,13.167069673597041,13.75,14.286174744506354,14.777752527750511,15.25,15.777376679288109,16.25,16.72186242550011,17.144221079823968,17.852370540865287,18.068475314900265,18.974232239443054,19.35416230828825,19.734845969624065,20.053247221560966,20.57289999505593,21.189559402790703,21.653692599945142,22.35840578846509,22.75,23.06145087337591,23.660425879008784,24.25,24.528702876426248,25.203370860454857,25.51645326142569,26.10543304385085,26.56432409230029,27.25,27.959527316300836,28.458293798242742,28.75,29.25,29.730360031458652,
cut_start_time:15.0---cut_windows:40.0---reduction_v:10.0---move_time_window_all:0.0
move_time_window:0.0,0.0,0.0,0.0,0.0,0.0,0.0,0.0,0.0,0.0,0.0,0.0,0.0,0.0,0.0,0.0,0.0,0.0,0.0,0.0,0.0,0.0,0.0,0.0,0.0,0.0,0.0,0.0,0.0,0.0,0.0,0.0,0.0,0.0,0.0,0.0,0.0,0.0,0.0,0.0,0.0,
sta_noise_mean:0,0,0,0,0,0,0,0,0,0,0,0,0,0,0,0,0,0,0,0,0,0,0,0,0,0,0,0,0,0,0,0,0,0,0,0,0,0,0,0,0,
sta_noise_sigma:0.25,0.25,0.25,0.25,0.25,0.25,0.25,0.25,0.25,0.25,0.25,0.25,0.25,0.25,0.25,0.25,0.25,0.25,0.25,0.25,0.25,0.25,0.25,0.25,0.25,0.25,0.25,0.25,0.25,0.25,0.25,0.25,0.25,0.25,0.25,0.25,0.25,0.25,0.25,0.25,0.25,
add_noise_region_move_range:0,0,0,0,0,0,0,0,0,0,0,0,0,0,0,0,0,0,0,0,0,0,0,0,0,0,0,0,0,0,0,0,0,0,0,0,0,0,0,0,0,