T_sec   15.0   15.5   16.0   16.5   17.0   17.5   18.0   18.5   19.0   19.5   20.0   20.5   21.0   21.5   22.0   22.5   23.0   23.5   24.0   24.5   25.0   25.5   26.0   26.5   27.0   27.5   28.0   28.5   29.0   29.5   30.0   30.5   31.0   31.5   32.0   32.5   33.0   33.5   34.0   34.5   35.0   35.5   36.0   36.5   37.0   37.5   38.0   38.5   39.0   39.5   40.0   40.5   41.0   41.5   42.0   42.5   43.0   43.5   44.0   44.5   45.0   45.5   46.0   46.5   47.0   47.5   48.0   48.5   49.0   49.5   50.0   50.5   51.0   51.5   52.0   52.5   53.0   53.5   54.0   54.5   55.0   
U0   0.06056227268820821   0.0075256037592633844   0.04388384590752607   -0.004344573966398411   0.1359066414554149   -0.05096434227007477   -0.026446461658345796   0.06366481493092063   -0.06427106182513988   -0.02802542568071472   -0.0026784969524195974   0.03642866925377636   -0.044552773959209944   0.020097008519580965   0.0026307333644191057   0.046560610341842674   -0.10335355542240468   0.03938172635023033   0.11103171951398422   0.009404488651200867   0.03600318415963348   0.12788637982752105   0.06937418665799132   0.09884478027733165   0.05199215848636782   -0.014084093524719251   -0.022017824002346875   0.029492956128344894   0.013646950452195609   0.03838601804342084   -0.09828365508272545   -0.02582971661093901   -0.07441614223065407   -0.04195462614331099   0.0847072008990562   -0.029958928022466955   -0.03218680419296028   -0.030082942381318502   -0.056244158336989716   -0.049820962858693925   0.09444500467868916   0.059863635491539724   0.09330914784023885   0.08387146485722802   0.013475377634477164   0.7111852912018539   1.0   0.20327863515478747   -0.08556568283930158   -0.13550726085332185   -0.1395858366954362   -0.07924948231426841   -0.010519031546270827   -0.005594950771798256   -0.14722204142941092   -0.16519400116913927   -0.04092023144049072   -0.07565776633356493   0.02575647032722034   -0.006395052802098008   -0.04789922412604152   0.13496617938730063   0.09367512758265882   0.04636234062022343   0.02111735465490567   -0.1275224793368065   -0.040881701194721655   -0.059086939853389274   0.010664589213788097   0.02857927123501516   -0.1002876571309997   -0.1618457668256918   -0.16293379377015674   -0.18487525176914835   -0.07012143650150898   0.02422160118597847   -0.03717542703740964   0.010619353453496735   0.10038864285285279   -0.044098425502012456   -0.01209048822961154   
T_sec   15.0   15.5   16.0   16.5   17.0   17.5   18.0   18.5   19.0   19.5   20.0   20.5   21.0   21.5   22.0   22.5   23.0   23.5   24.0   24.5   25.0   25.5   26.0   26.5   27.0   27.5   28.0   28.5   29.0   29.5   30.0   30.5   31.0   31.5   32.0   32.5   33.0   33.5   34.0   34.5   35.0   35.5   36.0   36.5   37.0   37.5   38.0   38.5   39.0   39.5   40.0   40.5   41.0   41.5   42.0   42.5   43.0   43.5   44.0   44.5   45.0   45.5   46.0   46.5   47.0   47.5   48.0   48.5   49.0   49.5   50.0   50.5   51.0   51.5   52.0   52.5   53.0   53.5   54.0   54.5   55.0   
U1   0   0   0   0   0   0   0   0   0   0   0   0   0   0   0   0   0   0   0   0   0   0   0   0   0   0   0   0   0   0   0   0   0   0   0   0   0   0   0   0   0   0   0   0   0   0   0   0   0   0   0   0   0   0   0   0   0   0   0   0   0   0   0   0   0   0   0   0   0   0   0   0   0   0   0   0   0   0   0   0   0   
T_sec   15.0   15.5   16.0   16.5   17.0   17.5   18.0   18.5   19.0   19.5   20.0   20.5   21.0   21.5   22.0   22.5   23.0   23.5   24.0   24.5   25.0   25.5   26.0   26.5   27.0   27.5   28.0   28.5   29.0   29.5   30.0   30.5   31.0   31.5   32.0   32.5   33.0   33.5   34.0   34.5   35.0   35.5   36.0   36.5   37.0   37.5   38.0   38.5   39.0   39.5   40.0   40.5   41.0   41.5   42.0   42.5   43.0   43.5   44.0   44.5   45.0   45.5   46.0   46.5   47.0   47.5   48.0   48.5   49.0   49.5   50.0   50.5   51.0   51.5   52.0   52.5   53.0   53.5   54.0   54.5   55.0   
U2   0.022090770925797372   0.0019403672656186377   0.05556208127214258   0.00039049567035023396   0.003371409932282187   -0.05286757134976964   0.07032841586483711   -0.008895668410672979   -0.11129292582912449   0.036997316358672774   0.003672918704478446   0.02750874193116685   0.017850687225908064   0.030705324035099835   -0.04947317390676751   0.05054078318510934   -0.11159496904796376   -0.05868753632502932   0.08421234757903981   0.06080750942129128   0.07377587642918419   -0.037011579717626475   0.013347699195383094   -0.015508950780535798   -0.03222635438651417   -0.03211309245213677   0.014525813894180905   -0.015601451804947946   0.005556643192999902   0.01216917995368861   0.015173333604283024   -0.059211481597159395   0.025952175181830274   -0.031059039126924953   0.014316111701918335   -0.030503766727474433   -0.02978071354940148   -0.04806352459758022   -0.05447371338315924   -0.006889368716571801   0.07083903546735518   0.02003693762722605   0.033738008893505964   0.0027003443364674224   0.06591704453504578   0.16787134470946788   1.0   0.8398379073467125   0.026425943645082474   -0.2277414313295369   -0.17530514666989594   -0.13340863458540178   -0.20754763767649814   -0.15536367599481896   -0.12391975256650264   -0.11122194199551348   -0.023482600099801243   0.0286115458390979   0.02588402028885361   0.09263155385949091   0.2320365974651332   0.22384168235155366   0.13513353422234986   -0.06738540505299359   -0.07078193090271721   -0.014015043671007284   -0.21564175410400221   -0.2012966431329002   -0.22829647424802646   -0.026731690805889607   -0.06211479706250876   -0.06295950994125371   -0.09063403724649816   -0.019236231186872153   -0.10606249411272346   -0.09276038545824779   0.020795796896985675   0.034805686717351084   0.01667320966444734   -0.01161986303529931   0.046374103033651   
T_sec   15.0   15.5   16.0   16.5   17.0   17.5   18.0   18.5   19.0   19.5   20.0   20.5   21.0   21.5   22.0   22.5   23.0   23.5   24.0   24.5   25.0   25.5   26.0   26.5   27.0   27.5   28.0   28.5   29.0   29.5   30.0   30.5   31.0   31.5   32.0   32.5   33.0   33.5   34.0   34.5   35.0   35.5   36.0   36.5   37.0   37.5   38.0   38.5   39.0   39.5   40.0   40.5   41.0   41.5   42.0   42.5   43.0   43.5   44.0   44.5   45.0   45.5   46.0   46.5   47.0   47.5   48.0   48.5   49.0   49.5   50.0   50.5   51.0   51.5   52.0   52.5   53.0   53.5   54.0   54.5   55.0   
U3   0.001871641194077498   -0.043928013552211494   -0.003991773909997391   0.005186861065865017   0.03149367323961689   0.05387634765881027   -0.07107035626567809   0.09379744123259244   0.12603198966259269   0.011882525959605515   0.048428652604708494   0.0531399622740536   0.030932416461038732   -0.11314210259910826   0.11014136611284596   -0.0983987685560968   -0.029720019604002924   -0.11100494957827982   0.04727484155525002   -0.0966708141438425   0.05059264214229528   0.06515666687983641   -0.0223986287283349   0.07339916645389928   0.05123355462714855   -0.032052769311066   -0.08515925681008782   0.0035067425337797537   -0.016310931014979206   -0.042035497783863285   0.040063560314209254   -0.05237211065543002   0.05352794705967317   0.02439798000994971   -0.012404684663778774   -0.011829277116406016   0.027091778064054533   0.05276183128356146   0.0954077807330792   0.0021030336485603   -0.030847575552697494   0.006000206700372636   -0.017270472759723165   0.12313759264365486   0.04451432782605153   0.14842905285202657   0.6720476213464383   1.0   0.3071556079621335   -0.2080643937010596   -0.07292457512935784   -0.11720968160713277   -0.1448056937609848   -0.09801185924145499   -0.022364295655787254   -0.0555348865491687   -0.010558517207212422   0.006919846118725169   0.023234256709447614   0.12808218016363274   0.2746228995188877   0.09825289377415052   0.0330386499486846   -0.13621628045232745   -0.06794398586444018   -0.2179172312536952   -0.278625182220861   -0.11981859745856763   -0.08361957900371557   -0.04120793605416537   -0.019874063995892963   -0.08126522272042185   -0.05929085748205534   0.019946022132180285   -0.15363899260055508   -0.0825874368269668   -0.0024814732017903796   0.10404928371108803   -0.01704504602069908   -0.011005406578049314   0.007942425418768566   
T_sec   15.0   15.5   16.0   16.5   17.0   17.5   18.0   18.5   19.0   19.5   20.0   20.5   21.0   21.5   22.0   22.5   23.0   23.5   24.0   24.5   25.0   25.5   26.0   26.5   27.0   27.5   28.0   28.5   29.0   29.5   30.0   30.5   31.0   31.5   32.0   32.5   33.0   33.5   34.0   34.5   35.0   35.5   36.0   36.5   37.0   37.5   38.0   38.5   39.0   39.5   40.0   40.5   41.0   41.5   42.0   42.5   43.0   43.5   44.0   44.5   45.0   45.5   46.0   46.5   47.0   47.5   48.0   48.5   49.0   49.5   50.0   50.5   51.0   51.5   52.0   52.5   53.0   53.5   54.0   54.5   55.0   
U4   0   0   0   0   0   0   0   0   0   0   0   0   0   0   0   0   0   0   0   0   0   0   0   0   0   0   0   0   0   0   0   0   0   0   0   0   0   0   0   0   0   0   0   0   0   0   0   0   0   0   0   0   0   0   0   0   0   0   0   0   0   0   0   0   0   0   0   0   0   0   0   0   0   0   0   0   0   0   0   0   0   
T_sec   15.0   15.5   16.0   16.5   17.0   17.5   18.0   18.5   19.0   19.5   20.0   20.5   21.0   21.5   22.0   22.5   23.0   23.5   24.0   24.5   25.0   25.5   26.0   26.5   27.0   27.5   28.0   28.5   29.0   29.5   30.0   30.5   31.0   31.5   32.0   32.5   33.0   33.5   34.0   34.5   35.0   35.5   36.0   36.5   37.0   37.5   38.0   38.5   39.0   39.5   40.0   40.5   41.0   41.5   42.0   42.5   43.0   43.5   44.0   44.5   45.0   45.5   46.0   46.5   47.0   47.5   48.0   48.5   49.0   49.5   50.0   50.5   51.0   51.5   52.0   52.5   53.0   53.5   54.0   54.5   55.0   
U5   0.06338934843104203   0.015057329749433648   0.040777436092791663   -0.08176674289106224   -0.0596866615524709   0.01675077133480791   0.025632676890325803   0.05080847915418084   0.0075591549528034   0.04950726078849553   0.01608551413535448   0.056469796703677806   -0.03381149519837991   0.0776380718465191   0.05150035217808638   -0.01741536878536122   -0.00259199592009368   -0.02149005451373866   -0.0280252351029499   -0.0441960583186007   0.05408054796565577   0.028870921475566566   0.06684749303890196   0.0564990243986665   0.006918408790152203   0.03331799633505038   -0.057828077292733336   0.048267235106031675   0.004356505412575868   -0.014655143805820482   0.04373522231583013   -0.04149783420465143   0.08376126917737713   0.04150512034097855   0.017612539649155944   0.03445388071698082   -0.05418284261096556   0.03753381942901358   0.03242572596707828   0.08580242179431215   0.00014844835510896968   0.04256568317515341   0.0386486384000598   0.04617721498821411   0.02090671672149945   -0.016932081801815057   0.13312349441697577   1.0   0.8565355146724852   0.08041935554912304   -0.17638844511302426   -0.02899047212673372   -0.15826307147792912   -0.15827475505597938   -0.028403832638846147   0.038161203429415716   -0.023029172651200597   0.21009133198569885   0.3971449027879458   0.3146548229530034   0.019757854018709286   -0.07528102632682208   -0.11491733848809606   -0.2126713827839714   -0.25099919679782945   -0.21419285069548363   -0.13261616814944188   -0.128293397291817   0.010375144743399364   0.031052647219298186   -4.123985272683573e-05   0.036225499401532954   0.06330866678258028   -0.04727829003422221   -0.10943260333785501   -0.19315319475269213   -0.1294543491491892   -0.10202607499793094   -0.03581743265758751   0.03220341268652621   0.023911268620897815   
T_sec   15.0   15.5   16.0   16.5   17.0   17.5   18.0   18.5   19.0   19.5   20.0   20.5   21.0   21.5   22.0   22.5   23.0   23.5   24.0   24.5   25.0   25.5   26.0   26.5   27.0   27.5   28.0   28.5   29.0   29.5   30.0   30.5   31.0   31.5   32.0   32.5   33.0   33.5   34.0   34.5   35.0   35.5   36.0   36.5   37.0   37.5   38.0   38.5   39.0   39.5   40.0   40.5   41.0   41.5   42.0   42.5   43.0   43.5   44.0   44.5   45.0   45.5   46.0   46.5   47.0   47.5   48.0   48.5   49.0   49.5   50.0   50.5   51.0   51.5   52.0   52.5   53.0   53.5   54.0   54.5   55.0   
U6   -0.010069951449943687   -0.06277053846425186   -0.09071753153758497   -0.0067289004121785165   0.020125915935257803   0.04732896762429251   0.010740136821377432   0.03753129937383389   0.01637610705808663   -0.013724192497273326   -0.04540443712356085   -0.0250877998219017   -0.05096917088736382   -0.05903818766436629   0.07753716783218169   -0.11745608361949131   0.053111435109001424   -0.017291849222598455   -0.07797443466530375   0.09508069706683024   -0.03285052440037839   0.003872959310700049   0.11677705896260077   -0.05690164424448719   0.05241556747288675   0.06346842066087435   0.05213781638428931   0.016209040379178516   -0.022205948689859305   -0.03564107701144271   -0.08027014884457143   -0.06664996610925605   -0.01166524943817431   -0.03746626923191407   0.002918785665732506   -0.03056436020642234   -0.12357634797187265   -0.0936712528764455   0.07815180579025134   0.024664024742911267   0.029757125618554228   -0.025156503236463172   0.06595142378121728   0.002342151329431915   -0.004319027849570445   -0.013946807453800327   0.09075456562283575   0.5455113333333418   1.0   0.49819738359289023   -0.01104266285778426   -0.021800420798886715   -0.07148850027197409   -0.016517235298412397   0.055699049283926015   0.07050713252924887   0.17270959034714886   0.27518315111880814   0.35522888203962993   -0.03661023819362874   -0.11480176793217554   -0.24862893430973526   -0.24716835371921067   -0.22079280179053676   -0.2350552808807461   -0.16632146751815724   -0.07972180654635469   -0.07308861260961445   -0.02626378123244694   0.07932966146747451   -0.0041283897098485746   -0.042348414120347656   0.013937132205576429   -0.06996837216870468   0.0726120425998398   -0.11483294369158258   -0.08030279826654722   -0.0684577662652836   0.05894140071058315   0.09515897959380143   0.13511858955349787   
T_sec   15.0   15.5   16.0   16.5   17.0   17.5   18.0   18.5   19.0   19.5   20.0   20.5   21.0   21.5   22.0   22.5   23.0   23.5   24.0   24.5   25.0   25.5   26.0   26.5   27.0   27.5   28.0   28.5   29.0   29.5   30.0   30.5   31.0   31.5   32.0   32.5   33.0   33.5   34.0   34.5   35.0   35.5   36.0   36.5   37.0   37.5   38.0   38.5   39.0   39.5   40.0   40.5   41.0   41.5   42.0   42.5   43.0   43.5   44.0   44.5   45.0   45.5   46.0   46.5   47.0   47.5   48.0   48.5   49.0   49.5   50.0   50.5   51.0   51.5   52.0   52.5   53.0   53.5   54.0   54.5   55.0   
U7   -0.11771982738144558   0.020221076753273424   0.02642040100935637   0.008357191484110646   0.03645440216045174   -0.12150167324157458   0.02533761145650283   -0.01715499961768622   -0.0295501469720616   -0.022271206147518128   -0.06607371159993652   -0.0371297603503046   0.08059961332283122   -0.007087554065332008   0.05924958630129364   0.033362160930300096   -0.0627504838770169   -0.00015458726789177815   -0.05245466721015371   0.017509951102240743   0.03275429067523976   0.019757642247105675   0.061586489558417105   -0.013288044592110615   -0.07591630760875412   0.058804476462873935   0.0938684893568863   -0.004501745508656468   -0.06917236698005905   -0.02050551896157059   0.021121119786551422   -0.01909752390315877   -0.0005714280334258205   -0.041594904138173724   -0.037034311875168945   0.08618433272685935   -0.041051172189577635   -0.01783883405526067   0.022420422607608452   -0.08614352010835398   0.037459446121840094   -0.005265791494433204   0.048698770276209176   0.008271545379599968   -0.04883936456028661   0.02331458092913223   0.21687933827932268   0.44176541858129076   1.0   0.7257672446768834   0.0722791737312268   -0.05663368723327219   -0.11573776586659847   -0.011838142680047513   0.10435093479326153   0.2364975106297631   0.3430594541603762   0.628720385184008   0.19354305870079555   -0.19476834767469178   -0.3223254329049993   -0.29087129636890446   -0.09376208675097841   -0.2552948718596207   -0.1794055334874668   -0.08458938050444972   -0.09239639637791135   -0.11928238915767288   -0.0023803433666734117   0.009965001542643634   0.016378142010708037   -0.05964385447002609   -0.032681633276113654   -0.034608575050180355   -0.02911769693551278   -0.1254635797020285   -0.1011625692387856   -0.017185454724572086   0.04873336205682969   -0.008690081791448385   0.11691240120950795   
T_sec   15.0   15.5   16.0   16.5   17.0   17.5   18.0   18.5   19.0   19.5   20.0   20.5   21.0   21.5   22.0   22.5   23.0   23.5   24.0   24.5   25.0   25.5   26.0   26.5   27.0   27.5   28.0   28.5   29.0   29.5   30.0   30.5   31.0   31.5   32.0   32.5   33.0   33.5   34.0   34.5   35.0   35.5   36.0   36.5   37.0   37.5   38.0   38.5   39.0   39.5   40.0   40.5   41.0   41.5   42.0   42.5   43.0   43.5   44.0   44.5   45.0   45.5   46.0   46.5   47.0   47.5   48.0   48.5   49.0   49.5   50.0   50.5   51.0   51.5   52.0   52.5   53.0   53.5   54.0   54.5   55.0   
U8   0   0   0   0   0   0   0   0   0   0   0   0   0   0   0   0   0   0   0   0   0   0   0   0   0   0   0   0   0   0   0   0   0   0   0   0   0   0   0   0   0   0   0   0   0   0   0   0   0   0   0   0   0   0   0   0   0   0   0   0   0   0   0   0   0   0   0   0   0   0   0   0   0   0   0   0   0   0   0   0   0   
T_sec   15.0   15.5   16.0   16.5   17.0   17.5   18.0   18.5   19.0   19.5   20.0   20.5   21.0   21.5   22.0   22.5   23.0   23.5   24.0   24.5   25.0   25.5   26.0   26.5   27.0   27.5   28.0   28.5   29.0   29.5   30.0   30.5   31.0   31.5   32.0   32.5   33.0   33.5   34.0   34.5   35.0   35.5   36.0   36.5   37.0   37.5   38.0   38.5   39.0   39.5   40.0   40.5   41.0   41.5   42.0   42.5   43.0   43.5   44.0   44.5   45.0   45.5   46.0   46.5   47.0   47.5   48.0   48.5   49.0   49.5   50.0   50.5   51.0   51.5   52.0   52.5   53.0   53.5   54.0   54.5   55.0   
U9   -0.008972072766541082   -0.02471086590588451   -0.04317847009577659   0.052005104846700255   0.019816205549428537   -0.06401322472788093   0.025071759180251302   -0.007225820138872468   0.013769475559532342   0.004765923149656168   0.07717612552639376   -0.049357357034652466   0.005372018092363608   -0.08234436875102875   -0.06633544685280478   -0.020522253071520696   -0.003433529078944912   0.009682286658277372   -0.006621970510024371   0.02885956463832579   0.003828690161847379   0.052536071647119514   -0.0008044244491205073   0.014219569507470501   0.0007350899524255808   -0.012597434576292999   -0.05255307722792032   0.02451403671019232   -0.029741295613592574   0.029618679744459475   0.06641145706291103   -0.059190159689596726   -0.07367220542633715   -0.07018108157758385   0.04901631647017919   -0.03203929488701809   -0.023496539625264934   0.0843611489256935   0.07884084765175439   -0.018757411320258495   0.0024687741435947016   0.05447154944547424   -0.06366488964710777   0.06857892540059526   0.050233657704709694   0.05153889030707337   0.12351147340212193   0.09557033857347973   0.5283390680375429   0.8802885784287309   0.3463256929236767   0.030831479903328726   0.0750253049348312   0.09184627660297728   0.23178863787842852   1.0   0.4367446065025823   -0.4415000284098159   -0.3890166325990738   -0.3287271438175253   -0.2125085998977769   -0.13763951168111843   -0.005649116972105509   -0.008132585622152404   -0.030259236250989276   -0.15308674205254216   -0.06457099165365528   -0.17518065387118872   -0.13329513705484863   0.028794930543332136   -0.033374919079254654   -0.08896736295093531   -0.08668908518506756   -0.06351965638462918   0.033433020722038576   -0.04210247323965955   -0.021906278644145787   -0.05282938397938179   -0.006138406101335064   0.02785908039478161   0.03155229095947326   
T_sec   15.0   15.5   16.0   16.5   17.0   17.5   18.0   18.5   19.0   19.5   20.0   20.5   21.0   21.5   22.0   22.5   23.0   23.5   24.0   24.5   25.0   25.5   26.0   26.5   27.0   27.5   28.0   28.5   29.0   29.5   30.0   30.5   31.0   31.5   32.0   32.5   33.0   33.5   34.0   34.5   35.0   35.5   36.0   36.5   37.0   37.5   38.0   38.5   39.0   39.5   40.0   40.5   41.0   41.5   42.0   42.5   43.0   43.5   44.0   44.5   45.0   45.5   46.0   46.5   47.0   47.5   48.0   48.5   49.0   49.5   50.0   50.5   51.0   51.5   52.0   52.5   53.0   53.5   54.0   54.5   55.0   
U10   0.03075316576569812   -0.017616876467368522   0.010664352412521647   -0.020164284787833924   0.006663227153124224   0.039513765982210035   0.029421308182694464   -0.01326363486430974   0.04293589956497636   0.13140526933427968   -0.030272223207841162   -0.02782297968248825   -0.0715873558894669   0.028163721628951352   -0.053297620617786104   0.007299054242147002   0.022064318206452098   0.015441751654743235   0.02279200417422143   -0.06383948192523332   -0.02194150510886809   -0.012842089904265332   0.040153739882325436   0.049298415962791046   0.04703481914510306   -0.05828679273640523   0.019005991975778094   -0.00046006957955890154   -0.03208428516463477   -0.00461608667565907   -0.08065755044615663   -0.06560971793135342   0.046166778787898786   -0.056757998852885364   -0.07640090012385732   0.028006144851231575   0.017032644650803907   0.038599102681514424   0.0067001898003867695   0.007943096310360649   0.012624662439634265   -0.03175311500923881   -0.0141029230734923   -0.013301576063454775   -0.019929171593735102   -0.0055353717101652355   0.007582866405125653   0.1243665888022687   0.37289803145436773   0.8763230038850996   0.6603710730203574   0.18546144520917052   0.06475868125026925   0.21112721381294924   0.9704381503592744   1.0   -0.3722427523085444   -0.6997179452689473   -0.4447157074274729   -0.1786157705121059   -0.19352399572464016   0.0008131663312182334   -0.10847643134959066   0.00948003732333596   -0.02898062349712106   0.06835621783015851   -0.034303849105662094   -0.08241122219603167   -0.02600442712236068   0.0472615036668073   -0.004724983417040798   -0.02533567503006058   -0.07368089647429635   -0.0887509561773128   -0.1638033955407923   -0.05286568709121426   0.015165039581182484   -0.03691169511918169   -0.029776713014460516   -0.0040590902607008945   -0.04230824233631441   
T_sec   15.0   15.5   16.0   16.5   17.0   17.5   18.0   18.5   19.0   19.5   20.0   20.5   21.0   21.5   22.0   22.5   23.0   23.5   24.0   24.5   25.0   25.5   26.0   26.5   27.0   27.5   28.0   28.5   29.0   29.5   30.0   30.5   31.0   31.5   32.0   32.5   33.0   33.5   34.0   34.5   35.0   35.5   36.0   36.5   37.0   37.5   38.0   38.5   39.0   39.5   40.0   40.5   41.0   41.5   42.0   42.5   43.0   43.5   44.0   44.5   45.0   45.5   46.0   46.5   47.0   47.5   48.0   48.5   49.0   49.5   50.0   50.5   51.0   51.5   52.0   52.5   53.0   53.5   54.0   54.5   55.0   
U11   0   0   0   0   0   0   0   0   0   0   0   0   0   0   0   0   0   0   0   0   0   0   0   0   0   0   0   0   0   0   0   0   0   0   0   0   0   0   0   0   0   0   0   0   0   0   0   0   0   0   0   0   0   0   0   0   0   0   0   0   0   0   0   0   0   0   0   0   0   0   0   0   0   0   0   0   0   0   0   0   0   
T_sec   15.0   15.5   16.0   16.5   17.0   17.5   18.0   18.5   19.0   19.5   20.0   20.5   21.0   21.5   22.0   22.5   23.0   23.5   24.0   24.5   25.0   25.5   26.0   26.5   27.0   27.5   28.0   28.5   29.0   29.5   30.0   30.5   31.0   31.5   32.0   32.5   33.0   33.5   34.0   34.5   35.0   35.5   36.0   36.5   37.0   37.5   38.0   38.5   39.0   39.5   40.0   40.5   41.0   41.5   42.0   42.5   43.0   43.5   44.0   44.5   45.0   45.5   46.0   46.5   47.0   47.5   48.0   48.5   49.0   49.5   50.0   50.5   51.0   51.5   52.0   52.5   53.0   53.5   54.0   54.5   55.0   
U12   -0.017034904082447816   -0.016172148561276172   0.032960929421311416   -0.09776560168248387   0.05871950260344332   0.04545956038044707   -0.030441406994373626   -0.012100389691370754   -0.004630629553115386   -0.02737722470489911   0.03484998470006573   -0.01601383071216565   0.09023616713015985   -0.04092870112444624   0.009058427630379121   -0.03597528249908521   -0.0023425269546434985   0.0527454528457041   -0.013590092982387445   -0.06845575730119016   -0.031046622429320624   0.008901235171238728   -0.07296695029081059   0.026033274360517642   -0.0025331514328026353   0.01614222227788313   0.04090168983651064   -0.011762889576315577   -0.06972935438996504   -0.06207054736360322   -0.0494499153463205   0.04876442118600341   0.05436403044761963   0.0641907403477787   0.01762948556259372   0.03691848052950753   0.017129747529020332   0.006431316948561811   -0.05379029242888062   -0.052011541065276404   0.046899696836095475   0.06019962751555792   0.003242690399482048   0.06639623111194588   0.011567719158790048   0.11156702439743758   0.10445788178563929   0.015431837508687344   0.12972563428507652   0.5396914718740955   0.5585553935451949   0.3309318938844473   0.5560960389820075   1.0   0.48294025897238596   -0.3247000727422916   -0.4770989851284304   -0.2139947305469969   -0.0994532128393807   -0.06462659875095449   -0.09693223035700299   -0.06559623114780591   -0.0744893122418864   0.06909544055542838   -0.010834655200620795   -0.012244695997912954   -0.10182480552717513   -0.05701822169397394   -0.028550579556473804   -0.11467996390997742   -0.1817336636705569   -0.14170026131614244   -0.07143821746139141   -0.1387525803298059   -0.07345821242918184   0.07646734965051487   -0.08797706169686882   0.011201276305738313   -0.0800849623130822   -0.034966567252148736   -0.12300173803803466   
T_sec   15.0   15.5   16.0   16.5   17.0   17.5   18.0   18.5   19.0   19.5   20.0   20.5   21.0   21.5   22.0   22.5   23.0   23.5   24.0   24.5   25.0   25.5   26.0   26.5   27.0   27.5   28.0   28.5   29.0   29.5   30.0   30.5   31.0   31.5   32.0   32.5   33.0   33.5   34.0   34.5   35.0   35.5   36.0   36.5   37.0   37.5   38.0   38.5   39.0   39.5   40.0   40.5   41.0   41.5   42.0   42.5   43.0   43.5   44.0   44.5   45.0   45.5   46.0   46.5   47.0   47.5   48.0   48.5   49.0   49.5   50.0   50.5   51.0   51.5   52.0   52.5   53.0   53.5   54.0   54.5   55.0   
U13   0   0   0   0   0   0   0   0   0   0   0   0   0   0   0   0   0   0   0   0   0   0   0   0   0   0   0   0   0   0   0   0   0   0   0   0   0   0   0   0   0   0   0   0   0   0   0   0   0   0   0   0   0   0   0   0   0   0   0   0   0   0   0   0   0   0   0   0   0   0   0   0   0   0   0   0   0   0   0   0   0   
T_sec   15.0   15.5   16.0   16.5   17.0   17.5   18.0   18.5   19.0   19.5   20.0   20.5   21.0   21.5   22.0   22.5   23.0   23.5   24.0   24.5   25.0   25.5   26.0   26.5   27.0   27.5   28.0   28.5   29.0   29.5   30.0   30.5   31.0   31.5   32.0   32.5   33.0   33.5   34.0   34.5   35.0   35.5   36.0   36.5   37.0   37.5   38.0   38.5   39.0   39.5   40.0   40.5   41.0   41.5   42.0   42.5   43.0   43.5   44.0   44.5   45.0   45.5   46.0   46.5   47.0   47.5   48.0   48.5   49.0   49.5   50.0   50.5   51.0   51.5   52.0   52.5   53.0   53.5   54.0   54.5   55.0   
U14   -0.004995462029584952   -0.08387601078141375   -0.046981330835246256   0.015709643549717274   -0.0338729595037244   -0.052778581768293524   0.042988425072794344   0.08073036181941176   0.07953492904856146   0.016090213327528236   -0.10037918399009213   -0.007472478234264199   0.06188882074716977   -0.0023631479004527227   -0.04216836450687098   0.030008556412461883   0.018665528697877826   -0.06225808914617334   -0.025248373912440364   -0.00492742364682795   0.03639518364017433   -0.0021441153472628012   -0.07632687267072621   0.08669014138409957   -0.013944439692159043   0.07822555237822157   -0.03748553746579561   -0.01829287623348011   0.05834862041628284   0.08456664656079825   -0.013621475837280453   -0.01101611083178648   -0.04090446914440502   0.012361595711658792   0.027786199620094654   0.058554394797785396   -0.03295770573978184   0.003453113097611622   -0.0038793359456839546   -0.05893018935148406   0.023128669341215394   0.054564468746063986   -0.05257073271884558   -0.10751263866266662   -0.04017015213363738   -0.034024806214425524   0.02088361006111824   -0.033519822662234924   0.09250044315081739   0.4290137330405781   0.7311247182209923   1.0   0.8497936411062533   0.5977380410190544   0.035743897201496684   -0.44569302799781374   -0.3463629712003985   -0.12502976446743158   -0.15703023329091315   -0.15051365137881106   -0.044032600712705205   -0.03403012571200533   0.05635991010488803   0.037424738249352864   0.007429134533296601   -0.002973467640645038   -0.03443161196687128   -0.10578321904217584   -0.137964366633848   -0.28087784773237806   -0.13475086457272165   -0.1543813182783101   -0.06298595227081241   0.02554445216778418   0.0985200883216136   0.003608552458940189   0.04565884273877828   -0.008226379039425507   -0.030615365770905817   -0.01907677524055587   -0.1266839416941173   
T_sec   15.0   15.5   16.0   16.5   17.0   17.5   18.0   18.5   19.0   19.5   20.0   20.5   21.0   21.5   22.0   22.5   23.0   23.5   24.0   24.5   25.0   25.5   26.0   26.5   27.0   27.5   28.0   28.5   29.0   29.5   30.0   30.5   31.0   31.5   32.0   32.5   33.0   33.5   34.0   34.5   35.0   35.5   36.0   36.5   37.0   37.5   38.0   38.5   39.0   39.5   40.0   40.5   41.0   41.5   42.0   42.5   43.0   43.5   44.0   44.5   45.0   45.5   46.0   46.5   47.0   47.5   48.0   48.5   49.0   49.5   50.0   50.5   51.0   51.5   52.0   52.5   53.0   53.5   54.0   54.5   55.0   
U15   0.006899582824303352   0.051259608257991536   -0.023243298557949852   -0.022280197130775   0.018950733492170614   0.03827167599397742   0.0015078935560878938   0.07307757256962473   0.038577417878950526   -0.026316397764990528   0.017992966652653195   -0.0013191804997367996   0.019993788510690766   -0.02841808701390718   0.020192531272029222   -0.08787659164891817   -0.04016947012629515   0.04869748892159776   0.04449156141555226   -0.0364576406128424   0.03503767833056543   0.07237261625249022   0.026109651310367517   -0.03231430085989026   -0.010339879249814264   -0.06369506454812258   0.00023137821088993962   0.04800888959974959   0.06940983392764499   0.015646981979561592   -0.0408717573627272   -0.03937165511841544   0.07362728132920619   -0.059624574617802135   0.05043049853141227   0.006403031985889342   0.011468691607515676   -0.005179015415823098   -0.0023716261531612514   -0.031112581182048623   -0.05946224173999017   0.05117970684772992   -0.03495835781652842   -0.000970843613062961   0.023634512585437095   -0.08914646137275845   0.013932017814526602   0.04149228960391932   0.09557769513464046   0.3983078705005115   1.0   0.7406856880459017   0.5060811798964528   0.5492220092690836   -0.19201339429521522   -0.36321422808984305   -0.12756954941129775   -0.1497479798076976   -0.19746825165668141   -0.0418412124454922   0.017538282182646376   -0.018251818824577194   0.016859642876713744   0.011473006265420372   -0.05791010429259123   -0.10781727142654295   -0.09899577089864482   -0.04922391104201587   -0.07951738979120146   -0.07948207585554196   -0.14075572463562888   0.05845338823870139   -0.03249999622251373   -0.04800620909697493   0.06243777440806792   0.06933839506980845   0.015228846198979983   0.009771134433440328   -0.14190617716059772   -0.10243013208962849   -0.08489447121272235   
T_sec   15.0   15.5   16.0   16.5   17.0   17.5   18.0   18.5   19.0   19.5   20.0   20.5   21.0   21.5   22.0   22.5   23.0   23.5   24.0   24.5   25.0   25.5   26.0   26.5   27.0   27.5   28.0   28.5   29.0   29.5   30.0   30.5   31.0   31.5   32.0   32.5   33.0   33.5   34.0   34.5   35.0   35.5   36.0   36.5   37.0   37.5   38.0   38.5   39.0   39.5   40.0   40.5   41.0   41.5   42.0   42.5   43.0   43.5   44.0   44.5   45.0   45.5   46.0   46.5   47.0   47.5   48.0   48.5   49.0   49.5   50.0   50.5   51.0   51.5   52.0   52.5   53.0   53.5   54.0   54.5   55.0   
U16   0.031290310491707635   0.017773896655841833   0.009547424839411948   0.05538631799522465   -0.0686899356155784   0.0315680464321653   0.019611711835671494   -0.02461110910572124   0.03451068274320516   0.06282417802839048   0.028333625320586666   0.04029756387605218   0.0221658587432827   0.025270439303622622   -0.054953972439268646   0.0007446038283913498   -0.058798367293537164   0.0016504934040601305   -0.041553599468993486   0.03092931350248732   0.02011362681954513   -0.03997161130649898   0.03616494785596352   -0.0845635605365528   -0.051984966787934364   -0.05025199754000503   -0.06278416090909035   0.04165552352834124   0.09468701200379631   -0.07702088962804834   0.06546226896950372   -0.06661445621534634   0.08185440065776431   0.010661259008446111   0.08738874289838493   0.056248632920107795   0.06917711352365687   -0.0020360387933041537   0.022110983652075047   -0.0345032038455272   -0.08235099936717437   -0.06515293635215628   0.02911659800485614   -0.002122061579494939   -0.09107571000374226   -0.0607562338461076   0.005591672272925951   0.11602995069779815   0.16945306267065724   0.8079651131835278   0.8950733604073648   0.8162851573739284   1.0   0.7117365712954101   -0.4520512626742815   -0.32299856493764706   -0.18321918832486148   -0.10636395371923991   -0.021130692670749462   -0.10151983888719977   0.007386153147358662   -0.19058056909402113   -0.1743815672275765   -0.08275788124312318   -0.09353022923460018   -0.07128422712371581   -0.15348543317170502   0.013279085284549293   -0.04082126091234958   -0.15279728540353243   -0.17261416668074092   -0.0021629792703856325   -0.06188269355437606   0.06578936802395047   0.05327683385008826   0.013194194012504502   -0.04660459870899693   -0.0742404725425931   -0.17009815821031787   -0.06614508364029763   -0.050137280333869494   
T_sec   15.0   15.5   16.0   16.5   17.0   17.5   18.0   18.5   19.0   19.5   20.0   20.5   21.0   21.5   22.0   22.5   23.0   23.5   24.0   24.5   25.0   25.5   26.0   26.5   27.0   27.5   28.0   28.5   29.0   29.5   30.0   30.5   31.0   31.5   32.0   32.5   33.0   33.5   34.0   34.5   35.0   35.5   36.0   36.5   37.0   37.5   38.0   38.5   39.0   39.5   40.0   40.5   41.0   41.5   42.0   42.5   43.0   43.5   44.0   44.5   45.0   45.5   46.0   46.5   47.0   47.5   48.0   48.5   49.0   49.5   50.0   50.5   51.0   51.5   52.0   52.5   53.0   53.5   54.0   54.5   55.0   
U17   -0.011358695719328833   -0.006661791000896981   0.09836140765952463   -0.003188105103869996   0.020129059106089153   8.206267436746657e-06   0.042846318045337346   0.07424462261931931   -0.11877844902001297   0.011928909780198008   0.023797101951034596   -0.03981709135156968   -0.023275336019309797   -0.05116507152347813   0.07327465373227786   0.004692228964614661   0.08826394048543411   0.014233903121114543   0.0032176758079443014   0.030413966188238845   0.008298217435815014   0.020822409018177477   -0.04481935648310006   0.06693153082055338   -0.03336734057977945   0.02572523788089319   0.020855585559832905   0.0906014727903791   -0.06790184836777584   0.03504042790288982   0.024088359541690238   -0.04469361639412585   -0.028267488137558732   -0.038757302577270156   -0.049880535329433935   -0.03755034280338805   0.027806540954986213   -0.04101419191564907   0.043843558783229264   0.03506084178342116   0.09195525166331349   -0.05724586930160916   -0.011510474852257115   0.002591877456374258   0.05814147710147284   -0.03530682568261733   -0.00902007369344828   0.12000795940773176   0.44087172775960193   0.8208534936429803   0.7604596191121651   1.0   0.9721808262427121   0.46373135008645894   -0.29121135215110666   -0.3305330656908681   -0.11670805882319076   -0.08047152597547777   -0.08826371968474155   -0.12720927886363498   -0.06740734392455144   -0.2091918228540539   -0.07075130372642337   -0.0741468027446202   -0.1081534446474043   -0.14555556139149048   -0.05469506557363025   -0.013707373244377836   -0.16746128912139308   -0.2074074461877316   -0.029440867129934496   0.030110934997903675   0.012804679005532301   -0.00809083730431318   0.06980042398665308   0.013328639865965318   -0.03062586003748111   -0.0664882010130069   -0.0753714016901307   -0.07441892120221064   -0.126847436292198   
T_sec   15.0   15.5   16.0   16.5   17.0   17.5   18.0   18.5   19.0   19.5   20.0   20.5   21.0   21.5   22.0   22.5   23.0   23.5   24.0   24.5   25.0   25.5   26.0   26.5   27.0   27.5   28.0   28.5   29.0   29.5   30.0   30.5   31.0   31.5   32.0   32.5   33.0   33.5   34.0   34.5   35.0   35.5   36.0   36.5   37.0   37.5   38.0   38.5   39.0   39.5   40.0   40.5   41.0   41.5   42.0   42.5   43.0   43.5   44.0   44.5   45.0   45.5   46.0   46.5   47.0   47.5   48.0   48.5   49.0   49.5   50.0   50.5   51.0   51.5   52.0   52.5   53.0   53.5   54.0   54.5   55.0   
U18   -0.030487016090949344   -0.031679782934796334   -0.04519928307993439   -0.00066289441137415   0.034016659216341574   0.006487364030399832   0.023488115948043994   -0.07204675692012476   0.020773798377665468   -0.1253224884714635   0.009903875042524206   0.013619079130658813   -0.024303883584043222   -0.01191211261397513   0.003519598477547036   -0.018519830631182153   0.05992155795486499   -0.03641142585214661   -0.056824597439953425   0.008354004409545654   -0.04086970941222097   0.04013372790218061   0.03430184814229732   0.09127723408406932   0.08247731707164006   -0.07308011859667796   0.05140054130324704   -0.015993665795700596   -0.014302052729118067   0.032948900613397905   0.04347398228704168   0.07211338837003287   0.00835122748702786   -0.017725201124275985   -0.027593957231737378   0.04794404481886888   0.09838170590545288   0.08094419856731598   -0.011228030853620511   0.021735023714572314   0.029703027078317148   -0.0076563640060217375   0.02571848588598967   0.0700206635080063   0.0014829297557172917   0.0962571497116906   0.32579844500943134   0.304155573963343   0.3418884978045817   0.6422591291253894   0.9632368462549915   1.0   0.6940803604502096   0.30079481780045647   -0.22141283357258748   -0.14039691929936846   -0.2309754127422676   -0.2826585248000923   -0.3674235046306723   -0.19170776940976425   -0.17036642057507032   -0.1984255968471451   -0.0801573213692624   0.001078986811158295   -0.07533755027793981   0.04314681932994677   -0.03140827007238985   -0.07519245470716249   0.002683353426292553   -0.12380444995569974   -0.021256277752638785   0.008208621181436662   0.08112357585640527   0.010387932017547372   0.0005879896731325936   0.015347747504821997   0.015472563044768227   -0.03664944472323471   -0.01599508297231201   0.0065765241847848335   0.0362232272303049   
T_sec   15.0   15.5   16.0   16.5   17.0   17.5   18.0   18.5   19.0   19.5   20.0   20.5   21.0   21.5   22.0   22.5   23.0   23.5   24.0   24.5   25.0   25.5   26.0   26.5   27.0   27.5   28.0   28.5   29.0   29.5   30.0   30.5   31.0   31.5   32.0   32.5   33.0   33.5   34.0   34.5   35.0   35.5   36.0   36.5   37.0   37.5   38.0   38.5   39.0   39.5   40.0   40.5   41.0   41.5   42.0   42.5   43.0   43.5   44.0   44.5   45.0   45.5   46.0   46.5   47.0   47.5   48.0   48.5   49.0   49.5   50.0   50.5   51.0   51.5   52.0   52.5   53.0   53.5   54.0   54.5   55.0   
U19   -0.025917685426967315   -0.14082997060783214   0.011241115878271894   0.022864060801683808   0.05943499819801904   -0.03369425146191187   0.04580435932689973   -0.019534905397522895   -0.07661745888371065   -0.0014872302791958585   -0.03166633532095816   -0.010134200237357326   -0.0047918231764401235   0.036931526619052864   0.030037693390757694   0.03493802258434109   -0.005242453570186642   -0.07829075668093732   -0.03635754728072043   0.03141983817279428   0.10662203773625271   -0.009873588300569523   0.10218781281580046   0.09236682924488707   0.0009012568092679314   0.00861450577253806   -0.02939444520626917   -0.006140913787776098   0.05047723578488592   -0.10289463325057958   -0.039459656557801225   -0.015705290862659968   -0.03733296573335478   0.06038587151918281   0.0006769353470253448   -0.00804613354589095   -0.03551770856771069   0.04912488397777439   0.017815458728812114   -0.023200727715524342   0.029280122497582935   0.007714129008211886   -0.022556757927334893   0.0519226582487848   -0.0006285396457759981   0.1735499715559004   0.40219774269981845   0.2772702914787046   0.5252085367020274   0.638844145316112   1.0   0.9487458581560162   0.8792350226775344   0.2556637664230853   -0.3184916448149106   -0.20120589506948014   -0.3972868105945878   -0.24858977085758122   -0.366704000457406   -0.16858495267622975   -0.22371008301386722   -0.1430926451541158   -0.12129095878931861   -0.02572938190702852   -0.0681519920847613   0.024525153725496147   0.00028893613121453083   -0.06939241094510455   0.017615890382214467   -0.1635396385590405   -0.060591670445061495   0.011573619405985908   -0.01259347612596911   0.010334505069589483   0.04821262901159452   0.017696135031708072   0.09903210680464586   0.07161851080693343   -0.03321233847602811   -0.02217794799274907   -0.06038908770561071   
T_sec   15.0   15.5   16.0   16.5   17.0   17.5   18.0   18.5   19.0   19.5   20.0   20.5   21.0   21.5   22.0   22.5   23.0   23.5   24.0   24.5   25.0   25.5   26.0   26.5   27.0   27.5   28.0   28.5   29.0   29.5   30.0   30.5   31.0   31.5   32.0   32.5   33.0   33.5   34.0   34.5   35.0   35.5   36.0   36.5   37.0   37.5   38.0   38.5   39.0   39.5   40.0   40.5   41.0   41.5   42.0   42.5   43.0   43.5   44.0   44.5   45.0   45.5   46.0   46.5   47.0   47.5   48.0   48.5   49.0   49.5   50.0   50.5   51.0   51.5   52.0   52.5   53.0   53.5   54.0   54.5   55.0   
U20   0.027692844305260877   -0.044608959747356396   0.0033960193520205387   -0.10855296979036537   -0.04376338977448069   0.005117679237405766   -0.061815623279183086   -0.09857945346795413   0.05837143610351088   -0.015853528570060598   0.0203343036402445   0.034410919385225835   0.036720355001813774   -0.008697567826569318   0.11369268829689567   -0.01308319209810484   0.027653611967216447   -0.03303991660935132   -0.0529153869165093   0.14669790154488294   0.030591201080317112   -0.0026482037764428376   0.09691199006250441   0.06077221228076076   -0.05105248658921145   -0.01912826319820896   -0.06109056545349509   0.05482260940226366   -0.051915086957072296   0.010522318617244153   0.0660623773954949   -0.018714959592513205   -0.06646982670233893   0.11329131947710734   -0.02991341293915077   0.004581937235588076   0.0007376885039590595   -0.0013093310548251953   -0.00331959527669115   -0.007656932830019801   0.05243799050344688   -0.05571535754758117   -0.03657286245148973   0.08902283331102805   0.2427735097237433   0.35871388709342994   0.3031781191561867   0.40448071705876126   0.5770604515804753   0.6509768069507883   0.8506983195515461   1.0   0.9171608528460279   0.059258561594400266   -0.4021689065321376   -0.4687003765222332   -0.5161872036641255   -0.4319166189056025   -0.30018868541108296   -0.17217953186091625   -0.08223831243882271   -0.07042248079004604   -0.16779165205825555   -0.09086988067539768   0.025860645958365607   -0.049551126547949687   -0.10636318804588428   -0.014524520017173423   -0.09385381578109589   -0.038195244283761635   -0.08545769480840758   -0.06942499167258112   0.019867503595468003   -0.018047249574167392   -0.03231694301690226   0.13050938837357356   -0.05849682540354978   0.04560152062319505   -0.009770147400544016   0.038261129813422695   0.023995989361272736   
T_sec   15.0   15.5   16.0   16.5   17.0   17.5   18.0   18.5   19.0   19.5   20.0   20.5   21.0   21.5   22.0   22.5   23.0   23.5   24.0   24.5   25.0   25.5   26.0   26.5   27.0   27.5   28.0   28.5   29.0   29.5   30.0   30.5   31.0   31.5   32.0   32.5   33.0   33.5   34.0   34.5   35.0   35.5   36.0   36.5   37.0   37.5   38.0   38.5   39.0   39.5   40.0   40.5   41.0   41.5   42.0   42.5   43.0   43.5   44.0   44.5   45.0   45.5   46.0   46.5   47.0   47.5   48.0   48.5   49.0   49.5   50.0   50.5   51.0   51.5   52.0   52.5   53.0   53.5   54.0   54.5   55.0   
U21   0.0070746498539972225   0.018046154731433953   0.007420259498478402   0.08220191144281706   0.050684035595136366   0.04044839209563364   -0.02331024407318313   0.06722861638333602   -0.03341512347403934   0.07656985786337407   -0.01724719736056732   -0.07580892256591554   0.038530111056015975   0.036859745971967624   0.12695846594825153   0.043419300848154464   -0.029295366934392136   0.022111759841021594   0.017211261439284472   -0.03456275530418204   -0.06649894386740685   -0.0603732537001882   0.1249490964634545   -0.0034651353605688563   0.0010637393181058838   -0.03851433959438368   0.019899226434301295   0.00432724804175018   0.04793924271836675   0.05198981875929423   0.011911736701349766   -0.010859691421453842   0.01318556512518851   -0.017151509789550566   0.08351811159353745   0.03756084711767472   0.07549207015317559   -0.009158565862144868   -0.05348827796859211   -0.08816725613097913   0.007496123834055351   0.15973725310757653   -0.09715184223588583   0.06392154946613698   0.28189044001136054   0.3790881207192982   0.36444289345279984   0.48299440918905145   0.5542978490784228   0.5433104242298887   0.7830739618620727   1.0   0.7832901135005886   -0.09817831002488128   -0.5438895781067313   -0.35164520495941937   -0.35532131332939215   -0.16955186733789043   -0.158881107659367   0.039099787289401694   -0.012031028099177192   -0.007888397549604624   -0.057590469353320066   -0.11918839839871186   -0.042458542340447596   -0.2027612448329596   -0.006182987034778382   -0.012245559624312438   -0.1521727478196475   -0.056866158019496495   -0.12807129903656095   -0.014798297172257615   -0.0004567295784415496   -0.0239439152755697   0.07191592371093714   0.08233607568118292   -0.018689265954951895   -0.04831038885214515   -0.06317265132763196   -0.036597650828372165   -0.05170590479853286   
T_sec   15.0   15.5   16.0   16.5   17.0   17.5   18.0   18.5   19.0   19.5   20.0   20.5   21.0   21.5   22.0   22.5   23.0   23.5   24.0   24.5   25.0   25.5   26.0   26.5   27.0   27.5   28.0   28.5   29.0   29.5   30.0   30.5   31.0   31.5   32.0   32.5   33.0   33.5   34.0   34.5   35.0   35.5   36.0   36.5   37.0   37.5   38.0   38.5   39.0   39.5   40.0   40.5   41.0   41.5   42.0   42.5   43.0   43.5   44.0   44.5   45.0   45.5   46.0   46.5   47.0   47.5   48.0   48.5   49.0   49.5   50.0   50.5   51.0   51.5   52.0   52.5   53.0   53.5   54.0   54.5   55.0   
U22   0.02293635904403724   -0.02710369023737388   -0.03146218023836802   -0.10873368039450068   -0.025270002268173927   -0.09214143083091983   0.013323894632173898   0.09678874778720474   -0.04134802902628624   0.08219336643166518   -0.016397759458741324   0.07126117008719539   -0.05364913381559266   0.04355037092873184   0.035221148793203316   0.027779029571277408   -0.018339985943483208   -0.1203259322689743   0.06564486650156409   0.014432681019866434   -0.011465121730586735   0.05963798583267222   0.06835075249029536   -0.017714296697143462   0.03379891594564086   -0.04053496538640049   -0.03007851727746829   0.035910635664074556   0.024405820643410053   -0.01863288718126054   -0.04101017445850622   0.03540498523615339   -0.07987882001981876   0.05311725048106627   -0.03001764943030926   -0.0031779157094861195   0.0319657177783245   0.03281247102363667   -0.05625455287912485   0.06059301058511964   -0.0432448772755324   0.1803499101729652   0.1471066181471536   0.35770478726646465   0.3849756134594395   0.48524372011137257   0.6406938868281118   0.7623041356911686   0.6361167221724258   0.7619104934898093   0.9745986709216765   1.0   0.4025196834501483   -0.39880578204766143   -0.7145337957563774   -0.48184188693425145   -0.2262240679286874   -0.13949944680554738   -0.05660251234617516   0.024886697177917125   -0.07952753765646159   -0.07809328208957399   -0.11339292117489276   -0.07827526247991133   -0.09710738153899653   -0.09332390850015979   -0.1430786303737606   -0.053538180542663856   -0.04169545257210439   -0.003948811669771029   -0.034351697707249614   -0.05014099425522949   0.000567960711742788   0.12455096245761549   0.10626174095628609   -0.15660128022679934   0.060922412006510024   0.028478645793833857   0.026117051240435358   -0.05256972225300672   -0.022002975896826094   
T_sec   15.0   15.5   16.0   16.5   17.0   17.5   18.0   18.5   19.0   19.5   20.0   20.5   21.0   21.5   22.0   22.5   23.0   23.5   24.0   24.5   25.0   25.5   26.0   26.5   27.0   27.5   28.0   28.5   29.0   29.5   30.0   30.5   31.0   31.5   32.0   32.5   33.0   33.5   34.0   34.5   35.0   35.5   36.0   36.5   37.0   37.5   38.0   38.5   39.0   39.5   40.0   40.5   41.0   41.5   42.0   42.5   43.0   43.5   44.0   44.5   45.0   45.5   46.0   46.5   47.0   47.5   48.0   48.5   49.0   49.5   50.0   50.5   51.0   51.5   52.0   52.5   53.0   53.5   54.0   54.5   55.0   
U23   0.04006207724189357   0.03703501714619513   0.03806990642023228   -0.009468848367067031   -0.035812525474115224   0.00018543199822892986   0.05009709220936998   -0.018423342887925413   0.07970593417524995   0.05867101947780646   0.023963340238899192   0.08464035724012209   0.011570109322282966   0.005272356800090696   -0.056765341457922745   0.03191122119948392   0.03289621009950351   -0.023529223487412747   0.08293446874949782   -0.021470860420256078   -0.020036092177961966   -0.054406882950736785   -0.03364266839665098   0.02697357185507468   -0.05229435476023426   -0.053546669786871996   0.010647035973541582   -0.05689434498303763   0.005251490603444189   -0.049996012202170446   -0.10488185456305449   0.04577445603757926   0.04222256922489501   0.05870935779004244   0.045456574348351174   0.002660230519647829   0.0727182225534968   -0.06334786286415184   0.08551499355631692   -0.0028286852242136217   0.06766633422859852   0.16821087994842715   0.2485423753149171   0.3430708891687823   0.5076257581418073   0.739755776224536   0.710651036762657   0.7679607518992652   1.0   0.5744089238471828   0.2406457075655262   0.6397549975348895   0.37080416384552   -0.4138694107618002   -0.5973019133897383   -0.3646399409654847   -0.3087567791652547   -0.14411634177008054   -0.018475987847273136   -0.11565187422973841   -0.14477719814317883   -0.23936324179793925   -0.036162244121654315   -0.167507534189176   -0.09336292084879792   -0.0800894034395522   -0.06933906087776416   -0.09800313905938046   0.03419285363887177   -0.06650499003372282   0.00716437336080902   -0.01758653455119725   -0.08355677629137746   0.06760073825822918   0.007655380913157077   0.06746002924215633   -0.009293885023036413   0.05115175219121927   0.03515559042826921   -0.009964266140208223   -0.03119726265535623   
T_sec   15.0   15.5   16.0   16.5   17.0   17.5   18.0   18.5   19.0   19.5   20.0   20.5   21.0   21.5   22.0   22.5   23.0   23.5   24.0   24.5   25.0   25.5   26.0   26.5   27.0   27.5   28.0   28.5   29.0   29.5   30.0   30.5   31.0   31.5   32.0   32.5   33.0   33.5   34.0   34.5   35.0   35.5   36.0   36.5   37.0   37.5   38.0   38.5   39.0   39.5   40.0   40.5   41.0   41.5   42.0   42.5   43.0   43.5   44.0   44.5   45.0   45.5   46.0   46.5   47.0   47.5   48.0   48.5   49.0   49.5   50.0   50.5   51.0   51.5   52.0   52.5   53.0   53.5   54.0   54.5   55.0   
U24   -0.1190628697171895   -0.03120311213431583   -0.06966399406887987   -0.06316751104201875   0.0022243661583742067   0.03494030209966666   -0.05830424673064828   0.017703924168149678   0.02158598252779425   0.002629550636472159   -0.038414043124958205   -0.0979197345200331   0.018548783650077148   -0.04626564168927974   -0.016353553254670954   0.05516208614603253   0.04221100792179874   0.05146478835054976   0.026501774163804767   0.02091225316377004   -0.0014639856738560778   0.0037884326697080963   -0.044161669873645656   -0.0654227923766278   -0.019171978200202597   -0.06542586378593421   0.005318988463122312   -0.04912763873812358   -0.06026116535004752   -0.016197024692360323   -0.022680692433163677   -0.08353649452846891   0.01907018941120286   0.06001557930391503   0.04460974047131365   -0.06859438662178283   0.07135460896426009   0.017353828334620437   -0.004645822377631764   0.02521192975311754   0.1137231602074251   0.4356565204924367   0.3835654881123825   0.5434695450902022   0.8258686461350514   0.8644614204284559   1.0   0.9521623449101386   0.07382979873556544   -0.1811767864484726   0.31421753486032017   0.5444986842047504   0.539638391625342   -0.3939546672552033   -0.5617625430436156   -0.46657971889151223   -0.11546719303235094   -0.06388614761775005   -0.10926033149908575   -0.16577036902449546   -0.21454385035963616   -0.14640514663007942   -0.02822766543878515   -0.07947062126444952   -0.13441153813573822   -0.17890747023652015   -0.07832863779531501   -0.17897047793166682   0.021258799803092938   -0.02340041166075573   -0.15219040170997786   -0.12589147961938496   -0.055019648762498916   0.03324170940035306   -0.09723259648011773   -0.09260943244909133   -0.037588883215134004   0.08955713010330417   -0.020467574849469847   -0.0772680799122259   -0.05436013359889417   
T_sec   15.0   15.5   16.0   16.5   17.0   17.5   18.0   18.5   19.0   19.5   20.0   20.5   21.0   21.5   22.0   22.5   23.0   23.5   24.0   24.5   25.0   25.5   26.0   26.5   27.0   27.5   28.0   28.5   29.0   29.5   30.0   30.5   31.0   31.5   32.0   32.5   33.0   33.5   34.0   34.5   35.0   35.5   36.0   36.5   37.0   37.5   38.0   38.5   39.0   39.5   40.0   40.5   41.0   41.5   42.0   42.5   43.0   43.5   44.0   44.5   45.0   45.5   46.0   46.5   47.0   47.5   48.0   48.5   49.0   49.5   50.0   50.5   51.0   51.5   52.0   52.5   53.0   53.5   54.0   54.5   55.0   
U25   0.06468707255030984   -0.05440735132714761   0.005614684132145552   -0.08437545055335238   -0.021547588629290737   -0.08648032845311922   0.07692433419004718   -0.005981721535614469   -0.018952154598920804   0.03190607174659648   -0.012848443233361283   0.07537659509254474   0.030961245831490517   0.028870814298375312   0.07319457555916835   -0.08912274927274613   -0.0015492111307799847   0.08029577440286743   0.07665158518014045   0.09843624377533655   -0.010311388572261892   0.057244720438482076   0.02724104472146776   0.051154076579795905   -0.08265745786054042   0.04129686987525578   -0.03959400032048265   -0.00237408843919405   -0.10715561259550654   -0.004593450982931955   0.05285739825938216   -0.0117710876506874   0.0066949050647491576   -0.06064792002273313   -0.006825156033966246   0.0311122193185677   0.05141101553021949   -0.050764689355642455   0.08818981636423914   0.14334237987059173   0.2314617470054786   0.30252196099504686   0.5741147921406798   0.7614237392681038   1.0   0.7338753738138645   -0.2552663409562529   -0.1819347956040209   0.017831194799783744   0.2557988919796229   0.3347665445123484   0.6421001770256557   0.4275618110734883   -0.3409701224867739   -0.4320735961297374   -0.28658681418506987   -0.15673003298794436   -0.06773442011077628   -0.10458243096983597   -0.1671647109004426   -0.21743033167005116   -0.1795313339544106   -0.12348107900961526   -0.03506625790525013   -0.13719844501476877   -0.05669389674048173   -0.0649786621209903   -0.044279070883020404   -0.09057147137756325   -0.03165458474679071   0.07903289209330268   -0.07967523170576508   0.023963579752060846   0.005899808585392213   0.10756209756427258   0.006570832187854233   0.003676572605154042   0.025859459024800975   -0.14014851293680922   -0.09800374904787452   -0.03950087900777476   
T_sec   15.0   15.5   16.0   16.5   17.0   17.5   18.0   18.5   19.0   19.5   20.0   20.5   21.0   21.5   22.0   22.5   23.0   23.5   24.0   24.5   25.0   25.5   26.0   26.5   27.0   27.5   28.0   28.5   29.0   29.5   30.0   30.5   31.0   31.5   32.0   32.5   33.0   33.5   34.0   34.5   35.0   35.5   36.0   36.5   37.0   37.5   38.0   38.5   39.0   39.5   40.0   40.5   41.0   41.5   42.0   42.5   43.0   43.5   44.0   44.5   45.0   45.5   46.0   46.5   47.0   47.5   48.0   48.5   49.0   49.5   50.0   50.5   51.0   51.5   52.0   52.5   53.0   53.5   54.0   54.5   55.0   
U26   0   0   0   0   0   0   0   0   0   0   0   0   0   0   0   0   0   0   0   0   0   0   0   0   0   0   0   0   0   0   0   0   0   0   0   0   0   0   0   0   0   0   0   0   0   0   0   0   0   0   0   0   0   0   0   0   0   0   0   0   0   0   0   0   0   0   0   0   0   0   0   0   0   0   0   0   0   0   0   0   0   
T_sec   15.0   15.5   16.0   16.5   17.0   17.5   18.0   18.5   19.0   19.5   20.0   20.5   21.0   21.5   22.0   22.5   23.0   23.5   24.0   24.5   25.0   25.5   26.0   26.5   27.0   27.5   28.0   28.5   29.0   29.5   30.0   30.5   31.0   31.5   32.0   32.5   33.0   33.5   34.0   34.5   35.0   35.5   36.0   36.5   37.0   37.5   38.0   38.5   39.0   39.5   40.0   40.5   41.0   41.5   42.0   42.5   43.0   43.5   44.0   44.5   45.0   45.5   46.0   46.5   47.0   47.5   48.0   48.5   49.0   49.5   50.0   50.5   51.0   51.5   52.0   52.5   53.0   53.5   54.0   54.5   55.0   
U27   -0.024541992592561485   -0.0704638007912031   0.09571395143266838   -0.07423016363178574   0.003162702567483223   -0.006154324520795568   0.04444768542302055   0.03992857330903959   0.002586193076725105   0.0034716847546153655   -0.11961582361292389   -0.06875631433024701   -0.06124933561406334   -0.04065973357835071   -0.03354964588813259   0.00463898044816034   -0.06956198031585205   -0.002540255793680433   0.045088846418160834   0.03482857385531039   -0.0012225797196360189   0.026544715674207152   0.018215948331185526   -0.015295368274388479   0.009245901165896473   -0.08874613338661849   -0.015855979497185826   0.00014217403553877734   -0.007132743910856639   -0.030975190983391444   0.0031198109781649793   0.13103029122361198   -0.01848280951400185   -0.033182788246738544   0.10959930587258199   0.02232461610336272   0.06238276513611373   0.143278798001369   0.10197536661740049   0.26634249715754066   0.5194387608120448   0.6028615939976751   1.0   0.7268195498923842   -0.24203770452853013   -0.23501119829836553   -0.05192240703166121   0.13677197874411198   0.146240050147903   0.19442363710886146   0.33110487101685726   0.34007757025414315   0.30028349567240553   -0.20308131366008159   -0.40001516524318914   -0.2672638364291491   -0.13194377346766756   0.004747086986448965   -0.18435496675942817   -0.1561939617066318   -0.11205395843856124   -0.048695176232610146   -0.03634265444454849   -0.002794788013394726   0.01980203656128409   0.010002094397808959   -0.019265633752706755   -0.027057614002260613   -0.10454844770280239   0.05531587919698787   0.01836564350638004   -0.03662679167983744   0.08822308961351073   0.09707090329803404   0.0488459818686861   0.0016279835519015335   0.03678844331397856   -0.03860958735949082   -0.047538468913836375   -0.059567689251210865   0.050396674484035335   
T_sec   15.0   15.5   16.0   16.5   17.0   17.5   18.0   18.5   19.0   19.5   20.0   20.5   21.0   21.5   22.0   22.5   23.0   23.5   24.0   24.5   25.0   25.5   26.0   26.5   27.0   27.5   28.0   28.5   29.0   29.5   30.0   30.5   31.0   31.5   32.0   32.5   33.0   33.5   34.0   34.5   35.0   35.5   36.0   36.5   37.0   37.5   38.0   38.5   39.0   39.5   40.0   40.5   41.0   41.5   42.0   42.5   43.0   43.5   44.0   44.5   45.0   45.5   46.0   46.5   47.0   47.5   48.0   48.5   49.0   49.5   50.0   50.5   51.0   51.5   52.0   52.5   53.0   53.5   54.0   54.5   55.0   
U28   0.06722163077223944   0.12107422609605986   -0.011790705397711302   -0.03440693894279586   0.010283687104003913   -0.021499472248264873   0.05045307014936542   0.047435866033566615   0.07646558163835868   -0.00866921729275599   0.05595940082937305   0.013898376083920668   -0.09187452554442921   -0.03217197683590513   0.017810507668005477   -0.010488174258191419   0.00020441128554074572   0.03962240530115827   -0.008048769982364033   -0.030452470778010516   0.11131944898842615   0.046376033891949664   -0.000945750732711278   -0.008580484834504406   0.05494711117520236   0.0959884278033217   -0.02375749322681312   0.018399407124013334   -0.0013315237078517024   0.0064909416604558   -0.08233191631042958   0.04664616542814259   -0.056673071079279456   0.05540313723256983   0.0525093357629916   -0.011743253143400096   0.015106925717145595   0.1223742451328522   0.1971908937097532   0.4101998373049208   0.8899385004996653   1.0   -0.0784059963053417   -0.3098549300404914   0.008196697435364261   0.06213512705998367   0.13165951614390187   0.15397380999909238   0.15282545889856275   0.16882875223937097   0.14740518902525895   0.13884345843756513   0.26255396562487787   -0.18075098992584568   -0.36801007794235374   -0.18625914680776887   -0.09536005871903216   -0.1406614011054693   -0.12356114718914527   -0.12661581015363882   -0.11157319474831863   -0.08499606332530643   0.05024711890415165   0.007954601862567953   -0.06938678992278036   -0.04873336739818073   -0.042308242841051835   -0.07494423197536824   -0.058392494870324545   -0.07637840201712055   0.01619402144479526   0.13878113770686967   0.11732021928934856   0.037652598470352135   0.014283164588049855   0.10010359530988994   -0.02063701603464951   -0.04004947461667007   -0.04406517078161272   -0.008812227932827375   0.019643544335542492   
T_sec   15.0   15.5   16.0   16.5   17.0   17.5   18.0   18.5   19.0   19.5   20.0   20.5   21.0   21.5   22.0   22.5   23.0   23.5   24.0   24.5   25.0   25.5   26.0   26.5   27.0   27.5   28.0   28.5   29.0   29.5   30.0   30.5   31.0   31.5   32.0   32.5   33.0   33.5   34.0   34.5   35.0   35.5   36.0   36.5   37.0   37.5   38.0   38.5   39.0   39.5   40.0   40.5   41.0   41.5   42.0   42.5   43.0   43.5   44.0   44.5   45.0   45.5   46.0   46.5   47.0   47.5   48.0   48.5   49.0   49.5   50.0   50.5   51.0   51.5   52.0   52.5   53.0   53.5   54.0   54.5   55.0   
U29   0   0   0   0   0   0   0   0   0   0   0   0   0   0   0   0   0   0   0   0   0   0   0   0   0   0   0   0   0   0   0   0   0   0   0   0   0   0   0   0   0   0   0   0   0   0   0   0   0   0   0   0   0   0   0   0   0   0   0   0   0   0   0   0   0   0   0   0   0   0   0   0   0   0   0   0   0   0   0   0   0   
T_sec   15.0   15.5   16.0   16.5   17.0   17.5   18.0   18.5   19.0   19.5   20.0   20.5   21.0   21.5   22.0   22.5   23.0   23.5   24.0   24.5   25.0   25.5   26.0   26.5   27.0   27.5   28.0   28.5   29.0   29.5   30.0   30.5   31.0   31.5   32.0   32.5   33.0   33.5   34.0   34.5   35.0   35.5   36.0   36.5   37.0   37.5   38.0   38.5   39.0   39.5   40.0   40.5   41.0   41.5   42.0   42.5   43.0   43.5   44.0   44.5   45.0   45.5   46.0   46.5   47.0   47.5   48.0   48.5   49.0   49.5   50.0   50.5   51.0   51.5   52.0   52.5   53.0   53.5   54.0   54.5   55.0   
U30   -0.031891992435399606   -0.09244214313668563   0.04765750362604494   -0.033218427116638305   -0.034655206795322906   -0.007239717970506879   0.010564136879359176   0.04550207234065983   -0.027515544949022697   0.042724878745699524   0.013471679214174683   -0.08221354868709238   0.027279675898822065   0.004453253260606212   -0.02663729365103802   0.12435595133722464   -0.029271072305364215   -0.010224902864201503   0.04446920108112856   -0.010618659822947702   0.05258985977284804   0.04080788091769683   -0.017831176952943395   0.007816064479849063   -0.07032375283324252   0.02663633285978255   -0.03697699178593932   0.052146725796510196   -0.021782421003286104   -0.03817247788057274   0.013462740511073797   0.026859921549613062   0.10798804586225867   0.07655168450505875   0.1658480347683248   0.039359598940944235   0.33009209503010467   0.5689170140702584   1.0   0.4665694504856966   -0.30072211912850033   -0.11210279432227989   0.048288235440921735   0.03375914866291184   0.19157966941968813   0.08369540238992085   0.00588529942574184   0.06308960469513   0.06941367354658533   0.04138241200832508   0.11196183765555073   0.19480885034587433   0.23134564801758284   -0.2666835786404089   -0.32410038310416456   -0.2131255758906873   -0.11224260622680801   -0.15385898827777766   -0.09922231568649885   0.019593196121522233   0.03595422999837589   -0.061526898062388834   -0.05794591163184909   0.039548722855236355   0.08256033336527756   -0.030481767080275356   -0.070539028701417   -0.0576678658076127   -0.0005679189071096715   0.11199629853430057   0.05751283855080005   0.031474771159761133   0.04876910441610081   -0.0034705301707228034   0.08747015803694791   0.0593738847837327   0.06799963974139668   0.03224500820876165   0.060446628227048924   0.05342751373752874   0.001782750520664448   
T_sec   15.0   15.5   16.0   16.5   17.0   17.5   18.0   18.5   19.0   19.5   20.0   20.5   21.0   21.5   22.0   22.5   23.0   23.5   24.0   24.5   25.0   25.5   26.0   26.5   27.0   27.5   28.0   28.5   29.0   29.5   30.0   30.5   31.0   31.5   32.0   32.5   33.0   33.5   34.0   34.5   35.0   35.5   36.0   36.5   37.0   37.5   38.0   38.5   39.0   39.5   40.0   40.5   41.0   41.5   42.0   42.5   43.0   43.5   44.0   44.5   45.0   45.5   46.0   46.5   47.0   47.5   48.0   48.5   49.0   49.5   50.0   50.5   51.0   51.5   52.0   52.5   53.0   53.5   54.0   54.5   55.0   
U31   -0.031520835209379594   -0.051907199113175546   -0.06701068888544724   0.062463612322360834   -0.014781590016641451   -0.022699839165978255   -0.02344610592204663   0.006739791146419842   0.022731018992641332   0.003645975926514745   0.1677431139645791   0.03903584649245871   -0.05481639199063233   -0.013438636066969909   0.020231019975205905   0.057928143834471986   0.035711112641491925   -0.06571851976428382   -0.012432876075616878   0.0059208009867120935   -0.04213856503708005   -0.029281933982039474   0.016858899588142212   0.00866958112750805   0.014799671740595611   -0.06356002479906966   0.04932058735614439   -0.04320217366254068   0.02911761819840049   0.03677114139062828   0.07563975369719414   0.0020623224819390283   -0.03203463455376988   0.05310570149516686   0.2112811196275681   0.32452848269745266   1.0   0.76729520547515   -0.2682257541576029   -0.03249379290972688   0.03821076861598342   0.10883579998178439   0.044143385470526236   0.16181765321811586   0.0205027713281288   -0.06512181387704118   0.0508187178349682   0.003292628776468352   0.0007780541502113653   0.07364641581044784   0.053234370917772285   0.21034902622494916   0.20590786104849532   -0.27921231450702816   -0.41374771284058043   -0.03902406555639228   -0.17088089812108162   -0.06370492068879553   0.05063213119366428   0.0756006916522936   -0.02813184127177014   -0.015556463436148582   -0.025313238935351277   -0.039237628203167466   -0.06367034741294551   -0.021113929426957584   -0.07262860427315726   0.1843822256518882   -0.05408766637706952   -0.025081880732518852   0.04208332387590583   0.04043958525897771   0.06620790283325337   0.15344255996863737   0.07152621369568139   0.03100513052657165   -0.015921540634919632   0.12264785196372414   0.020348168634825425   -0.0371512667955803   -0.02232262425028535   
T_sec   15.0   15.5   16.0   16.5   17.0   17.5   18.0   18.5   19.0   19.5   20.0   20.5   21.0   21.5   22.0   22.5   23.0   23.5   24.0   24.5   25.0   25.5   26.0   26.5   27.0   27.5   28.0   28.5   29.0   29.5   30.0   30.5   31.0   31.5   32.0   32.5   33.0   33.5   34.0   34.5   35.0   35.5   36.0   36.5   37.0   37.5   38.0   38.5   39.0   39.5   40.0   40.5   41.0   41.5   42.0   42.5   43.0   43.5   44.0   44.5   45.0   45.5   46.0   46.5   47.0   47.5   48.0   48.5   49.0   49.5   50.0   50.5   51.0   51.5   52.0   52.5   53.0   53.5   54.0   54.5   55.0   
U32   0.10903148967309545   -0.014994370902245738   0.01355474279547478   -0.0004365900915381882   0.02393029622116212   0.06789544775232077   -0.09015838838458799   -0.011643211618466195   0.012736655208777979   -0.057855888915093016   -0.08499019982198278   0.027440679762446893   0.05660776655639468   -0.076149969937055   -0.046315288453222934   -0.015239469688541752   0.08777291391582547   0.040718566363358424   0.128941744507689   -0.040737237231292925   0.0493973987472604   -0.021498054448133574   0.0018954734085096063   0.01333542412023832   0.01841837909668294   0.07000368951656685   0.0776033922981702   0.09810740248609652   -0.02331093222901918   0.009690939247052548   0.046372395532007296   0.06164531135354786   0.05116939106900004   0.08890590478020262   0.5606574769430165   0.9369798108977809   1.0   0.0015513108406054426   -0.22155711647506648   0.07567513780004564   0.07113787092747549   0.1374703761906085   0.13815845141109845   -0.033507501733691006   0.029700141769995376   0.09603273274704112   0.047214875243137   -0.004332546322169554   0.029939685775731476   0.09828112350451132   0.10655871650831832   0.10981916069941652   0.15429896044770694   -0.2782600920067254   -0.4513574716734574   -0.18654376450342725   -0.14974695816675349   -0.06198662493369152   0.036955891815113905   -0.025992860352938577   0.03415251690131855   -0.015481068711192836   -0.0577296215342662   -0.031201992779268935   -0.1324721786291774   -0.0389893235381492   0.11486875441942673   0.1106590044038595   -0.05451913496586551   -0.09510299394361213   -0.06339868830635963   0.022488841332516177   0.053287305266082406   0.055782349157143925   0.11715743380798933   0.019524596019848347   0.1015013232957143   0.027512623371570715   -0.020285475116725196   -0.013721230324314559   0.03219211513701857   
T_sec   15.0   15.5   16.0   16.5   17.0   17.5   18.0   18.5   19.0   19.5   20.0   20.5   21.0   21.5   22.0   22.5   23.0   23.5   24.0   24.5   25.0   25.5   26.0   26.5   27.0   27.5   28.0   28.5   29.0   29.5   30.0   30.5   31.0   31.5   32.0   32.5   33.0   33.5   34.0   34.5   35.0   35.5   36.0   36.5   37.0   37.5   38.0   38.5   39.0   39.5   40.0   40.5   41.0   41.5   42.0   42.5   43.0   43.5   44.0   44.5   45.0   45.5   46.0   46.5   47.0   47.5   48.0   48.5   49.0   49.5   50.0   50.5   51.0   51.5   52.0   52.5   53.0   53.5   54.0   54.5   55.0   
U33   0.01886246483839955   -0.0418646785652698   -0.044172007065446134   -0.046094218870756966   0.06121417862488359   -0.014457777035799107   -0.026172371109556076   -0.001971617645190921   0.05799692526142505   -0.11978793471681716   -0.03709593486909538   -0.017441853058995396   -0.10535045041114746   0.04593483403710258   0.02038720570905829   -0.057923392607791314   0.004989313025155789   0.028922431918140194   0.007531094447044697   0.02791699119977927   -0.042056845646626276   -0.023496385116994197   0.04915466565319571   -0.03184712920818196   0.04044116896052864   -0.024176175977420895   0.022374031627817356   0.07585526038619474   -0.03196546237438128   -0.013170888226842486   0.014305049250483991   0.14635693979492828   0.28952502674295577   0.470061987372388   1.0   0.3988765770266006   -0.21717161330012816   0.012829650059251352   0.04177029102026037   0.13672250351553886   0.054756270479066546   0.02701168167173966   0.017352234979380557   0.042771762508723256   0.10354046269918489   0.0907097614265822   0.030414872763601022   -0.03137399444887592   0.032571043256776164   -0.003728883288782291   -0.07001262425785992   0.009412012712151753   0.07016481136071973   -0.10704867436256597   -0.3199344942535561   -0.18561383717752433   0.03691388812965957   -0.031665673897702806   0.032045060782663184   0.08799276271202315   -0.007430699284955192   0.0014226347552647655   -0.0335992664181599   -0.057983793676534244   0.044551038163540266   0.08456484172753781   0.03195461358099873   -0.01887053728322539   0.037063023576473716   -0.06503946245074463   -0.033582778077945595   -0.07908810300519942   0.054989215297789655   0.0168876894747408   0.01453618830158506   0.03602071875132774   -0.0064631567438757035   0.06295792828018293   0.031017309874523988   -0.03811851271159461   -0.012601493891928288   
T_sec   15.0   15.5   16.0   16.5   17.0   17.5   18.0   18.5   19.0   19.5   20.0   20.5   21.0   21.5   22.0   22.5   23.0   23.5   24.0   24.5   25.0   25.5   26.0   26.5   27.0   27.5   28.0   28.5   29.0   29.5   30.0   30.5   31.0   31.5   32.0   32.5   33.0   33.5   34.0   34.5   35.0   35.5   36.0   36.5   37.0   37.5   38.0   38.5   39.0   39.5   40.0   40.5   41.0   41.5   42.0   42.5   43.0   43.5   44.0   44.5   45.0   45.5   46.0   46.5   47.0   47.5   48.0   48.5   49.0   49.5   50.0   50.5   51.0   51.5   52.0   52.5   53.0   53.5   54.0   54.5   55.0   
U34   -0.0028867315630814704   0.02041440791291941   -0.06218278896823428   0.005986730968792603   -0.009386103994064306   -0.04017499680991462   0.05311511125853089   0.10550628395311396   0.050838630191004736   0.00719275702439844   -0.08654331252038262   -0.022959337446062072   0.01125394066788767   -0.02709111703058018   0.10748161737367054   0.01584647017124902   -0.06397640598852578   0.043887094988879154   -0.022975688480298257   -0.03557923704479009   -0.05254117577934525   0.0069549040201283855   0.009738417213776938   -0.04300130530655575   0.008498603466692428   0.024589186118694588   0.07706495137382471   -0.03689414266028671   0.062066324708671676   0.06786685455389822   0.09937810401000162   0.33479327585867125   0.7995607616377965   1.0   0.3769034530251854   -0.07662422083152072   0.0646836046358131   0.13035659934557303   0.10622539540502317   0.12159372667914264   0.07525514744652492   -0.0028274103876793594   0.11404317232225988   0.06996779827794136   0.13548681991169342   0.021185636006867056   0.06527752626816537   0.09769510784549754   0.033572829476603214   0.018740032331646665   0.09775123678324657   0.07104277729461723   0.12416581690221629   -0.18520080976931766   -0.417286450104414   -0.11348777347717583   -0.08887047632097395   0.011697279189514609   0.034016124023123186   0.20792773193943473   0.04733700846168772   -0.06054129557999463   -0.02520177412847779   0.15413459280293573   0.07452615082131721   0.07182441348019185   -0.03285051449515307   -0.03424404264233883   -0.06269974482513956   0.00967786805148647   -0.10346185057561137   -0.09582829090988296   0.019890294032354126   0.12634012640559966   0.07898130755522106   0.061166746432407625   -0.046285702434194914   -0.07824557758092035   -0.020282896030543243   0.00042715217528447653   0.0631743822187766   
T_sec   15.0   15.5   16.0   16.5   17.0   17.5   18.0   18.5   19.0   19.5   20.0   20.5   21.0   21.5   22.0   22.5   23.0   23.5   24.0   24.5   25.0   25.5   26.0   26.5   27.0   27.5   28.0   28.5   29.0   29.5   30.0   30.5   31.0   31.5   32.0   32.5   33.0   33.5   34.0   34.5   35.0   35.5   36.0   36.5   37.0   37.5   38.0   38.5   39.0   39.5   40.0   40.5   41.0   41.5   42.0   42.5   43.0   43.5   44.0   44.5   45.0   45.5   46.0   46.5   47.0   47.5   48.0   48.5   49.0   49.5   50.0   50.5   51.0   51.5   52.0   52.5   53.0   53.5   54.0   54.5   55.0   
U35   0   0   0   0   0   0   0   0   0   0   0   0   0   0   0   0   0   0   0   0   0   0   0   0   0   0   0   0   0   0   0   0   0   0   0   0   0   0   0   0   0   0   0   0   0   0   0   0   0   0   0   0   0   0   0   0   0   0   0   0   0   0   0   0   0   0   0   0   0   0   0   0   0   0   0   0   0   0   0   0   0   
T_sec   15.0   15.5   16.0   16.5   17.0   17.5   18.0   18.5   19.0   19.5   20.0   20.5   21.0   21.5   22.0   22.5   23.0   23.5   24.0   24.5   25.0   25.5   26.0   26.5   27.0   27.5   28.0   28.5   29.0   29.5   30.0   30.5   31.0   31.5   32.0   32.5   33.0   33.5   34.0   34.5   35.0   35.5   36.0   36.5   37.0   37.5   38.0   38.5   39.0   39.5   40.0   40.5   41.0   41.5   42.0   42.5   43.0   43.5   44.0   44.5   45.0   45.5   46.0   46.5   47.0   47.5   48.0   48.5   49.0   49.5   50.0   50.5   51.0   51.5   52.0   52.5   53.0   53.5   54.0   54.5   55.0   
U36   0.07191060921227316   -0.072032428930983   0.053960724519904725   0.055757665154164665   -0.08789564235158875   0.13702971991307836   -0.0018262447007013575   -0.00014024345848383436   0.045547600370457846   0.05354800655573496   0.020085667123422427   0.014501409053786954   -0.03597085042536043   0.11189176737878898   -0.013398446877057883   0.02853426927191396   -0.03338446740003702   -0.02978754300508965   0.00393436097813597   -0.005818386723058205   0.04043568402967957   -0.029630976195138704   -0.044066983104511716   -0.00953451116856357   0.03723196129055398   0.0486548884266114   0.18882154964046197   0.40977072308596274   0.709249009968356   0.8997562825948971   1.0   0.30247115094150373   0.09859044349646359   0.22154642700163218   0.08563517675717199   0.11903617484782585   0.002936728754714994   0.05254342806048516   -0.004264488800566111   0.023527849198432413   0.141247002167843   0.15623504710154154   0.07208432410536829   0.09323637583282224   0.07846169069962004   0.012886405882962124   0.061513954904564516   -0.05451037522306456   -0.027873674326418265   -0.050659209280824506   -0.008936014268293593   0.09323900767842476   0.16673105133108698   -0.19648256002812003   -0.42783094324717125   -0.2388146080975518   -0.1344895282473652   0.016978195323955527   -0.007786190110087726   -0.0027524377491593703   0.08716883164951322   0.10734493379939387   0.17220938812268366   0.07479344559066918   0.03512179864575036   0.057414438133226504   -0.12613116179779196   0.009735999459422471   -0.026350118042132314   -0.0019999951062495557   0.022698815043446303   0.08467790243478922   0.03963003976433478   0.11838109557022305   0.10924464210807774   0.0072391331833564125   -0.038255324730951897   0.01488074603789856   -0.0884060141565376   -0.038993538886420306   -0.1592267057516103   
T_sec   15.0   15.5   16.0   16.5   17.0   17.5   18.0   18.5   19.0   19.5   20.0   20.5   21.0   21.5   22.0   22.5   23.0   23.5   24.0   24.5   25.0   25.5   26.0   26.5   27.0   27.5   28.0   28.5   29.0   29.5   30.0   30.5   31.0   31.5   32.0   32.5   33.0   33.5   34.0   34.5   35.0   35.5   36.0   36.5   37.0   37.5   38.0   38.5   39.0   39.5   40.0   40.5   41.0   41.5   42.0   42.5   43.0   43.5   44.0   44.5   45.0   45.5   46.0   46.5   47.0   47.5   48.0   48.5   49.0   49.5   50.0   50.5   51.0   51.5   52.0   52.5   53.0   53.5   54.0   54.5   55.0   
U37   -0.06911669099146829   -0.038338095805281955   -0.00899221490216613   -0.04297914950962996   0.015812397721889995   0.03742074880052924   0.007034399558768838   -0.0002963700945040851   0.025343457010228426   0.053990297703126036   -0.041882497605772916   0.09603304525298098   -0.01178034653550144   -0.005748127893140312   0.0428291446560231   -0.05699542710261741   0.10838825778666492   -0.02344868338509241   -0.018538196087506377   0.0032487092414728758   0.046004539495819015   0.01095795102306595   0.12068268233248738   0.026056882525564908   0.11845063702128639   0.19059880936294243   0.44559201241083546   0.6515436983542573   0.8873650445751957   1.0   0.40173893511039965   0.256419973532714   0.13111194109519428   0.10006112151200675   0.13016741203518967   -0.037277585788162204   -0.09069447551832516   -0.06479133144866436   0.03597571981890132   0.016822259274511347   0.12150851974549969   0.15366427426627413   0.06824520505912107   0.15125406347504985   0.07658627343819098   0.08370890363756217   0.0001857919465635591   0.04387785321471794   0.092971902096173   -0.0311040378432108   0.024189712042730863   -0.009176503149172007   0.1440485751928542   -0.05246318476930059   -0.38345592324014854   -0.1452455085756657   -0.05024843162595921   0.029014611571703368   0.11695342190694624   0.17360833329418524   0.2215265411131247   0.07516456065552939   0.042600263762018795   0.08903562190719305   -0.025707410651766672   -0.020776667831003487   0.049286958954229035   -0.0037420275773098043   -0.024409293208992905   -0.01700694683687546   -0.04600040265272778   0.02801725442311171   -0.051867779007773465   0.106025566810934   0.0049708326628264314   -0.008335318067947113   0.0026489550005567683   0.038155402332793784   0.01829719975430185   0.06469922523680981   -0.098241972843898   
T_sec   15.0   15.5   16.0   16.5   17.0   17.5   18.0   18.5   19.0   19.5   20.0   20.5   21.0   21.5   22.0   22.5   23.0   23.5   24.0   24.5   25.0   25.5   26.0   26.5   27.0   27.5   28.0   28.5   29.0   29.5   30.0   30.5   31.0   31.5   32.0   32.5   33.0   33.5   34.0   34.5   35.0   35.5   36.0   36.5   37.0   37.5   38.0   38.5   39.0   39.5   40.0   40.5   41.0   41.5   42.0   42.5   43.0   43.5   44.0   44.5   45.0   45.5   46.0   46.5   47.0   47.5   48.0   48.5   49.0   49.5   50.0   50.5   51.0   51.5   52.0   52.5   53.0   53.5   54.0   54.5   55.0   
U38   0   0   0   0   0   0   0   0   0   0   0   0   0   0   0   0   0   0   0   0   0   0   0   0   0   0   0   0   0   0   0   0   0   0   0   0   0   0   0   0   0   0   0   0   0   0   0   0   0   0   0   0   0   0   0   0   0   0   0   0   0   0   0   0   0   0   0   0   0   0   0   0   0   0   0   0   0   0   0   0   0   
T_sec   15.0   15.5   16.0   16.5   17.0   17.5   18.0   18.5   19.0   19.5   20.0   20.5   21.0   21.5   22.0   22.5   23.0   23.5   24.0   24.5   25.0   25.5   26.0   26.5   27.0   27.5   28.0   28.5   29.0   29.5   30.0   30.5   31.0   31.5   32.0   32.5   33.0   33.5   34.0   34.5   35.0   35.5   36.0   36.5   37.0   37.5   38.0   38.5   39.0   39.5   40.0   40.5   41.0   41.5   42.0   42.5   43.0   43.5   44.0   44.5   45.0   45.5   46.0   46.5   47.0   47.5   48.0   48.5   49.0   49.5   50.0   50.5   51.0   51.5   52.0   52.5   53.0   53.5   54.0   54.5   55.0   
U39   0   0   0   0   0   0   0   0   0   0   0   0   0   0   0   0   0   0   0   0   0   0   0   0   0   0   0   0   0   0   0   0   0   0   0   0   0   0   0   0   0   0   0   0   0   0   0   0   0   0   0   0   0   0   0   0   0   0   0   0   0   0   0   0   0   0   0   0   0   0   0   0   0   0   0   0   0   0   0   0   0   
T_sec   15.0   15.5   16.0   16.5   17.0   17.5   18.0   18.5   19.0   19.5   20.0   20.5   21.0   21.5   22.0   22.5   23.0   23.5   24.0   24.5   25.0   25.5   26.0   26.5   27.0   27.5   28.0   28.5   29.0   29.5   30.0   30.5   31.0   31.5   32.0   32.5   33.0   33.5   34.0   34.5   35.0   35.5   36.0   36.5   37.0   37.5   38.0   38.5   39.0   39.5   40.0   40.5   41.0   41.5   42.0   42.5   43.0   43.5   44.0   44.5   45.0   45.5   46.0   46.5   47.0   47.5   48.0   48.5   49.0   49.5   50.0   50.5   51.0   51.5   52.0   52.5   53.0   53.5   54.0   54.5   55.0   
U40   -0.04901206815538885   -0.03370830573961441   0.019520783956027264   -0.007133404640702832   0.030437254385191174   -0.028303117595247514   0.00876483874628666   0.028764324222408225   -0.09482328271255355   -0.01630159420216019   0.10991115572116766   0.06985679714853725   0.06237526283904036   -0.006839236182125969   0.07569453979416475   0.03759199425378886   0.005763228615089283   0.07584786446831082   0.09202411998079921   0.06069406207400481   -0.0252089089758205   0.2317995151123559   0.3493960539473219   0.3762699074704868   0.5715509951096435   0.9205935925919162   1.0   0.5047645509160642   0.17197984816365633   0.011967166296729243   -0.03404739986193038   0.0022302752713846516   0.03451440568518276   -0.05423658505318125   -0.04892002927242201   0.05580008326009846   0.07052742841935504   0.04303402431579258   0.11145485518652208   0.05388390710291096   0.005135411182164345   0.042318946278917045   -0.0007712695552490637   -0.029683002821440117   0.012905478044789153   0.007027732133156565   -0.00738065718427267   -0.027385751423395503   0.0006105505678054377   0.003947183599301567   -0.03402749280830474   0.09962170893121985   0.1273496502748903   0.032176790840287975   -0.2103556410751999   -0.14891809608396814   0.012841885723767994   0.18779517074141525   0.10172151831239067   0.052283414255763445   0.113361905055648   -0.11669570470056949   0.08960621962604552   0.00909417186017107   0.09611096434745005   0.017475683123816695   0.018746167474988362   -0.014344512597619282   -0.033814759663669244   -0.0529369907435371   -0.04312154994453557   0.015637617321046973   0.03510910458895352   0.02561220878552547   0.10348565254915228   -0.0012033587384018547   0.037335500077149385   0.029545855752946302   0.0024869528060972776   0.06577939302656172   0.053615826158952926   
sta_location:9.954407470807796,10.195376934105745,10.88763805139088,11.117428274821942,11.78168189571699,12.230373802586398,12.778226081389567,13.167069673597041,13.620212331284934,14.286174744506354,14.777752527750511,15.035098038965724,15.777376679288109,16.48764769092482,16.72186242550011,17.144221079823968,17.852370540865287,18.068475314900265,18.974232239443054,19.35416230828825,19.734845969624065,20.053247221560966,20.57289999505593,21.189559402790703,21.653692599945142,22.35840578846509,22.615598987053886,23.06145087337591,23.660425879008784,24.435498736633942,24.528702876426248,25.203370860454857,25.51645326142569,26.10543304385085,26.56432409230029,27.232059085455116,27.959527316300836,28.458293798242742,28.837991249181684,29.39892652460477,29.730360031458652,
rebuild_index:0,1,2,3,4,5,6,7,8,9,10,11,12,13,14,15,16,17,18,19,20,21,22,23,24,25,26,27,28,29,30,31,32,33,34,35,36,37,38,39,40,
use_index:0,2,3,5,6,7,9,10,12,14,15,16,17,18,19,20,21,22,23,24,25,27,28,30,31,32,33,34,36,37,40,
rebuild_locdata:9.954407470807796,10.25,10.88763805139088,11.117428274821942,11.75,12.230373802586398,12.778226081389567,13.167069673597041,13.75,14.286174744506354,14.777752527750511,15.25,15.777376679288109,16.25,16.72186242550011,17.144221079823968,17.852370540865287,18.068475314900265,18.974232239443054,19.35416230828825,19.734845969624065,20.053247221560966,20.57289999505593,21.189559402790703,21.653692599945142,22.35840578846509,22.75,23.06145087337591,23.660425879008784,24.25,24.528702876426248,25.203370860454857,25.51645326142569,26.10543304385085,26.56432409230029,27.25,27.959527316300836,28.458293798242742,28.75,29.25,29.730360031458652,
cut_start_time:15.0---cut_windows:40.0---reduction_v:10.0---move_time_window_all:0.0
move_time_window:0.0,0.0,0.0,0.0,0.0,0.0,0.0,0.0,0.0,0.0,0.0,0.0,0.0,0.0,0.0,0.0,0.0,0.0,0.0,0.0,0.0,0.0,0.0,0.0,0.0,0.0,0.0,0.0,0.0,0.0,0.0,0.0,0.0,0.0,0.0,0.0,0.0,0.0,0.0,0.0,0.0,
sta_noise_mean:0,0,0,0,0,0,0,0,0,0,0,0,0,0,0,0,0,0,0,0,0,0,0,0,0,0,0,0,0,0,0,0,0,0,0,0,0,0,0,0,0,
sta_noise_sigma:0.05,0.05,0.05,0.05,0.05,0.05,0.05,0.05,0.05,0.05,0.05,0.05,0.05,0.05,0.05,0.05,0.05,0.05,0.05,0.05,0.05,0.05,0.05,0.05,0.05,0.05,0.05,0.05,0.05,0.05,0.05,0.05,0.05,0.05,0.05,0.05,0.05,0.05,0.05,0.05,0.05,
add_noise_region_move_range:0,0,0,0,0,0,0,0,0,0,0,0,0,0,0,0,0,0,0,0,0,0,0,0,0,0,0,0,0,0,0,0,0,0,0,0,0,0,0,0,0,