T_sec   15.0   15.5   16.0   16.5   17.0   17.5   18.0   18.5   19.0   19.5   20.0   20.5   21.0   21.5   22.0   22.5   23.0   23.5   24.0   24.5   25.0   25.5   26.0   26.5   27.0   27.5   28.0   28.5   29.0   29.5   30.0   30.5   31.0   31.5   32.0   32.5   33.0   33.5   34.0   34.5   35.0   35.5   36.0   36.5   37.0   37.5   38.0   38.5   39.0   39.5   40.0   40.5   41.0   41.5   42.0   42.5   43.0   43.5   44.0   44.5   45.0   45.5   46.0   46.5   47.0   47.5   48.0   48.5   49.0   49.5   50.0   50.5   51.0   51.5   52.0   52.5   53.0   53.5   54.0   54.5   55.0   
U0   0.33217497625923104   0.022593872705227572   0.02176016012846116   0.27396913327921263   0.019451475542107684   -0.13843282280859473   -0.0025462381712040814   0.06132462275508208   -0.29158660445231227   0.013220956089024708   0.05999133094107637   0.12019823126942415   -0.020058577221596697   0.032066518635857924   0.12496099735290109   -0.029457703565746077   -0.14604099794248096   -0.007742799765218867   0.0890932727209214   0.09658958905573609   0.07984652512553503   0.0298607071786799   -0.02354374938514201   0.058169015470699824   -0.05241165789707918   -0.10921641380316216   -0.14860952237720354   0.03838059156212792   -0.04060961769471625   -0.12420385051919634   0.08497721772155539   0.012023608659105487   -0.13137639919857916   0.04645958372556649   -0.11991918748526344   0.05133318997335922   -0.1271348868831685   -0.04793626906609957   0.022272281295179205   -0.09421777569491104   0.10840911470713102   -0.11593306052928416   -0.03524321771581963   -0.04230237861119577   0.1114054705736661   0.9547982116426107   1.0   0.4340773443768231   -0.1306515063819824   -0.16322712687035673   -0.0820449692040525   -0.2608483655619594   -0.0035514228617244633   0.0656764217340068   -0.17461882425657604   -0.05979148223938105   -0.03643767651287942   0.03539547068776661   0.3768767384641505   -0.06268640962335002   -0.1031841895292388   0.014311985629522865   0.09511523016664324   -0.012415459583107958   0.1521403537310016   -0.27744134853495866   0.062018082507036165   -0.20477253292961117   0.0778328576990775   -0.03879038426725568   -0.19974988674254454   -0.33756521938371453   0.06312709008135249   -0.0969597929692653   -0.13414037108900112   -0.013402514051013672   0.016675002984800773   -0.07580820787896567   -0.024373057645169928   0.03151697320490929   0.15637494455630224   
T_sec   15.0   15.5   16.0   16.5   17.0   17.5   18.0   18.5   19.0   19.5   20.0   20.5   21.0   21.5   22.0   22.5   23.0   23.5   24.0   24.5   25.0   25.5   26.0   26.5   27.0   27.5   28.0   28.5   29.0   29.5   30.0   30.5   31.0   31.5   32.0   32.5   33.0   33.5   34.0   34.5   35.0   35.5   36.0   36.5   37.0   37.5   38.0   38.5   39.0   39.5   40.0   40.5   41.0   41.5   42.0   42.5   43.0   43.5   44.0   44.5   45.0   45.5   46.0   46.5   47.0   47.5   48.0   48.5   49.0   49.5   50.0   50.5   51.0   51.5   52.0   52.5   53.0   53.5   54.0   54.5   55.0   
U1   0   0   0   0   0   0   0   0   0   0   0   0   0   0   0   0   0   0   0   0   0   0   0   0   0   0   0   0   0   0   0   0   0   0   0   0   0   0   0   0   0   0   0   0   0   0   0   0   0   0   0   0   0   0   0   0   0   0   0   0   0   0   0   0   0   0   0   0   0   0   0   0   0   0   0   0   0   0   0   0   0   
T_sec   15.0   15.5   16.0   16.5   17.0   17.5   18.0   18.5   19.0   19.5   20.0   20.5   21.0   21.5   22.0   22.5   23.0   23.5   24.0   24.5   25.0   25.5   26.0   26.5   27.0   27.5   28.0   28.5   29.0   29.5   30.0   30.5   31.0   31.5   32.0   32.5   33.0   33.5   34.0   34.5   35.0   35.5   36.0   36.5   37.0   37.5   38.0   38.5   39.0   39.5   40.0   40.5   41.0   41.5   42.0   42.5   43.0   43.5   44.0   44.5   45.0   45.5   46.0   46.5   47.0   47.5   48.0   48.5   49.0   49.5   50.0   50.5   51.0   51.5   52.0   52.5   53.0   53.5   54.0   54.5   55.0   
U2   0.03776318506255865   0.06002731454694842   -0.09844030467078371   0.03864146551663971   -0.03285678072598952   -0.18749106434836776   0.1491471758268601   0.014237573380519836   -0.1257509912171968   -0.004775296233491548   0.15190002067350408   0.1373292433620444   -0.14981288121857397   -0.044389029616945214   -0.09813565040614872   0.05597374265831804   -0.013764131466432745   -0.09685258738361106   0.05124102871377747   -0.13865248003216024   -0.17933237321195278   0.08030179879403655   0.07323876716152625   0.08071939076038025   0.0037352109979407687   0.08575965065598105   -0.02123396791876857   0.14287501315540282   -0.09480823606902884   0.07420514513684043   0.02196077035891892   0.10272948579329029   -0.046721102214643866   -0.22963171383693914   0.08409178718428129   0.03269692051719924   0.026313907448229448   -0.0077224605245758806   -0.13955461178534662   0.03516114237752674   0.01394359487772576   0.03512930786670107   -0.0635300443004567   -0.013101677501395036   0.10200987872894325   0.18925598360576318   1.0   0.8628585701298352   0.006501580689848699   -0.16188435114428984   -0.06470654492074875   -0.053666942257118704   -0.2038528016801626   -0.197195365014116   -0.05383816241132641   -0.10027877967682669   -0.004192142803591045   0.21884380767360187   0.05363207459047535   0.08475829515813797   0.09049118467895245   0.19184512806765486   0.07393755290550896   -0.24634460755957088   0.02313231991720005   -0.11524459873095377   -0.23041483405498306   -0.1915061893161272   -0.03852186798489847   0.00912365669617793   0.030093517331148952   -0.12348556716452212   -0.23401922587855745   0.10366261198311312   -0.06554221041963672   0.0662395579430851   -0.10537006877993668   0.08967620305563423   -0.022653384430313662   -0.13533447754947894   0.09131384351321549   
T_sec   15.0   15.5   16.0   16.5   17.0   17.5   18.0   18.5   19.0   19.5   20.0   20.5   21.0   21.5   22.0   22.5   23.0   23.5   24.0   24.5   25.0   25.5   26.0   26.5   27.0   27.5   28.0   28.5   29.0   29.5   30.0   30.5   31.0   31.5   32.0   32.5   33.0   33.5   34.0   34.5   35.0   35.5   36.0   36.5   37.0   37.5   38.0   38.5   39.0   39.5   40.0   40.5   41.0   41.5   42.0   42.5   43.0   43.5   44.0   44.5   45.0   45.5   46.0   46.5   47.0   47.5   48.0   48.5   49.0   49.5   50.0   50.5   51.0   51.5   52.0   52.5   53.0   53.5   54.0   54.5   55.0   
U3   0.013541936347308265   -0.1295258228721157   -0.0336840121635874   0.02451698442557867   -0.055194242084512915   0.25781099107050665   -0.01928091357764623   0.09174210659474052   0.021472766729479256   -0.1368223061613847   0.057150881330702674   0.03861717085605304   0.1246774965228441   0.014142773993988824   0.17862508681198525   0.049655498164821996   0.04402998790837264   0.03214723410510208   -0.1386581302558368   -0.04525972295352238   -0.14320540203538132   -0.07595462428863421   0.1301871667106875   0.04592575022441728   -0.04920108058331513   -0.16955900919582761   0.046595725721038865   0.026131072554532373   0.01719650169146008   -0.06836633488280328   -0.013511046931894297   -0.12496627942134907   -0.06991112605984341   0.014939777597702769   0.09813632589020385   -0.029666057072948337   -0.1624785437494809   -0.010449462985976576   -0.13215247964269908   0.010360015738748268   0.12334939798671639   0.23347708174649143   0.06975533823164361   0.01795781322135156   0.07675677195587956   0.11921456591562127   0.6208581244900835   1.0   0.3989432045357921   -0.061793719148586064   -0.0645904456809798   -0.14203259043344738   -0.07193770230836553   -0.07398892679599119   -0.07673714245632794   -0.07318123995174931   -0.1341983034854139   -0.05697783947922818   0.04373108071175713   0.08216506394001138   0.15170352975172546   0.209594739622247   -0.05549582989887651   0.0254153410985752   0.00764663547246928   0.09001126542963002   -0.12528337831979083   -0.22847639122118912   -0.17360818387554067   -0.09924827987030077   0.048341868532329954   -0.18909052170997517   -0.09123625989399618   -0.011976085029021493   0.1208471141898581   0.15100641991854316   -0.009517997531075737   -0.026536169452472107   -0.07304984355595752   0.04782577947239638   0.09174337223972948   
T_sec   15.0   15.5   16.0   16.5   17.0   17.5   18.0   18.5   19.0   19.5   20.0   20.5   21.0   21.5   22.0   22.5   23.0   23.5   24.0   24.5   25.0   25.5   26.0   26.5   27.0   27.5   28.0   28.5   29.0   29.5   30.0   30.5   31.0   31.5   32.0   32.5   33.0   33.5   34.0   34.5   35.0   35.5   36.0   36.5   37.0   37.5   38.0   38.5   39.0   39.5   40.0   40.5   41.0   41.5   42.0   42.5   43.0   43.5   44.0   44.5   45.0   45.5   46.0   46.5   47.0   47.5   48.0   48.5   49.0   49.5   50.0   50.5   51.0   51.5   52.0   52.5   53.0   53.5   54.0   54.5   55.0   
U4   0   0   0   0   0   0   0   0   0   0   0   0   0   0   0   0   0   0   0   0   0   0   0   0   0   0   0   0   0   0   0   0   0   0   0   0   0   0   0   0   0   0   0   0   0   0   0   0   0   0   0   0   0   0   0   0   0   0   0   0   0   0   0   0   0   0   0   0   0   0   0   0   0   0   0   0   0   0   0   0   0   
T_sec   15.0   15.5   16.0   16.5   17.0   17.5   18.0   18.5   19.0   19.5   20.0   20.5   21.0   21.5   22.0   22.5   23.0   23.5   24.0   24.5   25.0   25.5   26.0   26.5   27.0   27.5   28.0   28.5   29.0   29.5   30.0   30.5   31.0   31.5   32.0   32.5   33.0   33.5   34.0   34.5   35.0   35.5   36.0   36.5   37.0   37.5   38.0   38.5   39.0   39.5   40.0   40.5   41.0   41.5   42.0   42.5   43.0   43.5   44.0   44.5   45.0   45.5   46.0   46.5   47.0   47.5   48.0   48.5   49.0   49.5   50.0   50.5   51.0   51.5   52.0   52.5   53.0   53.5   54.0   54.5   55.0   
U5   -0.03771594696598704   -0.030039657501406677   -0.00806033138611931   0.024321173258631364   0.016590958718602583   0.09695566821083519   -0.023302388425179007   -0.02256928252088431   -0.00789470050801202   -0.043600450826893386   -0.0044586714022852554   -0.0734060073958324   -0.05482682374685056   -0.07202614934615215   -0.023307452971541014   0.084808397887483   0.18254534983219545   0.05321530651288388   0.007192708800902642   0.02404194730403542   -0.01872521470426674   -0.11777379280708683   -0.027976543728808645   -0.01748738514200088   -0.04759940211192669   -0.026262297405631983   -0.03370459996906774   -0.010381925232515524   0.033920084498876006   0.00882307200527681   0.0018712440761303906   0.03658661008430442   0.08984042464088753   -0.18162454053202645   -0.03215232708487885   0.0668962277633838   0.05200725521342755   -0.006236077137117475   -0.031027759887678374   0.009885941624412364   -0.07499105027637328   -0.027789779255236426   0.09030401636093742   0.10744986803386228   0.050654302958595646   -0.01955773192610308   0.15936901048730898   0.7780031749097692   1.0   0.021387793629514113   -0.12408071767477251   -0.14229410748581015   -0.18391083417019471   -0.09100064236643433   0.0544968755688786   0.06602388293001903   0.1399594406431613   0.1861381708456674   0.37381010053212016   0.2910791448737965   -0.16026215316273704   0.10118895073775712   -0.09096499080492118   -0.2667795966365638   -0.23626542071616716   -0.09190191547500233   -0.039215237532122256   -0.08247736060904752   0.08562759301101511   -0.07664558896564824   -0.02681885291169495   0.0673625400931662   0.056023203815967954   -0.04334431000162049   -0.042191653713367146   -0.17881685586186513   -0.03450159214964133   0.042770534778221736   -0.057515921908686374   0.10802832461977958   -0.10418786111278751   
T_sec   15.0   15.5   16.0   16.5   17.0   17.5   18.0   18.5   19.0   19.5   20.0   20.5   21.0   21.5   22.0   22.5   23.0   23.5   24.0   24.5   25.0   25.5   26.0   26.5   27.0   27.5   28.0   28.5   29.0   29.5   30.0   30.5   31.0   31.5   32.0   32.5   33.0   33.5   34.0   34.5   35.0   35.5   36.0   36.5   37.0   37.5   38.0   38.5   39.0   39.5   40.0   40.5   41.0   41.5   42.0   42.5   43.0   43.5   44.0   44.5   45.0   45.5   46.0   46.5   47.0   47.5   48.0   48.5   49.0   49.5   50.0   50.5   51.0   51.5   52.0   52.5   53.0   53.5   54.0   54.5   55.0   
U6   -0.031273041023913144   0.13557016680870085   0.06478986866538475   -0.06400248719633513   0.11267178191544656   0.10326914953600466   0.057374518894556095   0.10105029668810642   -0.056326245076157126   -0.0020407605363251063   0.030409477165910852   -0.1051931798909165   -0.05491084895568099   0.15211583066690162   -0.07787139285366815   -0.07595546708221658   -0.045979754318195516   0.03631829266369923   0.05900330042607198   0.01212477964353728   -0.10959255894407856   0.1214416620367776   -0.0480375321547204   -0.023780714043805773   0.056524039409875916   0.1812181232743146   0.041869451079322474   -0.11115864232449263   -0.10489965804557012   -0.17188357317764305   -0.11175111093651258   0.0061016572346504665   0.09883939249143851   0.00879667128375864   0.08394206628929672   -0.014010696720485837   -0.014067765041169713   0.0362180847648119   -0.025349660595127416   -0.10735688269452431   0.056418802019693036   -0.09369495940167565   -0.19866426131603818   -0.030258056278508347   -0.08285455541736315   0.1582396665202834   0.11430242976859417   0.5322798315710728   1.0   0.30962614341270545   -0.02880114047449518   0.026421159247058675   -0.22561408725508217   -0.03795787562213727   0.19724732111798782   0.05892437516083181   0.20524623103920608   0.2990837104847209   0.20889997329247734   0.0432737504921405   -0.1771519167409208   -0.018654367862332943   -0.19635509771870113   -0.1730562136765263   -0.18529594900851165   -0.04958018347685761   -0.08222032126929518   0.08456839069879496   0.026540065049516202   0.019564882506086224   -0.032279354915025746   -0.031731222965728376   0.12948072697216856   -0.03473957080536504   0.042673650675627624   -0.039331530010077005   -0.055474702362041994   -0.023196221225732186   0.1732626147715795   0.0278015978173103   -0.03509499378244638   
T_sec   15.0   15.5   16.0   16.5   17.0   17.5   18.0   18.5   19.0   19.5   20.0   20.5   21.0   21.5   22.0   22.5   23.0   23.5   24.0   24.5   25.0   25.5   26.0   26.5   27.0   27.5   28.0   28.5   29.0   29.5   30.0   30.5   31.0   31.5   32.0   32.5   33.0   33.5   34.0   34.5   35.0   35.5   36.0   36.5   37.0   37.5   38.0   38.5   39.0   39.5   40.0   40.5   41.0   41.5   42.0   42.5   43.0   43.5   44.0   44.5   45.0   45.5   46.0   46.5   47.0   47.5   48.0   48.5   49.0   49.5   50.0   50.5   51.0   51.5   52.0   52.5   53.0   53.5   54.0   54.5   55.0   
U7   -0.07582165425908324   -0.06786494042148933   0.04686506794185202   0.011383784718001349   0.029415230940973248   -0.06192022283387455   -0.032373265003019014   0.10757047020203565   0.1654464089028177   0.11639926778002209   0.004535056676184537   0.06408269989604651   0.022246443701708436   -0.11749206171087614   -0.03905911076656577   0.009758371590287671   0.02592997946607656   -0.010932910165458087   0.00991062418609098   -0.0388427096065448   -0.06116045855831867   0.09964411530623422   -0.18799289293587212   -0.026184955801610784   0.0115065317123395   0.0016212729258094122   -0.011131914784666658   0.11054857729302545   0.06392960755165214   0.1260029816445238   -0.056642489159012925   0.20957920372221742   0.0774869205180952   -0.068332008994226   -0.00995010249503537   0.010344944753882838   -0.052098167875578874   -0.06471022388043939   -0.08572032853661964   0.1711883008309707   -0.07932390872036746   0.0006978696822894654   0.058779357766043594   0.07399349607507531   0.1590904308237801   0.10623441567673537   0.09464182831316342   0.5123168629052939   1.0   0.7206835794775392   -0.07383225695846517   -0.0728721232393728   -0.05897416840558208   -0.1329601418033631   0.004821523942604548   -0.04216668274445538   0.3759541146529565   0.5213348347045638   0.04769705675479303   -0.28342095566036335   -0.3284701321813987   -0.33931349310514597   -0.19472443032282372   0.028162989567849413   -0.15594473730509759   -0.3011567220160794   -0.1436288775455088   -0.027219827764915397   0.08288462623069616   -0.24696151738680786   -0.05410426004734172   0.04909776328090603   0.052386452431084356   -0.06982589166793735   -0.10260049793311664   -0.1052789688571308   -0.17444750826351754   -0.08559262342510517   0.18940618412596   0.15703711799885764   -0.0565828363612761   
T_sec   15.0   15.5   16.0   16.5   17.0   17.5   18.0   18.5   19.0   19.5   20.0   20.5   21.0   21.5   22.0   22.5   23.0   23.5   24.0   24.5   25.0   25.5   26.0   26.5   27.0   27.5   28.0   28.5   29.0   29.5   30.0   30.5   31.0   31.5   32.0   32.5   33.0   33.5   34.0   34.5   35.0   35.5   36.0   36.5   37.0   37.5   38.0   38.5   39.0   39.5   40.0   40.5   41.0   41.5   42.0   42.5   43.0   43.5   44.0   44.5   45.0   45.5   46.0   46.5   47.0   47.5   48.0   48.5   49.0   49.5   50.0   50.5   51.0   51.5   52.0   52.5   53.0   53.5   54.0   54.5   55.0   
U8   0   0   0   0   0   0   0   0   0   0   0   0   0   0   0   0   0   0   0   0   0   0   0   0   0   0   0   0   0   0   0   0   0   0   0   0   0   0   0   0   0   0   0   0   0   0   0   0   0   0   0   0   0   0   0   0   0   0   0   0   0   0   0   0   0   0   0   0   0   0   0   0   0   0   0   0   0   0   0   0   0   
T_sec   15.0   15.5   16.0   16.5   17.0   17.5   18.0   18.5   19.0   19.5   20.0   20.5   21.0   21.5   22.0   22.5   23.0   23.5   24.0   24.5   25.0   25.5   26.0   26.5   27.0   27.5   28.0   28.5   29.0   29.5   30.0   30.5   31.0   31.5   32.0   32.5   33.0   33.5   34.0   34.5   35.0   35.5   36.0   36.5   37.0   37.5   38.0   38.5   39.0   39.5   40.0   40.5   41.0   41.5   42.0   42.5   43.0   43.5   44.0   44.5   45.0   45.5   46.0   46.5   47.0   47.5   48.0   48.5   49.0   49.5   50.0   50.5   51.0   51.5   52.0   52.5   53.0   53.5   54.0   54.5   55.0   
U9   -0.058881808629101806   0.04512464370374136   0.20764812635056207   0.044117084563071715   -0.08225108623746466   -0.029905285914224502   -0.05426662942697957   0.0371725904114737   0.014671844372151284   0.038827530956044305   0.1284046108916635   -0.13494735143187447   0.012787905262591508   0.1360716932239832   -0.1612135874006439   0.057243543560640694   -0.08274566877062475   -0.09553488805437091   -0.14643334527780502   0.02956858999664513   0.005615366967405734   0.061994237544910874   0.053356988802316103   -0.036323443700286534   -0.14200696970078347   -0.04158936231179765   -0.004175071512249189   0.043713142987558386   0.1358572089426046   -0.053611110349171244   -0.08976411317773231   -0.06532446781761725   0.15099286314447527   -0.07054697881504797   0.08182371981626778   -0.008611472542575719   0.032523893204317186   0.09143746541915666   -0.017087011009004064   -0.00693461961160914   0.10162700100414324   -0.10819905097186214   -0.14078665026119555   -0.10090075739891405   0.047103922213986765   0.09378129307992294   0.1309370459013011   0.21748909983236392   0.4371132297596208   0.8983151841999729   0.32027228446336237   0.03217876471501368   0.10936969941589597   0.09646602984973263   0.3582909003144628   1.0   0.2618216666038551   -0.4643898687826876   -0.47558284821391816   -0.42009165716313074   -0.2561605299462233   -0.3149979703727118   -0.1380711108492   0.017066318266763834   -0.020381699953659602   -0.08026640432990345   -0.07500079322948384   0.06359983843980066   -0.06065946916754523   0.055634157792771484   0.0314544499860441   0.09282660584587601   -0.004658062393608686   -0.060480011411981754   0.007624223945949244   -0.001963752320671342   -0.05269546086075645   0.014967895058254287   0.0075979580349373665   0.020974481412369596   -0.0797994376391639   
T_sec   15.0   15.5   16.0   16.5   17.0   17.5   18.0   18.5   19.0   19.5   20.0   20.5   21.0   21.5   22.0   22.5   23.0   23.5   24.0   24.5   25.0   25.5   26.0   26.5   27.0   27.5   28.0   28.5   29.0   29.5   30.0   30.5   31.0   31.5   32.0   32.5   33.0   33.5   34.0   34.5   35.0   35.5   36.0   36.5   37.0   37.5   38.0   38.5   39.0   39.5   40.0   40.5   41.0   41.5   42.0   42.5   43.0   43.5   44.0   44.5   45.0   45.5   46.0   46.5   47.0   47.5   48.0   48.5   49.0   49.5   50.0   50.5   51.0   51.5   52.0   52.5   53.0   53.5   54.0   54.5   55.0   
U10   0.08039409261477462   0.11988296086756299   -0.0007856437629503298   -0.003230899376890305   0.03571521828692499   -0.051508935786742226   0.13734400822793247   -0.07894124295005042   -0.1076423522236578   -0.054750097927551776   -0.13832107818476416   0.026340349724064835   0.05186299656928686   0.04214407005975806   0.0003373833986537085   0.08130801830927173   -0.029020942623891613   -0.08193790516873616   0.043814238432591794   -0.10200751898725699   -0.047011971690117255   -0.1965851196417324   -0.06019754371971558   0.025036783037597383   0.04693421828679273   0.22348893575627102   -0.0584058354754026   0.10647875903425917   0.0566067070736531   -0.08621568353106715   -0.005693040643239024   0.09901960111021556   -0.0627896035293833   0.121010167603992   0.08475837481866558   -0.026641293553422707   -0.00917580532540652   -0.00010651144950172744   -0.025839898922751875   -0.1154915269074664   -0.03525888395295103   0.0645390178962968   0.04333219103337175   0.0007172696930534645   -0.005591288674671001   -0.08701875001683883   0.1582880881835399   0.17447849943545957   0.27186234153817906   0.8259474339345738   0.5692605116364682   0.07587291175326372   0.20382086307566238   0.31326297722728336   0.9726796751922123   1.0   -0.4390854875475414   -0.5617844281700293   -0.26761336224409404   -0.22206498596487179   -0.10653329839027179   -0.05489044485974968   -0.16036076889190165   -0.04836344844870623   0.008705773172654828   0.08061400045640121   -0.17619733000213347   -0.17855455543564377   0.006138130406886579   -0.08822643173450566   0.06244628964518226   0.015272028145344044   -0.024727368050003095   0.023682410846653554   0.01584322954521435   -0.2639054483308171   0.023145050941817624   -0.04919816000477176   -0.15839619739515215   -0.06880921259275537   0.11064554704935703   
T_sec   15.0   15.5   16.0   16.5   17.0   17.5   18.0   18.5   19.0   19.5   20.0   20.5   21.0   21.5   22.0   22.5   23.0   23.5   24.0   24.5   25.0   25.5   26.0   26.5   27.0   27.5   28.0   28.5   29.0   29.5   30.0   30.5   31.0   31.5   32.0   32.5   33.0   33.5   34.0   34.5   35.0   35.5   36.0   36.5   37.0   37.5   38.0   38.5   39.0   39.5   40.0   40.5   41.0   41.5   42.0   42.5   43.0   43.5   44.0   44.5   45.0   45.5   46.0   46.5   47.0   47.5   48.0   48.5   49.0   49.5   50.0   50.5   51.0   51.5   52.0   52.5   53.0   53.5   54.0   54.5   55.0   
U11   0   0   0   0   0   0   0   0   0   0   0   0   0   0   0   0   0   0   0   0   0   0   0   0   0   0   0   0   0   0   0   0   0   0   0   0   0   0   0   0   0   0   0   0   0   0   0   0   0   0   0   0   0   0   0   0   0   0   0   0   0   0   0   0   0   0   0   0   0   0   0   0   0   0   0   0   0   0   0   0   0   
T_sec   15.0   15.5   16.0   16.5   17.0   17.5   18.0   18.5   19.0   19.5   20.0   20.5   21.0   21.5   22.0   22.5   23.0   23.5   24.0   24.5   25.0   25.5   26.0   26.5   27.0   27.5   28.0   28.5   29.0   29.5   30.0   30.5   31.0   31.5   32.0   32.5   33.0   33.5   34.0   34.5   35.0   35.5   36.0   36.5   37.0   37.5   38.0   38.5   39.0   39.5   40.0   40.5   41.0   41.5   42.0   42.5   43.0   43.5   44.0   44.5   45.0   45.5   46.0   46.5   47.0   47.5   48.0   48.5   49.0   49.5   50.0   50.5   51.0   51.5   52.0   52.5   53.0   53.5   54.0   54.5   55.0   
U12   0.02392323304725632   0.05724671756271109   -0.06599043600237876   -0.05507489383257182   -0.08353461908376711   -0.09735485649149346   0.015429723852493435   -0.1444985294027116   0.0629723401555302   0.15461879273970514   -0.021690878544040473   -0.13765094564203006   -0.11002831042500973   -0.10102377323896726   -0.02629645855919158   0.010331774898585633   0.06226278315122709   -0.09816433568461794   0.05223897062002029   -0.10987484900349216   0.0687392114444931   -0.04637116384703359   0.1006738459073336   0.02698950832102861   -0.027197645068890965   -0.04745819652684128   -0.016403456412616757   0.05429635233423957   -0.07444935986563984   -0.031025132565527407   0.02015556317374449   -0.01648320355270173   -0.07206841650592893   -0.016451677289206223   -0.04749149088611422   -0.05019715577081198   0.0220172805629481   -0.006270686786347756   -0.022498290324035324   0.1322754824757011   -0.0622824971454726   -0.09911242882823502   0.09358381800959249   -0.08571512114071209   0.06512790188313987   0.07019688457049231   0.006274690807679854   0.168598886981101   0.28332199093640936   0.6982418542795374   0.581318113459713   0.22331276353083032   0.634047039079257   1.0   0.34933913974781283   -0.4707332728992523   -0.48182984706557974   -0.29891116593348793   -0.206769285263386   0.12875068016254496   0.01038131714933417   -0.11254952453053663   -0.2110979408971907   0.013227374178721872   -0.05369905034040802   -0.1511355810777972   0.08442384723362271   0.05984619728165046   0.02972969927794775   0.01423461612428365   -0.2557250391087959   -0.1654389784954244   -0.1076055086467285   0.0752998784090761   0.02983634129943291   -0.0007839515134526684   -0.0922155017669934   0.020029925497943343   0.07138596602721373   -0.013071269477570794   -0.08124032408578823   
T_sec   15.0   15.5   16.0   16.5   17.0   17.5   18.0   18.5   19.0   19.5   20.0   20.5   21.0   21.5   22.0   22.5   23.0   23.5   24.0   24.5   25.0   25.5   26.0   26.5   27.0   27.5   28.0   28.5   29.0   29.5   30.0   30.5   31.0   31.5   32.0   32.5   33.0   33.5   34.0   34.5   35.0   35.5   36.0   36.5   37.0   37.5   38.0   38.5   39.0   39.5   40.0   40.5   41.0   41.5   42.0   42.5   43.0   43.5   44.0   44.5   45.0   45.5   46.0   46.5   47.0   47.5   48.0   48.5   49.0   49.5   50.0   50.5   51.0   51.5   52.0   52.5   53.0   53.5   54.0   54.5   55.0   
U13   0   0   0   0   0   0   0   0   0   0   0   0   0   0   0   0   0   0   0   0   0   0   0   0   0   0   0   0   0   0   0   0   0   0   0   0   0   0   0   0   0   0   0   0   0   0   0   0   0   0   0   0   0   0   0   0   0   0   0   0   0   0   0   0   0   0   0   0   0   0   0   0   0   0   0   0   0   0   0   0   0   
T_sec   15.0   15.5   16.0   16.5   17.0   17.5   18.0   18.5   19.0   19.5   20.0   20.5   21.0   21.5   22.0   22.5   23.0   23.5   24.0   24.5   25.0   25.5   26.0   26.5   27.0   27.5   28.0   28.5   29.0   29.5   30.0   30.5   31.0   31.5   32.0   32.5   33.0   33.5   34.0   34.5   35.0   35.5   36.0   36.5   37.0   37.5   38.0   38.5   39.0   39.5   40.0   40.5   41.0   41.5   42.0   42.5   43.0   43.5   44.0   44.5   45.0   45.5   46.0   46.5   47.0   47.5   48.0   48.5   49.0   49.5   50.0   50.5   51.0   51.5   52.0   52.5   53.0   53.5   54.0   54.5   55.0   
U14   -0.04229017668730676   0.10006762439184452   -0.22855083627084266   0.010361221593458937   0.05145241806615011   -0.061719676214919236   -0.060699896542926915   -0.03816807206618603   -0.26919848104939587   0.1523667680046828   0.05792138574672956   0.10237768106034907   -0.015358097130787455   0.05286430210886093   -0.03130154458143728   0.10280190642499006   0.017075792633799613   -0.14625017375646232   0.020117490516950047   -0.07815184744831148   -0.16199389440776465   -0.0684371499316944   0.012009794073069922   -0.0723664056022945   -0.15965236116705261   0.11979143362244524   0.03890235611187727   0.3544701251302888   -0.10463996819937811   -0.1359331196305232   -0.052414070081806666   -0.04511690626510736   0.08830913900304588   -0.026839207317689878   -0.10364589280266154   -0.03598506598441058   0.006600692845549434   -0.1754371488112577   0.09098880701159892   0.07857625739603165   -0.12063690880387223   0.025820860648585207   0.0667823694824473   -0.05534668891892774   0.00951015643770853   0.07470153864122699   0.08840573267167548   -0.1330771071855822   0.1567700007273971   0.36630648180880016   0.8156208947552951   1.0   0.8464848626187889   0.5667968993259079   -0.05846540976943977   -0.4583658007739187   -0.31444437146867565   -0.03166192635196202   -0.0882875194155707   0.0349369346529417   -0.07794656914099633   -0.10250800286638843   -0.10791249157103061   0.11080746138550975   0.137364916920985   0.0058903069655867725   -0.20215600422073224   -0.2265778747394354   0.008842073486602393   -0.16264301442530266   -0.2845163532997407   -0.21535881061707593   -0.015515691772685806   0.0360702647115177   -0.05024945157090988   0.0480749719949002   0.0847742465239822   0.15671994025048694   -0.10190195185244205   -0.10408856490356898   -0.28440092898051805   
T_sec   15.0   15.5   16.0   16.5   17.0   17.5   18.0   18.5   19.0   19.5   20.0   20.5   21.0   21.5   22.0   22.5   23.0   23.5   24.0   24.5   25.0   25.5   26.0   26.5   27.0   27.5   28.0   28.5   29.0   29.5   30.0   30.5   31.0   31.5   32.0   32.5   33.0   33.5   34.0   34.5   35.0   35.5   36.0   36.5   37.0   37.5   38.0   38.5   39.0   39.5   40.0   40.5   41.0   41.5   42.0   42.5   43.0   43.5   44.0   44.5   45.0   45.5   46.0   46.5   47.0   47.5   48.0   48.5   49.0   49.5   50.0   50.5   51.0   51.5   52.0   52.5   53.0   53.5   54.0   54.5   55.0   
U15   -0.07277814712615453   -0.08398308131852046   -0.027727125255816436   -0.07357827489968737   0.02570259118314946   -0.14438359258006614   -0.023046072168951822   0.09599994520019028   0.005941578612619776   0.11140125271011049   0.12237014371928612   -0.15100959898409566   0.24218699329567922   0.09760639846064123   -0.01303460949196097   0.021387251250982526   0.05129065297673676   0.10065525849934909   0.09978924651799699   -0.04443726272610792   -0.039538073421909736   0.044016055955864844   -0.174944498372738   0.08952256661763341   0.00515557545072498   0.07211658669827664   0.017453631727692744   0.05901959580466146   0.07653081168023657   0.07484529724999711   0.11305846404112503   -0.13290921969596567   -0.016479311260825424   0.03270061734807624   -0.08198323160211675   -0.1236665984067924   -0.09269132224451702   0.017316554511046814   -0.02686376282268585   -0.06774110403283885   -0.11024902482902726   0.09657002864481518   -0.021465275325553906   0.11702357834213158   0.0427208599566694   0.03144995159410292   0.12446353279440123   -0.05871614153547693   0.13411279232180714   0.22506390058874032   1.0   0.6215336523106479   0.5282892023288168   0.6662275918151925   -0.22398344553377572   -0.4576465297621751   -0.11466298990063782   -0.28567532501244786   0.053557536668137465   -0.025238514836696046   -0.06059087959208738   0.04647496293967561   -0.1244973212087428   -0.06450708593621948   -0.006313841247182977   -0.1283499253978044   0.07662103614863143   -0.15192250021359033   -0.013545926214127379   -0.10967889157473508   -0.08991938721484515   0.022145305160370377   -0.02082401014582272   -0.008296782826253426   0.05926280211058709   0.014651295788049013   0.031165852069131764   -0.11361927028301565   0.011772351199535925   -0.21576837294130052   0.004998969206851246   
T_sec   15.0   15.5   16.0   16.5   17.0   17.5   18.0   18.5   19.0   19.5   20.0   20.5   21.0   21.5   22.0   22.5   23.0   23.5   24.0   24.5   25.0   25.5   26.0   26.5   27.0   27.5   28.0   28.5   29.0   29.5   30.0   30.5   31.0   31.5   32.0   32.5   33.0   33.5   34.0   34.5   35.0   35.5   36.0   36.5   37.0   37.5   38.0   38.5   39.0   39.5   40.0   40.5   41.0   41.5   42.0   42.5   43.0   43.5   44.0   44.5   45.0   45.5   46.0   46.5   47.0   47.5   48.0   48.5   49.0   49.5   50.0   50.5   51.0   51.5   52.0   52.5   53.0   53.5   54.0   54.5   55.0   
U16   0.028261377434460236   -0.018049073623904573   0.003269619921498548   -0.006221322882587338   -0.2118360908785827   0.07946805343487552   0.001999490921002131   0.00694558650249574   -0.18675505930556388   -0.026652148689507976   -0.05355608269005055   -0.11617705506350379   0.0964124809010958   0.0866038241308795   -0.04469638194500881   -0.14586573395362887   0.023919889457295434   -0.08170159144565722   -0.15651565683181695   -0.06369568929960949   -0.12533558954753476   0.26927395908129   -0.017782602078729115   -0.0893694715982502   0.014708252211616878   -0.0033834663763058917   -0.04647250481995613   0.05045568065755198   0.08128374392740788   -0.12075340524707293   -0.10923190333705834   0.03935891474679587   -0.080293325038796   0.11526852960384766   0.07588152650114428   0.0573782150758827   0.008924232663736873   -0.06968592072425873   -0.05598579419342564   0.13058817409678336   0.044902165886373815   0.07063437189131806   0.015824873865127684   0.15291885487079795   0.12096785768000644   0.17017699906600825   -0.029467517781632414   0.050084532891434365   0.3376450800139118   0.9428128154247498   1.0   0.9558642395891832   0.8762876914900067   0.7065673701659347   -0.7654258735836555   -0.33893225523969267   -0.24408227928492593   0.0005888227476002904   -0.11192777645983089   -0.202528225293387   -0.001809288954560898   -0.4689505720022629   -0.32468171790158745   -0.13638115959731967   0.022710254736598542   -0.08317566720292129   -0.08030540504663951   -0.04896813278133967   0.09294257387772187   0.01430787145342538   -0.11931137920925669   -0.1454706829055829   -0.2401507572577553   -0.05109859344491219   0.3298247439127288   -0.04925804523440871   -0.12999383467617548   -0.11177449352599056   -0.15189646625926986   -0.07612331444578097   -0.19670945066819487   
T_sec   15.0   15.5   16.0   16.5   17.0   17.5   18.0   18.5   19.0   19.5   20.0   20.5   21.0   21.5   22.0   22.5   23.0   23.5   24.0   24.5   25.0   25.5   26.0   26.5   27.0   27.5   28.0   28.5   29.0   29.5   30.0   30.5   31.0   31.5   32.0   32.5   33.0   33.5   34.0   34.5   35.0   35.5   36.0   36.5   37.0   37.5   38.0   38.5   39.0   39.5   40.0   40.5   41.0   41.5   42.0   42.5   43.0   43.5   44.0   44.5   45.0   45.5   46.0   46.5   47.0   47.5   48.0   48.5   49.0   49.5   50.0   50.5   51.0   51.5   52.0   52.5   53.0   53.5   54.0   54.5   55.0   
U17   -0.16350953076785804   -0.21873028554015142   0.053910223755017195   0.0011073403960311014   0.18875070469560468   -0.01477230168648104   -0.11613127815253876   -0.007606620034560984   0.08613107859447842   -0.04337196827040238   -0.099532505749365   0.032155010528561574   -0.1081908858256407   0.12539477096035528   0.13731180835696366   0.17850322310647712   -0.0441822486033316   -0.05908889728767842   0.014969697038914384   -0.0489600461368185   -0.03904661840317777   -0.0804270428143787   0.13057319802285108   -0.22004076159754424   -0.052319473934376796   -0.056858160676032485   -0.014762267743010314   -0.009662127888463453   -0.01185928282724944   -0.036160856003668244   -0.07664299286548826   -0.097682699837458   0.03967250761863665   0.2037067326684697   -0.19332349028412368   -0.04371382370999929   -0.10342147068521426   0.08594400905674433   0.03244629029840749   -0.01411711747328558   -0.0561449740400753   -0.11416904248805555   0.07856888367950624   -0.037795184810199285   0.10040069667679091   0.1234781662779925   -0.08146536761608773   0.11014608893210867   0.373064238579503   0.6386577882879415   0.7365915234154814   0.7523518895186802   1.0   0.36306804093364076   -0.41764007554730814   -0.3167306598704732   -0.10187884376194509   -0.2321609539931363   0.05959158509867519   -0.1122072328034797   -0.12393538841703006   -0.47930787381788553   -0.17072842029955634   -0.0881063406173224   -0.1557049050856257   0.06477049349819325   -0.10977937149417256   -0.04648948871719614   0.026169895847119394   -0.02419303306440775   -0.08167712335549857   -0.047358626450473   -0.09821566851025736   -0.04343864742722571   0.028299304348707224   0.033806643939454664   -0.16611820448525183   -0.2307449202055024   -0.019391597353122313   -0.22480769293784122   -0.11101328525698963   
T_sec   15.0   15.5   16.0   16.5   17.0   17.5   18.0   18.5   19.0   19.5   20.0   20.5   21.0   21.5   22.0   22.5   23.0   23.5   24.0   24.5   25.0   25.5   26.0   26.5   27.0   27.5   28.0   28.5   29.0   29.5   30.0   30.5   31.0   31.5   32.0   32.5   33.0   33.5   34.0   34.5   35.0   35.5   36.0   36.5   37.0   37.5   38.0   38.5   39.0   39.5   40.0   40.5   41.0   41.5   42.0   42.5   43.0   43.5   44.0   44.5   45.0   45.5   46.0   46.5   47.0   47.5   48.0   48.5   49.0   49.5   50.0   50.5   51.0   51.5   52.0   52.5   53.0   53.5   54.0   54.5   55.0   
U18   0.1681213888832849   -0.07246364840994407   -0.08594103419449792   0.023270017806722016   0.04419427929396607   0.06967461983160335   -0.032040792029229596   0.08514690622321565   0.112856063435174   -0.13189202481466158   -0.07799967231593906   -0.030305410901655366   0.1475565555069066   0.013491024701145111   -0.024800426419221908   -0.14023838121396262   -0.023610241151024686   0.02947639963522173   -0.03991403820244721   -0.10444202109467582   0.0187137145696034   0.008156028128420601   -0.2277701482970758   -0.04953418408551943   -0.07930268968726033   0.048810816369761964   0.08065244997250309   0.06687214747341515   -0.07626628341473914   -0.019569644627255398   0.008185809593735117   0.15750504565990084   0.18427990237519434   -0.09790659449630763   -0.09247953235746487   -0.0407092772205485   -0.028631049080180757   0.007067847125130311   0.06940508395698566   -0.015068905338996678   0.09588259668508882   0.06879387792635862   0.11608890191512203   0.0005209005429542469   0.07402904970093738   0.058475145791387954   0.33930868085630833   0.5654018318372115   0.38677179070912554   0.6397293986808897   0.9187257183522993   1.0   0.9102190675261261   0.22862168606181996   -0.22331509708397895   -0.15056851531707302   -0.09837274584647505   -0.21665898233980163   -0.24010906582467076   -0.1315158721918068   -0.03494430543085453   -0.2078383960289142   -0.054287247080087364   -0.07189101024845172   -0.1231008079505548   -0.04933722795393467   -0.10666362777775311   -0.04838810670890476   -8.490313085614859e-05   -0.183157921906506   0.0495639520706792   0.005794090230370449   0.0015290805431109377   0.14104972724871107   0.1375358827642983   -0.011952058458933188   -0.022137450012795153   0.10725927799706879   -0.15466315570036795   -0.17846592046835874   -0.11293397703381228   
T_sec   15.0   15.5   16.0   16.5   17.0   17.5   18.0   18.5   19.0   19.5   20.0   20.5   21.0   21.5   22.0   22.5   23.0   23.5   24.0   24.5   25.0   25.5   26.0   26.5   27.0   27.5   28.0   28.5   29.0   29.5   30.0   30.5   31.0   31.5   32.0   32.5   33.0   33.5   34.0   34.5   35.0   35.5   36.0   36.5   37.0   37.5   38.0   38.5   39.0   39.5   40.0   40.5   41.0   41.5   42.0   42.5   43.0   43.5   44.0   44.5   45.0   45.5   46.0   46.5   47.0   47.5   48.0   48.5   49.0   49.5   50.0   50.5   51.0   51.5   52.0   52.5   53.0   53.5   54.0   54.5   55.0   
U19   -0.047305690274265906   -0.049098508421758134   0.05612645398333204   -0.09890888302237767   0.13822137748575142   -0.027855524945557392   0.056275570962574   -0.10426718580030803   0.11375238567996875   -0.11186978272505632   0.07502992335767943   0.0648710178387509   0.013665002207709503   0.03924266884710637   0.141128096717379   0.06438421488002555   0.05666594493982948   -0.03945992036147707   0.08142448715154499   -0.1831487951163707   0.10490261092540727   0.06026360248329405   0.07243501791563275   0.022200938161671343   0.09685417857910232   0.09675991457687877   -0.009476003047032862   0.06699042839825407   0.0028223092668429716   0.051165025280109695   0.03166591626135383   -0.0017890868412428539   0.05995198617488409   -0.014317995430459576   0.14602096392980343   0.0789389348894273   0.14894827965384   -0.045746268584679735   0.07383303891222767   -0.05240476130784179   -0.08903661306880531   -0.11418112367261145   0.10334156084838689   0.09923184742716203   0.06290549415278687   0.16109372727778884   0.27645985444899124   0.2316042380247821   0.4713687208292389   0.4453500547631047   1.0   0.9289844345746007   0.7862215945915092   0.2910053368540455   -0.37782825387157265   -0.2040370680589967   -0.367640251113936   -0.2686374815868755   -0.4204671686335869   -0.2606335143894442   -0.10849130605382566   -0.03717995233878537   -0.09584663874864367   -0.05144459977143695   -0.09586253975962984   0.10781503450625832   0.007025207321062198   0.05167216834278225   -0.06113611497408299   0.03130484820336659   -0.06739973300759805   0.04937222520860609   -0.056037054897823645   0.05011148879685349   -0.10048693124686829   0.010516840942990564   -0.2390026183342064   -0.2125826009455298   0.03662639763981009   0.056232603943360826   -0.13184542440685781   
T_sec   15.0   15.5   16.0   16.5   17.0   17.5   18.0   18.5   19.0   19.5   20.0   20.5   21.0   21.5   22.0   22.5   23.0   23.5   24.0   24.5   25.0   25.5   26.0   26.5   27.0   27.5   28.0   28.5   29.0   29.5   30.0   30.5   31.0   31.5   32.0   32.5   33.0   33.5   34.0   34.5   35.0   35.5   36.0   36.5   37.0   37.5   38.0   38.5   39.0   39.5   40.0   40.5   41.0   41.5   42.0   42.5   43.0   43.5   44.0   44.5   45.0   45.5   46.0   46.5   47.0   47.5   48.0   48.5   49.0   49.5   50.0   50.5   51.0   51.5   52.0   52.5   53.0   53.5   54.0   54.5   55.0   
U20   0.1305401421764518   0.10955388951874083   0.09746130177913845   0.0584593296900791   -0.10262096422699964   0.2126514741364286   0.22491244097509985   0.10664094359327245   0.012378736564252554   0.2966507317650178   -0.09679403924640223   -0.02899705384402922   -0.1396942241716468   0.08746315586885935   0.028252238828086456   -0.03456667473482598   0.030641437670615595   -0.17615544258525562   -0.01934026431881099   -0.009127394338660128   0.13167364020789835   -0.2636865256856873   -0.05351403233610815   -0.0605496860332293   0.02808505347861415   -0.08982627622363504   -0.06934350869154143   0.1611475282149981   0.18761419973037113   0.08856246000509085   0.015195008211730525   0.1527020761664559   -0.05792616372669652   0.10629091857536539   0.001597193011466815   0.12824090569304733   -0.18796082739912226   0.003933893420383691   0.0425903525681479   0.06641123767625813   0.01878485245517138   0.16252487228915796   -0.058403234363778214   0.03815244724488586   0.2619542935715051   0.43521993638082607   0.2062029298386073   0.45537264340333095   0.5357414559279609   0.8645432823855418   0.9477277017438313   1.0   0.8350320725756164   -0.005238692212115399   -0.5885626637692278   -0.6240836814486042   -0.41887068214451134   -0.40266818690532374   -0.013903369158681645   -0.23642003089134958   -0.2266756421433701   -0.12175373046343528   -0.04527463760447925   -0.025874086976671117   -0.04043974613161751   -0.08412589077115522   -0.27125546539624484   -0.11637984396343679   -0.11864094688297765   0.12901080517670438   0.016768372859332692   -0.1574319787346684   -0.006532842613014289   0.02863760002435954   0.08472427926084941   -0.09271977558691616   0.1745946116055228   -0.11761461544487087   -0.07624489695544057   0.12013057910139312   0.0863402572685089   
T_sec   15.0   15.5   16.0   16.5   17.0   17.5   18.0   18.5   19.0   19.5   20.0   20.5   21.0   21.5   22.0   22.5   23.0   23.5   24.0   24.5   25.0   25.5   26.0   26.5   27.0   27.5   28.0   28.5   29.0   29.5   30.0   30.5   31.0   31.5   32.0   32.5   33.0   33.5   34.0   34.5   35.0   35.5   36.0   36.5   37.0   37.5   38.0   38.5   39.0   39.5   40.0   40.5   41.0   41.5   42.0   42.5   43.0   43.5   44.0   44.5   45.0   45.5   46.0   46.5   47.0   47.5   48.0   48.5   49.0   49.5   50.0   50.5   51.0   51.5   52.0   52.5   53.0   53.5   54.0   54.5   55.0   
U21   -0.08335873145826235   0.08736573774196231   0.1392124984800378   0.1351835330173012   0.033491890562150094   -0.08288057840455558   -0.05708844863386084   -0.013114418789245639   -0.03151043796448628   -0.022379737252760122   0.015469336845443087   0.009862444726713899   0.10810323302101221   -0.030627157476733183   -0.013662048838288029   -0.01283960808108488   0.22356737730966222   0.004961170575224394   -0.0782082815025693   0.1081489513221392   -0.025856157855198826   0.008326375704092146   -0.00463318353056289   0.055854470322900966   0.11474097016608731   0.0034637473256810968   -0.21168858929875428   -0.09429691314621602   0.117686364405657   -0.06481008334912021   -0.030308492238720473   -0.08591640843777885   -0.030980955832966943   0.002401413862991483   0.009033914184698011   0.08014672198386533   -0.09984302017540467   -0.267812138302946   0.09327339814441747   0.24862654321509312   -0.06802948307858685   -0.04360121162751356   0.03433511110536509   0.01328296122388449   0.17759794320842914   0.3394515718280787   0.4545530195458567   0.48893612543064485   0.5053875221720396   0.5815635928164682   0.8849866950048493   1.0   0.9038256101543736   -0.2701221798795579   -0.6668094011455964   -0.2943149231474512   -0.33108950613068366   -0.25130493340253124   -0.140268399019348   -0.16657255114561653   0.021486345278282113   -0.1213167168651014   0.15708395589493004   -0.12148480635790153   -0.2566036409800582   -0.11322780171841575   -0.07809596998404286   0.1100147239699932   -0.028382297861545884   -0.030375610366000477   -0.056556767554868825   -0.06806145139859807   0.014180802541685578   0.07165325464425373   -0.17774520111581749   0.02874307060119725   0.12958822220352917   -0.0713389907512882   -0.2617358868208202   0.06670443911908013   -0.27629015685181935   
T_sec   15.0   15.5   16.0   16.5   17.0   17.5   18.0   18.5   19.0   19.5   20.0   20.5   21.0   21.5   22.0   22.5   23.0   23.5   24.0   24.5   25.0   25.5   26.0   26.5   27.0   27.5   28.0   28.5   29.0   29.5   30.0   30.5   31.0   31.5   32.0   32.5   33.0   33.5   34.0   34.5   35.0   35.5   36.0   36.5   37.0   37.5   38.0   38.5   39.0   39.5   40.0   40.5   41.0   41.5   42.0   42.5   43.0   43.5   44.0   44.5   45.0   45.5   46.0   46.5   47.0   47.5   48.0   48.5   49.0   49.5   50.0   50.5   51.0   51.5   52.0   52.5   53.0   53.5   54.0   54.5   55.0   
U22   -0.028779817287994326   0.1259102511518547   0.051627732065886105   0.11670094275081944   -0.06559172460405278   -0.07533845720286036   0.047322473510354374   -0.13797297429541672   0.039168192407783305   0.04229481248358878   -0.06564563121416475   0.09958452882277924   0.025663566510984608   -0.07713172764736786   -0.04410889885302168   0.07916760502624821   0.009460338752991097   0.06636559413515714   0.07101460460740465   -0.052356009363990125   0.06996263283510358   0.04069416115653251   0.08342162957792798   -0.06958411083536313   -0.07806265413362287   0.02462486864379426   -0.1509735882575455   -0.07655953089539512   -0.05577841537675805   -0.07691847419211453   0.09707142945296164   -0.07518623867467811   0.009465883193841906   0.07680851502872973   0.032772021635201536   -0.10664683655374095   -0.07559402817240263   0.07816851122698533   0.09803254257737729   0.040262130653745204   0.001507430283791898   0.1257714080330215   0.21095219615885355   0.29282226121575555   0.39994038162830164   0.40075920576688423   0.7131291561870866   0.712078150216522   0.5060695882760463   0.7712215014249397   1.0   0.8713694958613104   0.21110099777502758   -0.27764889891337163   -0.6199884779184918   -0.346596084496019   -0.30371400420347067   -0.06766516447615754   -0.2486530933802133   -0.07648328990730724   -0.045565778317499715   -0.0977934864993878   -0.17255753570285695   -0.29367079997657436   -0.215530925739431   -0.1504644284422498   -0.1153350803036866   -0.0993974575224749   -0.16330946480031577   -0.1139551860939545   0.041546065907416774   -0.02183939640328922   0.07109350664220274   0.10440748844925267   -0.022673479975635177   0.0744870028832933   0.03062206652445845   0.08169155913214933   -0.028868242412523604   0.10808469892901798   0.1899993006073213   
T_sec   15.0   15.5   16.0   16.5   17.0   17.5   18.0   18.5   19.0   19.5   20.0   20.5   21.0   21.5   22.0   22.5   23.0   23.5   24.0   24.5   25.0   25.5   26.0   26.5   27.0   27.5   28.0   28.5   29.0   29.5   30.0   30.5   31.0   31.5   32.0   32.5   33.0   33.5   34.0   34.5   35.0   35.5   36.0   36.5   37.0   37.5   38.0   38.5   39.0   39.5   40.0   40.5   41.0   41.5   42.0   42.5   43.0   43.5   44.0   44.5   45.0   45.5   46.0   46.5   47.0   47.5   48.0   48.5   49.0   49.5   50.0   50.5   51.0   51.5   52.0   52.5   53.0   53.5   54.0   54.5   55.0   
U23   0.02086363032331244   0.01793157275778241   0.04306252076640324   0.15233638261521576   0.030691535313512503   0.20256317974142063   0.026878216822883223   0.08908433261241713   -0.09666111252820864   0.05073527930753968   -0.04314378304532745   -0.11599712289413357   -0.07537703220477278   -0.1268893301505327   0.006210564194722709   0.17981938431520214   0.01989902335636708   -0.0824833821504438   0.12757107826071207   -0.04664188423703411   -0.05134782623976681   0.0648167225406385   -0.0857546411543989   0.005123968552941442   -0.06290250164911543   -0.25779793385853783   -0.045540945597532155   0.15759636831500098   0.020067761330066318   0.04682393758205646   0.0871748101037611   -0.10288311301025509   0.08228851914623377   -0.1810393256375612   -0.0901996863196962   -0.00882845211022767   0.001781891570627268   -0.01737587517884597   -0.2090131090965766   -0.013714760087504463   0.26039528334327827   0.12001931192747965   0.30322716867615146   0.3186678701801091   0.4158385938791827   0.8889128286708019   0.9225492109853398   0.6134236873159413   1.0   0.5795535864722569   0.29005150951875047   0.660816664204802   0.3197298058694572   -0.3088600961446899   -0.6792693701502746   -0.47841048632415195   -0.1867265177974708   -0.1388664020880392   -0.06730182711507456   -0.1614059663649713   -0.30091853039064315   -0.2489098396092051   -0.07688130948141242   -0.27503988735198376   -0.03402304080808116   -0.2920904116533925   -0.08203176739254665   -0.18406910294313583   -0.2159825081305798   -0.07418425958890867   -0.049815026298679496   -0.012123528500136234   0.0893489939702809   0.12712292711261716   0.017066400188800672   0.09467270953189513   0.15890413271862924   0.09067982146828664   0.005203312757725519   -0.10112648605959879   0.05909480448060911   
T_sec   15.0   15.5   16.0   16.5   17.0   17.5   18.0   18.5   19.0   19.5   20.0   20.5   21.0   21.5   22.0   22.5   23.0   23.5   24.0   24.5   25.0   25.5   26.0   26.5   27.0   27.5   28.0   28.5   29.0   29.5   30.0   30.5   31.0   31.5   32.0   32.5   33.0   33.5   34.0   34.5   35.0   35.5   36.0   36.5   37.0   37.5   38.0   38.5   39.0   39.5   40.0   40.5   41.0   41.5   42.0   42.5   43.0   43.5   44.0   44.5   45.0   45.5   46.0   46.5   47.0   47.5   48.0   48.5   49.0   49.5   50.0   50.5   51.0   51.5   52.0   52.5   53.0   53.5   54.0   54.5   55.0   
U24   0.08081525962439742   -0.01239896279466917   -0.06322184551536333   0.06059134004497187   0.0802177197954234   0.217985737695125   0.03950892389125309   -0.11242346963593856   0.011620022138981419   -0.04353347206132085   0.02394159499218788   -0.1863620626676377   -0.20236326554625528   -0.04415326398156338   -0.04227705108558751   0.03071388408431944   0.00040912785494155566   -0.053160944123489436   -0.004417717897593039   0.095354648372841   0.0606197579006525   -0.1915748085810099   -0.04237706561039185   -0.039876707887058827   -0.005276718019213403   -0.05387653118905051   0.005181183141230437   0.1473395314891454   0.0030134545884246454   -0.1317017094669084   0.005213155371963998   -0.11993870817286945   0.03386856298022096   -0.2283993909181546   0.09231048035746105   0.06418894154345142   0.032399205701039754   0.13975206471069332   -0.052898717713072696   0.11938054928818324   0.07759233049214372   0.30866088339123343   0.27867118330492086   0.5525206974001875   0.8883036852389153   0.8221818497659891   0.9315258638498074   1.0   0.08463326857321729   -0.15547874943366047   0.4259505752789272   0.713574567514749   0.63929743813497   -0.28195377036635055   -0.4587979626153921   -0.4320075605521986   -0.15253987740848407   -0.3614292081148159   0.056049326049136414   -0.32185943642494325   -0.16092180648335008   -0.33336954389193735   -0.15118337094895537   -0.17892832197046507   -0.09102813382222404   -0.04466038187276582   -0.0839813009654932   -0.06024673817189835   0.11818574268425444   -0.043615988913545393   0.011811878314523738   -0.1512164078781547   -0.09995692575017805   -0.03466734906358129   0.06949375109384995   -0.06835655432667499   0.0997636368720176   0.0392550432817644   -0.19998043699416956   -0.11994955381818644   -0.007034898193399279   
T_sec   15.0   15.5   16.0   16.5   17.0   17.5   18.0   18.5   19.0   19.5   20.0   20.5   21.0   21.5   22.0   22.5   23.0   23.5   24.0   24.5   25.0   25.5   26.0   26.5   27.0   27.5   28.0   28.5   29.0   29.5   30.0   30.5   31.0   31.5   32.0   32.5   33.0   33.5   34.0   34.5   35.0   35.5   36.0   36.5   37.0   37.5   38.0   38.5   39.0   39.5   40.0   40.5   41.0   41.5   42.0   42.5   43.0   43.5   44.0   44.5   45.0   45.5   46.0   46.5   47.0   47.5   48.0   48.5   49.0   49.5   50.0   50.5   51.0   51.5   52.0   52.5   53.0   53.5   54.0   54.5   55.0   
U25   0.05784190085284005   -0.1577346014356562   0.02477092718470125   -0.01586732839383992   0.1574431909274513   -0.0484852111136819   0.15379237896153136   -0.07283498147447744   -0.0773631543032744   0.08440332580839208   -0.015683289880687578   -0.11609100564712231   0.10470220468292456   0.020069671812965213   -0.041184179188400755   -0.1269069994931751   0.04565872817944733   -0.0030190673771486373   -0.14212187852568067   -0.0599982914080378   0.011064357463699765   -0.08061921190025843   0.08618267117480133   0.011835457639083934   0.0245208279955762   0.11964940751614139   0.08625527676479491   -0.054135319661432146   -0.15749531211133033   -0.0027035424818366463   -0.06787126561318013   0.21275072678148255   0.13991075760334876   -0.065185182065658   -0.09999536223668735   -0.15439032500262598   0.0016283121831953962   -0.0407626133052578   0.03665178753146784   0.15193122623027658   0.35141427190196944   0.2804920219435351   0.36677941964345634   0.7080817408844854   1.0   0.7260274447215963   -0.21678319288817438   -0.31772408528713025   -0.13316301775987313   0.11828418536248372   0.2756783419006426   0.5573062353477093   0.39541111860594513   -0.18962233001151937   -0.4793598236178843   -0.23977185128786083   -0.14217225612666526   -0.18878465863188468   0.11630665484670133   -0.12469245793854239   -0.2402916897766351   -0.2274264808059683   0.021587517893673216   -0.07286177448410104   -0.1130386939236326   -0.09304576874192362   -0.0420768034184836   0.029239414238084006   0.060133317425577704   0.018448996212038663   0.04868327390962264   -0.025707166895669074   0.010198824338581942   0.017358737385144443   -0.016687934295001483   -0.07828260964849748   0.19401026362673496   0.23245227945966376   -0.10650538768495346   -0.029613455610663177   -0.08851403011980293   
T_sec   15.0   15.5   16.0   16.5   17.0   17.5   18.0   18.5   19.0   19.5   20.0   20.5   21.0   21.5   22.0   22.5   23.0   23.5   24.0   24.5   25.0   25.5   26.0   26.5   27.0   27.5   28.0   28.5   29.0   29.5   30.0   30.5   31.0   31.5   32.0   32.5   33.0   33.5   34.0   34.5   35.0   35.5   36.0   36.5   37.0   37.5   38.0   38.5   39.0   39.5   40.0   40.5   41.0   41.5   42.0   42.5   43.0   43.5   44.0   44.5   45.0   45.5   46.0   46.5   47.0   47.5   48.0   48.5   49.0   49.5   50.0   50.5   51.0   51.5   52.0   52.5   53.0   53.5   54.0   54.5   55.0   
U26   0   0   0   0   0   0   0   0   0   0   0   0   0   0   0   0   0   0   0   0   0   0   0   0   0   0   0   0   0   0   0   0   0   0   0   0   0   0   0   0   0   0   0   0   0   0   0   0   0   0   0   0   0   0   0   0   0   0   0   0   0   0   0   0   0   0   0   0   0   0   0   0   0   0   0   0   0   0   0   0   0   
T_sec   15.0   15.5   16.0   16.5   17.0   17.5   18.0   18.5   19.0   19.5   20.0   20.5   21.0   21.5   22.0   22.5   23.0   23.5   24.0   24.5   25.0   25.5   26.0   26.5   27.0   27.5   28.0   28.5   29.0   29.5   30.0   30.5   31.0   31.5   32.0   32.5   33.0   33.5   34.0   34.5   35.0   35.5   36.0   36.5   37.0   37.5   38.0   38.5   39.0   39.5   40.0   40.5   41.0   41.5   42.0   42.5   43.0   43.5   44.0   44.5   45.0   45.5   46.0   46.5   47.0   47.5   48.0   48.5   49.0   49.5   50.0   50.5   51.0   51.5   52.0   52.5   53.0   53.5   54.0   54.5   55.0   
U27   0.0784052284900108   -0.21831287533679655   0.031539372861437674   -0.1629509435495551   0.005399391760902165   -0.22242666271698677   -0.18627685710725264   -0.13287540639160508   0.05949633185372957   0.012725795632564709   -0.026020005863709936   -0.053733531382122425   -0.12433653051608659   -0.0016300644121715524   -0.02046635219677435   -0.033243040686035515   -0.06373354101161113   0.010370396657820235   -0.03303076809166987   0.05668178647410318   -0.06344492823848066   -0.013485125024613649   -0.0026929301172801613   -0.1435000557730726   0.029592029123311058   0.008728017616474747   -0.26667616541508554   0.09181837372690174   -0.1196089631256259   0.09937988687121317   -0.15561490776675257   -0.05154093774385217   0.0018039822589312768   -0.09108602213955128   0.16101576410986487   0.08645382061705262   0.13747483631431154   0.044067194124694085   0.24722641117635363   0.3178315412431019   0.6628355083303726   0.6754438890781467   1.0   0.5319167767671491   -0.1661833102698582   -0.18497562876589801   -0.07344944646124596   0.2750101602910309   0.29224419980073496   0.22922235991758017   0.2064433059455571   0.2932589954735324   0.6093523900019799   -0.2305135105213689   -0.5803372610990565   -0.4124015019576918   -0.15858378496015216   0.11346956367913874   -0.1584261705516882   -0.09143801336553406   -0.13844302191367622   -0.07008355506000008   -0.06306737059374676   -0.053439102269798984   -0.018698487022357695   0.0034859894860162933   -0.038026319214759664   -0.16651086595945577   -0.15683520371752363   0.18711938042413356   -0.07947174963399938   -0.12491983406046343   -0.0387351799329762   0.1158864845120452   -0.05373679303139933   -0.06762378267462187   0.036971481991986674   0.014371097720553725   -0.12941657667681095   -0.20635086796271085   0.12167110110098887   
T_sec   15.0   15.5   16.0   16.5   17.0   17.5   18.0   18.5   19.0   19.5   20.0   20.5   21.0   21.5   22.0   22.5   23.0   23.5   24.0   24.5   25.0   25.5   26.0   26.5   27.0   27.5   28.0   28.5   29.0   29.5   30.0   30.5   31.0   31.5   32.0   32.5   33.0   33.5   34.0   34.5   35.0   35.5   36.0   36.5   37.0   37.5   38.0   38.5   39.0   39.5   40.0   40.5   41.0   41.5   42.0   42.5   43.0   43.5   44.0   44.5   45.0   45.5   46.0   46.5   47.0   47.5   48.0   48.5   49.0   49.5   50.0   50.5   51.0   51.5   52.0   52.5   53.0   53.5   54.0   54.5   55.0   
U28   0.12299511023074002   0.05488193255217861   -0.048097521783822796   0.022625359843091254   -0.07441761713291754   -0.09199891521707096   -0.17944310754119597   0.11972402113632487   0.02066112200420189   -0.04701655488814528   0.023253157729730817   -0.009984430429768001   0.01580014376880844   -0.1418839945711133   0.08661753082607757   0.047477618462794705   -0.13779645377551136   0.04241914427623117   -0.08550083282810512   -0.13791605907828164   0.07573807353566983   0.11673200637798202   0.09931687874430556   -0.02754133277722618   -0.09122631399217386   0.037909128721516486   -0.02947750306850953   -0.0002355954128179973   -0.005246274564572406   -0.021269713713021676   -0.16392140930782295   0.09035526261755975   -9.878654492381005e-05   0.06730572895996871   -0.08250744552861769   0.05980066472244497   0.20327398591117662   0.16539226960316245   0.1476214489221531   0.5425502966857833   0.83464979446082   1.0   -0.03644749386214926   -0.3982837127165899   0.030633498694154   -0.0319515579243031   0.056579134696752895   0.20759371584713832   0.16379330284125754   0.08254483363346894   0.2962428503490311   0.2506232927647855   0.205613634798667   -0.21177956995930097   -0.38304439373159416   -0.22610794310090118   -0.16950978015947785   -0.173486681220846   -0.17488892067064649   -0.011365094800826236   -0.1380552635188257   -0.10367166075863406   0.02980182500796269   0.1361547405858221   -0.10097919222331571   -0.09907284872147386   -0.11612289848052024   -0.21137755864835497   -0.042425047477430526   -0.17188767286549722   0.05531276999087916   0.11242157578603787   0.08131401866121042   -0.01085691395011102   -0.10879357087558184   -0.17185645941369673   -0.097386718681673   -0.09225297816998451   -0.06834397617392211   -0.11009498571194488   0.041940307969640614   
T_sec   15.0   15.5   16.0   16.5   17.0   17.5   18.0   18.5   19.0   19.5   20.0   20.5   21.0   21.5   22.0   22.5   23.0   23.5   24.0   24.5   25.0   25.5   26.0   26.5   27.0   27.5   28.0   28.5   29.0   29.5   30.0   30.5   31.0   31.5   32.0   32.5   33.0   33.5   34.0   34.5   35.0   35.5   36.0   36.5   37.0   37.5   38.0   38.5   39.0   39.5   40.0   40.5   41.0   41.5   42.0   42.5   43.0   43.5   44.0   44.5   45.0   45.5   46.0   46.5   47.0   47.5   48.0   48.5   49.0   49.5   50.0   50.5   51.0   51.5   52.0   52.5   53.0   53.5   54.0   54.5   55.0   
U29   0   0   0   0   0   0   0   0   0   0   0   0   0   0   0   0   0   0   0   0   0   0   0   0   0   0   0   0   0   0   0   0   0   0   0   0   0   0   0   0   0   0   0   0   0   0   0   0   0   0   0   0   0   0   0   0   0   0   0   0   0   0   0   0   0   0   0   0   0   0   0   0   0   0   0   0   0   0   0   0   0   
T_sec   15.0   15.5   16.0   16.5   17.0   17.5   18.0   18.5   19.0   19.5   20.0   20.5   21.0   21.5   22.0   22.5   23.0   23.5   24.0   24.5   25.0   25.5   26.0   26.5   27.0   27.5   28.0   28.5   29.0   29.5   30.0   30.5   31.0   31.5   32.0   32.5   33.0   33.5   34.0   34.5   35.0   35.5   36.0   36.5   37.0   37.5   38.0   38.5   39.0   39.5   40.0   40.5   41.0   41.5   42.0   42.5   43.0   43.5   44.0   44.5   45.0   45.5   46.0   46.5   47.0   47.5   48.0   48.5   49.0   49.5   50.0   50.5   51.0   51.5   52.0   52.5   53.0   53.5   54.0   54.5   55.0   
U30   -0.047184520108207374   0.0245646150881653   0.12426884901130564   -0.0695992901757774   -0.14372020288545925   0.06789848090264557   -0.10939925692967666   0.04279982881170998   -0.11131348230214266   -0.08417739295333512   0.031632152128404534   0.23865121974444697   -0.062421011671360514   0.029509825698155023   -0.04650115904799661   0.20516169006633872   0.16601287967408668   0.22263127148608103   0.0826479688260904   -0.13200557430437945   -0.23558660262158776   -0.1378224357958399   -0.1402082131695245   0.06627102436132366   -0.05413030486441037   0.030694449001063197   -0.0769288945168322   -0.061003549722693826   -0.15037212168330305   0.12663423644133043   -0.06692572303484316   -0.08833882646710753   0.02946894590938257   0.13320938741798954   0.09036795586318822   0.16571873152986316   0.3032381349532729   0.4325512343897847   1.0   0.45189338856401917   -0.1792726239239059   -0.1469317997777533   0.11788444253845011   -0.08464601317586266   0.16885944522739532   0.2882797909680387   -0.0516641218226512   0.2364336455164366   0.1292381319344538   0.05366657014375552   -0.1311310478939596   0.5660345969112303   0.4140120818823981   -0.3160229709974809   -0.42906059966911975   -0.35312388359996116   -0.23232294446818808   -0.06527447182994413   -0.3096364729283793   0.1127917376007988   -0.24823945428431402   0.025784217095412256   -0.019102134583958992   0.06144080224897984   -0.22347013688320136   -0.19231989965395374   0.18183635467284062   -0.2761694954748532   -0.18874079192829235   0.006659610344387547   0.1180609006752256   0.08782475770010204   0.1894926840653913   0.185898750636691   -0.09272502204710714   -0.2081223955469586   0.3189720612272076   0.20523088829990382   -0.007133471840696357   -0.13842308974604264   0.03870972348593112   
T_sec   15.0   15.5   16.0   16.5   17.0   17.5   18.0   18.5   19.0   19.5   20.0   20.5   21.0   21.5   22.0   22.5   23.0   23.5   24.0   24.5   25.0   25.5   26.0   26.5   27.0   27.5   28.0   28.5   29.0   29.5   30.0   30.5   31.0   31.5   32.0   32.5   33.0   33.5   34.0   34.5   35.0   35.5   36.0   36.5   37.0   37.5   38.0   38.5   39.0   39.5   40.0   40.5   41.0   41.5   42.0   42.5   43.0   43.5   44.0   44.5   45.0   45.5   46.0   46.5   47.0   47.5   48.0   48.5   49.0   49.5   50.0   50.5   51.0   51.5   52.0   52.5   53.0   53.5   54.0   54.5   55.0   
U31   0.04890984750739714   -0.12903377097304622   0.05001291465612135   0.05281041135830308   0.1261088426159984   0.0043598525712456385   0.013655581156398982   0.022974873095071943   0.07029210074571622   -0.1339188972598779   0.07521507504608646   -0.04102388257660294   0.07149628178225549   -0.07514303002364385   -0.06807959338970217   0.052015451136214225   -0.1785664309292745   -0.06766618256601867   -0.06713853502838946   -0.08777191870936016   -0.031982146203080236   0.03413376625627283   0.04020899466939459   -0.006527085486884613   -0.16223991752392092   0.01990946671855409   -0.047770075455910624   -0.03694258288841784   -0.12240151468999672   -0.06800133553713802   -0.19503736622530277   -0.002338324539484026   0.04886314444530714   -0.03682358952100642   0.1511585533452561   0.12082337098870943   1.0   0.7048783667813865   -0.2943944906406317   0.23192648932466772   0.12410980905382189   0.1353372775788493   0.09650743765415301   0.1314369421378466   0.09021032142103974   0.03462706368916334   -0.00652337630870077   0.22157901097872068   0.041887011005674955   0.01585564720192275   0.1510735034937053   0.12133134390371832   0.11004203928804018   -0.2885503351292066   -0.33411138805287616   -0.12573368276937102   -0.1817475067134124   -0.1512175554836849   0.05371251239268322   0.08462598767503457   -0.06736544470286213   -0.05767458559091393   0.15071600668775975   0.08057060856589607   -0.0042413257489174105   -0.051880310443424026   -0.08475066327363903   0.023476636838420543   -0.12576544433911985   -0.0062756846294302684   -0.0034133176316845687   0.02665519402619276   0.11292986124850789   0.15919251830817394   -0.042324262140997125   0.09615726052628931   0.09552346344185182   0.2581320989635459   0.17565625222005884   -0.179473584358041   -0.08810420282555266   
T_sec   15.0   15.5   16.0   16.5   17.0   17.5   18.0   18.5   19.0   19.5   20.0   20.5   21.0   21.5   22.0   22.5   23.0   23.5   24.0   24.5   25.0   25.5   26.0   26.5   27.0   27.5   28.0   28.5   29.0   29.5   30.0   30.5   31.0   31.5   32.0   32.5   33.0   33.5   34.0   34.5   35.0   35.5   36.0   36.5   37.0   37.5   38.0   38.5   39.0   39.5   40.0   40.5   41.0   41.5   42.0   42.5   43.0   43.5   44.0   44.5   45.0   45.5   46.0   46.5   47.0   47.5   48.0   48.5   49.0   49.5   50.0   50.5   51.0   51.5   52.0   52.5   53.0   53.5   54.0   54.5   55.0   
U32   0.17198637306872566   -0.039260598846743266   -0.09002334988813801   -0.2325709910990191   0.042727311629797975   -0.11654349872948148   0.026576517765285447   -0.09598711318707175   0.23133098765011148   0.21431873138627527   0.07870626371363308   0.04944842680682686   -0.038567625069817625   -0.08154711708759683   0.008093055233923594   0.04990818191115759   -0.2313957882528306   -0.03449187479413169   0.03341478358338081   -0.20285171414539377   -0.02423138958753645   0.024042014412976837   -0.06042941219560781   -0.24806141232022452   0.022784761038687942   0.07701554195111074   -0.014791681775538216   0.006262845029098572   0.04842949489096785   0.07949236001620563   0.10841942902314065   0.04925489857371018   -0.06914076943827879   0.05839728843839016   0.4478193036160811   0.9519378782365883   1.0   -0.09209277689888633   -0.2085019104616097   0.2106208401195717   0.3301501368852164   0.33380618410277707   0.09218758460888875   0.22689287592399407   -0.07491414147006849   0.2170813267807814   0.21465794846781708   -0.08879848349169885   -0.2941145715523596   0.10948526509319383   0.160264290378406   0.22971482578293173   0.25660177507801313   -0.21796001321172376   -0.6892366358932356   -0.28823790501533675   -0.2444250588850118   -0.02930485893596162   -0.0006381371924598647   0.027542207476976135   0.14364905982298964   -0.12432374120637535   0.08556165557465274   0.041933917649326205   0.017321363788568654   -0.05263451170741328   -0.0026904518655269175   0.024059542959572577   -0.14652455139554732   -0.020935636851852072   -0.004729285856631316   0.039574252029740666   0.19581213528183017   -0.09807182490736234   -0.014328784920016591   0.2144301457719423   0.191128842887338   0.029352633982117075   0.056851963394509215   0.036896490886701966   -0.14137394527301378   
T_sec   15.0   15.5   16.0   16.5   17.0   17.5   18.0   18.5   19.0   19.5   20.0   20.5   21.0   21.5   22.0   22.5   23.0   23.5   24.0   24.5   25.0   25.5   26.0   26.5   27.0   27.5   28.0   28.5   29.0   29.5   30.0   30.5   31.0   31.5   32.0   32.5   33.0   33.5   34.0   34.5   35.0   35.5   36.0   36.5   37.0   37.5   38.0   38.5   39.0   39.5   40.0   40.5   41.0   41.5   42.0   42.5   43.0   43.5   44.0   44.5   45.0   45.5   46.0   46.5   47.0   47.5   48.0   48.5   49.0   49.5   50.0   50.5   51.0   51.5   52.0   52.5   53.0   53.5   54.0   54.5   55.0   
U33   0.1533104532993998   -0.055565449896230766   0.008604038210621319   -0.21616704090152702   -0.08936327120110747   -0.03005499010611777   0.01738521367007113   0.09829887126824319   -0.2472821369669871   -0.000899152885984628   -0.02522776700641305   -0.17339728520084102   -0.026007384195110228   -0.0019723340659568616   0.06293607967273217   -0.07516413992959599   -0.00931640679194186   -0.0757793762647462   0.0345601593355189   0.010756440953322293   -0.10093659436589449   0.1751298965504942   -0.10999853359144243   -0.08236443456185126   -0.06145894049221744   0.014196893035707018   0.08867860553131034   -0.0067842493482948435   0.015669737866703688   0.09620860413768222   0.03602788229526255   0.041810763596255046   0.058716468417606554   0.6702687829880435   1.0   0.43585992597493345   -0.11946802974380495   0.22214412564743577   0.2004723037040101   0.13357369188088467   0.20656516114772167   0.09893089918731368   0.18949928493572343   -0.08978627997754902   0.0516327893438856   0.12326964724119743   0.19488125464103404   0.11742325772047953   0.2330085144803037   0.07882449384273635   0.11298513122737688   -0.028137930346824637   0.011126940206741352   -0.09599579990277365   -0.4101015085508122   -0.16877117942467437   -0.09373548345246609   -0.09513042508808299   -0.19451007842620194   0.21902307357113268   -0.1735192652236465   0.13794764805116008   0.02612767224936008   0.0792842509335975   0.1340169239212678   0.19850384540050375   -0.13415751357994055   0.0500305336740368   -0.12822897412895262   0.09086801763900941   -0.02397377199344021   -0.01816993285427637   -0.04387517647652509   0.1615746564434295   -0.005349947367830181   0.002489292278057312   0.020726305227572416   -0.08557768984369961   -0.06516690053866166   0.024405469361250525   -0.045596268264179764   
T_sec   15.0   15.5   16.0   16.5   17.0   17.5   18.0   18.5   19.0   19.5   20.0   20.5   21.0   21.5   22.0   22.5   23.0   23.5   24.0   24.5   25.0   25.5   26.0   26.5   27.0   27.5   28.0   28.5   29.0   29.5   30.0   30.5   31.0   31.5   32.0   32.5   33.0   33.5   34.0   34.5   35.0   35.5   36.0   36.5   37.0   37.5   38.0   38.5   39.0   39.5   40.0   40.5   41.0   41.5   42.0   42.5   43.0   43.5   44.0   44.5   45.0   45.5   46.0   46.5   47.0   47.5   48.0   48.5   49.0   49.5   50.0   50.5   51.0   51.5   52.0   52.5   53.0   53.5   54.0   54.5   55.0   
U34   -0.030851405127884944   0.005234435632887108   -0.07263027048777793   -0.08988971375118227   -0.031102090807887374   -0.08271073247811976   0.08195677283294893   0.1209111735435655   -0.17951622729334157   -0.08326190466632755   0.006885073232361607   -0.012698589582254352   -0.08298330735985607   -0.05215094259409935   0.08513175951680318   -0.026518560410562397   0.04233102230428063   0.01164080736264782   0.14183158947618182   0.08207513624248235   -0.11699884394811487   -0.0037265621022074184   0.06947326948799978   -0.12375342564468886   -0.10493962877505177   0.09944163974162307   0.12988113375708515   -0.02314257513173566   0.013389578387972334   -0.008653468335491828   0.11992097733212255   0.30579908317403215   0.8020919095985823   1.0   0.4749013130968858   -0.19516886291722427   0.12871476741733232   0.12314719846681833   0.18866887195658816   0.10979187187562572   0.288061568124804   -0.027255690048627303   0.14694500577004743   0.09726499744760803   0.019733551345020507   -0.038145818263687875   0.16489054131818212   0.2109044687255081   0.19809794988056606   -0.0007341016280970607   -0.10828083451971131   0.05745772635707272   0.22656242766042342   -0.1729593486702647   -0.3715914976806008   -0.15460169175217786   -0.016697200756258777   0.03721185776090306   0.0280682315175974   0.004478554392876607   -0.22888792098466001   0.013992068906261907   -0.018288763834360056   0.24519216734146704   0.014176351324096385   0.05867677348681394   -0.15933982358868215   -0.2378699733946736   0.06689355576839497   0.1048966782126202   0.042536801751370194   0.08769631757138038   0.2146598916763323   0.12989293483444436   0.1928765989889813   0.047583667840490514   -0.0609398321661624   -0.02137911007294296   -0.0804839993454428   -0.20601348061074518   -0.09977952547621986   
T_sec   15.0   15.5   16.0   16.5   17.0   17.5   18.0   18.5   19.0   19.5   20.0   20.5   21.0   21.5   22.0   22.5   23.0   23.5   24.0   24.5   25.0   25.5   26.0   26.5   27.0   27.5   28.0   28.5   29.0   29.5   30.0   30.5   31.0   31.5   32.0   32.5   33.0   33.5   34.0   34.5   35.0   35.5   36.0   36.5   37.0   37.5   38.0   38.5   39.0   39.5   40.0   40.5   41.0   41.5   42.0   42.5   43.0   43.5   44.0   44.5   45.0   45.5   46.0   46.5   47.0   47.5   48.0   48.5   49.0   49.5   50.0   50.5   51.0   51.5   52.0   52.5   53.0   53.5   54.0   54.5   55.0   
U35   0   0   0   0   0   0   0   0   0   0   0   0   0   0   0   0   0   0   0   0   0   0   0   0   0   0   0   0   0   0   0   0   0   0   0   0   0   0   0   0   0   0   0   0   0   0   0   0   0   0   0   0   0   0   0   0   0   0   0   0   0   0   0   0   0   0   0   0   0   0   0   0   0   0   0   0   0   0   0   0   0   
T_sec   15.0   15.5   16.0   16.5   17.0   17.5   18.0   18.5   19.0   19.5   20.0   20.5   21.0   21.5   22.0   22.5   23.0   23.5   24.0   24.5   25.0   25.5   26.0   26.5   27.0   27.5   28.0   28.5   29.0   29.5   30.0   30.5   31.0   31.5   32.0   32.5   33.0   33.5   34.0   34.5   35.0   35.5   36.0   36.5   37.0   37.5   38.0   38.5   39.0   39.5   40.0   40.5   41.0   41.5   42.0   42.5   43.0   43.5   44.0   44.5   45.0   45.5   46.0   46.5   47.0   47.5   48.0   48.5   49.0   49.5   50.0   50.5   51.0   51.5   52.0   52.5   53.0   53.5   54.0   54.5   55.0   
U36   -0.06961458313968387   -0.15990749257797   -0.05549622267923842   0.04836560223694497   -0.19259268438040747   -0.002520039646764645   0.13197005502533693   -0.17902424551334625   0.05142383821441461   0.04238283414332962   -0.36223733707174277   0.0945449942347523   -0.15977494649142782   -0.23492921900918398   -0.23090780389882112   0.20876968762454864   0.23047673916005665   -0.17789557053431385   0.05944802467364518   -0.4234035421927723   -0.03479361672267688   0.11482923991203639   -0.11408741906736179   0.09182875896818   -0.013550887670643271   0.18022702382116343   0.14779599543046046   0.48871234617983   0.624220785858821   0.9871149406070457   1.0   0.48254677420838604   0.283755471351998   0.4120263984772803   0.12305553038942577   -0.06109104287848291   -0.09916223779204561   0.02292973420765869   0.04340496951201102   0.004376113868389733   0.24699797638317536   -0.18941112612038538   0.2613419474609436   0.04056462896790208   0.21160249130381445   -0.08844673653336535   -0.011332731009096033   0.00789790497823667   -0.10489837401004949   0.002811259277730929   0.10743282173164187   0.10679110302673274   0.2281683688499182   -0.10230484175513936   -0.3841898777485773   -0.2495160137425442   0.08271587266150039   0.14566190198491416   -0.04818586245983323   0.08701103560236353   0.3830015443396216   0.1255728443710577   0.0770182114382676   0.12278829239284927   0.15425796451700446   -0.0991871547957604   0.14946954410003493   -0.1493233982638656   0.20551555261158497   -0.06254775944655017   0.07108939328061145   -0.09569028730695671   -0.030503754829373137   0.07350835472130865   0.07939106190380427   0.049436535028928245   0.12498042318994264   0.15322594777835197   0.1640520229563801   0.1309506004128724   -0.17121108094337742   
T_sec   15.0   15.5   16.0   16.5   17.0   17.5   18.0   18.5   19.0   19.5   20.0   20.5   21.0   21.5   22.0   22.5   23.0   23.5   24.0   24.5   25.0   25.5   26.0   26.5   27.0   27.5   28.0   28.5   29.0   29.5   30.0   30.5   31.0   31.5   32.0   32.5   33.0   33.5   34.0   34.5   35.0   35.5   36.0   36.5   37.0   37.5   38.0   38.5   39.0   39.5   40.0   40.5   41.0   41.5   42.0   42.5   43.0   43.5   44.0   44.5   45.0   45.5   46.0   46.5   47.0   47.5   48.0   48.5   49.0   49.5   50.0   50.5   51.0   51.5   52.0   52.5   53.0   53.5   54.0   54.5   55.0   
U37   0.09174879554643607   0.1432859109746467   -0.02611906805503561   0.14331877212533145   -0.03686498721465924   -0.1693511761334835   0.1477418359397558   -0.05161479005127944   0.12514135838207416   -0.036689749160296874   0.06305959395386086   0.2985869778293781   0.04988179979189605   0.14142131310835562   0.33238591935142214   0.04963482971453217   -0.11288848586061577   -0.025084437115707507   -0.03978122376991448   -0.08398342355868674   -0.18167082941531765   0.08064075545809252   0.2686310572423301   0.027350116794446055   0.026477799645554186   0.22624555057681092   0.4389888193720021   0.7530487362413837   0.9562175496786471   1.0   0.5008325955204392   0.22739112820987686   -0.0139012677310248   0.04392627675182515   -0.06426716118162085   0.020697227232931402   -0.12111610662930468   0.1136186776910733   0.18179101816646207   -0.030936613718964022   0.12838393031673395   0.1140886161094759   0.1567634348192133   0.0930413992382167   0.04398236914335002   0.021201165763514235   -0.17036179024578307   -0.07943695612831532   -0.11478783318176211   0.017936800031462256   0.0024027623371756304   0.23123097030347742   0.0945588769186904   -0.03657860577755673   -0.33231898424434003   -0.13351025198804745   -0.0064559498094481395   0.04292271646617376   0.22692831794665505   0.2409111758234763   0.21746046530848498   0.06642668528279248   0.1254112659939175   0.14646572537516317   0.07452020977413078   -0.10627537531001409   0.04621310620971498   0.13094108922350275   -0.06071871397820158   -0.08599558596628251   0.027230214676689977   -0.1345416194978738   0.09533137979675582   0.18718364479689764   -0.029494193358524056   -0.10061508530465542   0.010093309929646344   -0.24363342404056756   0.10253709744947018   0.21651183449275352   0.041051738205097846   
T_sec   15.0   15.5   16.0   16.5   17.0   17.5   18.0   18.5   19.0   19.5   20.0   20.5   21.0   21.5   22.0   22.5   23.0   23.5   24.0   24.5   25.0   25.5   26.0   26.5   27.0   27.5   28.0   28.5   29.0   29.5   30.0   30.5   31.0   31.5   32.0   32.5   33.0   33.5   34.0   34.5   35.0   35.5   36.0   36.5   37.0   37.5   38.0   38.5   39.0   39.5   40.0   40.5   41.0   41.5   42.0   42.5   43.0   43.5   44.0   44.5   45.0   45.5   46.0   46.5   47.0   47.5   48.0   48.5   49.0   49.5   50.0   50.5   51.0   51.5   52.0   52.5   53.0   53.5   54.0   54.5   55.0   
U38   0   0   0   0   0   0   0   0   0   0   0   0   0   0   0   0   0   0   0   0   0   0   0   0   0   0   0   0   0   0   0   0   0   0   0   0   0   0   0   0   0   0   0   0   0   0   0   0   0   0   0   0   0   0   0   0   0   0   0   0   0   0   0   0   0   0   0   0   0   0   0   0   0   0   0   0   0   0   0   0   0   
T_sec   15.0   15.5   16.0   16.5   17.0   17.5   18.0   18.5   19.0   19.5   20.0   20.5   21.0   21.5   22.0   22.5   23.0   23.5   24.0   24.5   25.0   25.5   26.0   26.5   27.0   27.5   28.0   28.5   29.0   29.5   30.0   30.5   31.0   31.5   32.0   32.5   33.0   33.5   34.0   34.5   35.0   35.5   36.0   36.5   37.0   37.5   38.0   38.5   39.0   39.5   40.0   40.5   41.0   41.5   42.0   42.5   43.0   43.5   44.0   44.5   45.0   45.5   46.0   46.5   47.0   47.5   48.0   48.5   49.0   49.5   50.0   50.5   51.0   51.5   52.0   52.5   53.0   53.5   54.0   54.5   55.0   
U39   0   0   0   0   0   0   0   0   0   0   0   0   0   0   0   0   0   0   0   0   0   0   0   0   0   0   0   0   0   0   0   0   0   0   0   0   0   0   0   0   0   0   0   0   0   0   0   0   0   0   0   0   0   0   0   0   0   0   0   0   0   0   0   0   0   0   0   0   0   0   0   0   0   0   0   0   0   0   0   0   0   
T_sec   15.0   15.5   16.0   16.5   17.0   17.5   18.0   18.5   19.0   19.5   20.0   20.5   21.0   21.5   22.0   22.5   23.0   23.5   24.0   24.5   25.0   25.5   26.0   26.5   27.0   27.5   28.0   28.5   29.0   29.5   30.0   30.5   31.0   31.5   32.0   32.5   33.0   33.5   34.0   34.5   35.0   35.5   36.0   36.5   37.0   37.5   38.0   38.5   39.0   39.5   40.0   40.5   41.0   41.5   42.0   42.5   43.0   43.5   44.0   44.5   45.0   45.5   46.0   46.5   47.0   47.5   48.0   48.5   49.0   49.5   50.0   50.5   51.0   51.5   52.0   52.5   53.0   53.5   54.0   54.5   55.0   
U40   -0.06912680355178434   -0.02139494694659726   0.1916276141512106   -0.07077310205504868   0.05326300741483256   0.005812787316466631   0.02707343163278209   0.0063880822593843384   -0.15096867106227738   0.13387417018392056   -0.08689342678574336   -0.029417419683336568   0.16014448581155585   0.08914419762641956   -0.02627553594488012   0.08950251557357228   -0.032074157697191776   0.11777109892777206   -0.0022311882837154993   0.14763606690388034   0.17738470949328838   0.12396140102084188   0.35233227442458526   0.4031429933600694   0.3449860124253285   1.0   0.9958723864653883   0.3997563522251092   0.18404840223578411   0.13805164627755964   -0.0028082746831324503   -0.07964953516018865   0.02897477318853072   0.11620700727422904   0.03717426389136682   -0.017043971126060146   -0.035415517184468025   0.135557189666646   0.08832344800953427   0.0830164943964944   0.0013255631649038405   0.06192935108792266   -0.135179202970946   0.03310197186422427   0.018250540471389628   0.1545401947332381   0.12495562088334053   -0.05657011028737181   -0.11284903592968155   -0.12324469760745321   0.008663423020439332   -0.003959268514297675   0.07879777574432764   -0.10109417215527848   -0.2525558989735169   -0.31303158512040263   0.14278792640393287   0.31056773168652735   -0.03638725989190684   0.031047567113322013   0.04830436192824807   -0.11289837905609935   0.16040200607934182   0.0097801249409215   -0.03111201126909772   -0.2222646037052908   -0.04984824549802208   0.10344823459534971   -0.21359895657599035   -0.09212196809804633   -0.05625936021192127   0.1374425175327872   -0.011087243708954442   0.11714685943982812   0.1655983193300585   0.016652407260990383   -0.20457902138503975   -0.027232368279665697   -0.12034536068300651   0.0750523192930127   -0.07198755144798012   
sta_location:9.954407470807796,10.195376934105745,10.88763805139088,11.117428274821942,11.78168189571699,12.230373802586398,12.778226081389567,13.167069673597041,13.620212331284934,14.286174744506354,14.777752527750511,15.035098038965724,15.777376679288109,16.48764769092482,16.72186242550011,17.144221079823968,17.852370540865287,18.068475314900265,18.974232239443054,19.35416230828825,19.734845969624065,20.053247221560966,20.57289999505593,21.189559402790703,21.653692599945142,22.35840578846509,22.615598987053886,23.06145087337591,23.660425879008784,24.435498736633942,24.528702876426248,25.203370860454857,25.51645326142569,26.10543304385085,26.56432409230029,27.232059085455116,27.959527316300836,28.458293798242742,28.837991249181684,29.39892652460477,29.730360031458652,
rebuild_index:0,1,2,3,4,5,6,7,8,9,10,11,12,13,14,15,16,17,18,19,20,21,22,23,24,25,26,27,28,29,30,31,32,33,34,35,36,37,38,39,40,
use_index:0,2,3,5,6,7,9,10,12,14,15,16,17,18,19,20,21,22,23,24,25,27,28,30,31,32,33,34,36,37,40,
rebuild_locdata:9.954407470807796,10.25,10.88763805139088,11.117428274821942,11.75,12.230373802586398,12.778226081389567,13.167069673597041,13.75,14.286174744506354,14.777752527750511,15.25,15.777376679288109,16.25,16.72186242550011,17.144221079823968,17.852370540865287,18.068475314900265,18.974232239443054,19.35416230828825,19.734845969624065,20.053247221560966,20.57289999505593,21.189559402790703,21.653692599945142,22.35840578846509,22.75,23.06145087337591,23.660425879008784,24.25,24.528702876426248,25.203370860454857,25.51645326142569,26.10543304385085,26.56432409230029,27.25,27.959527316300836,28.458293798242742,28.75,29.25,29.730360031458652,
cut_start_time:15.0---cut_windows:40.0---reduction_v:10.0---move_time_window_all:0.0
move_time_window:0.0,0.0,0.0,0.0,0.0,0.0,0.0,0.0,0.0,0.0,0.0,0.0,0.0,0.0,0.0,0.0,0.0,0.0,0.0,0.0,0.0,0.0,0.0,0.0,0.0,0.0,0.0,0.0,0.0,0.0,0.0,0.0,0.0,0.0,0.0,0.0,0.0,0.0,0.0,0.0,0.0,
sta_noise_mean:0,0,0,0,0,0,0,0,0,0,0,0,0,0,0,0,0,0,0,0,0,0,0,0,0,0,0,0,0,0,0,0,0,0,0,0,0,0,0,0,0,
sta_noise_sigma:0.1,0.1,0.1,0.1,0.1,0.1,0.1,0.1,0.1,0.1,0.1,0.1,0.1,0.1,0.1,0.1,0.1,0.1,0.1,0.1,0.1,0.1,0.1,0.1,0.1,0.1,0.1,0.1,0.1,0.1,0.1,0.1,0.1,0.1,0.1,0.1,0.1,0.1,0.1,0.1,0.1,
add_noise_region_move_range:0,0,0,0,0,0,0,0,0,0,0,0,0,0,0,0,0,0,0,0,0,0,0,0,0,0,0,0,0,0,0,0,0,0,0,0,0,0,0,0,0,