T_sec   15.0   15.5   16.0   16.5   17.0   17.5   18.0   18.5   19.0   19.5   20.0   20.5   21.0   21.5   22.0   22.5   23.0   23.5   24.0   24.5   25.0   25.5   26.0   26.5   27.0   27.5   28.0   28.5   29.0   29.5   30.0   30.5   31.0   31.5   32.0   32.5   33.0   33.5   34.0   34.5   35.0   35.5   36.0   36.5   37.0   37.5   38.0   38.5   39.0   39.5   40.0   40.5   41.0   41.5   42.0   42.5   43.0   43.5   44.0   44.5   45.0   45.5   46.0   46.5   47.0   47.5   48.0   48.5   49.0   49.5   50.0   50.5   51.0   51.5   52.0   52.5   53.0   53.5   54.0   54.5   55.0   
U0   -0.2515345174333304   -0.015260733534084164   0.07436937075385011   0.17769959924431708   0.04230473736220533   -0.045907953538155605   0.1605363715452442   0.027318550476061007   -0.05491939649969664   0.06443906708524207   -0.1859451851496467   -0.056134433348432156   -0.13419055033981   -0.06151179033861602   0.007224233868880919   -0.14763669575575727   0.024265306169545767   0.01884368262712668   -0.17573464827514193   0.11041633724305996   0.0715244102756266   -0.2210867804139443   -0.18545027156048444   -0.0003139126266047296   0.3013998929560024   -0.03349903855077219   0.13206465372418347   -0.12552612973946378   0.25936814429008137   0.09198933238806033   0.20760088365598725   0.2128748134368914   -0.1012510368452274   -0.07022523558884183   0.08098186233706818   0.4081900922365503   -0.22730522809855994   0.2132606207482463   -0.14214512829860754   -0.06120146245509746   0.023965403736999   0.1886992702698451   -0.01178629315824907   0.10570159198745553   0.06899417558455301   0.7880631871672318   1.0   0.5085742741448241   0.18847257028681325   0.02356985369310192   -0.0749558956101806   0.00580314408471218   -0.11206770777397182   -0.28898478081078366   -0.1537847852499419   0.014495457521856716   -0.019641560309706152   -0.11167511309623973   0.09082928814034111   -0.1635946408604948   -0.007657716998483576   0.040716536576320884   -0.1680118676582203   -0.009513992818712683   -0.06270033953414794   -0.07082202924867306   -0.024085549075608066   0.111829007949639   0.008288523013640975   -0.06173530853712291   -0.0016141666204524878   0.14183866793276498   -0.1066611768559977   -0.0048373483885794395   0.10293166539858704   0.03530230074574697   0.056091043963118425   0.0493567897952225   0.09775494222572917   -0.03238609689254597   -0.01026287880963903   
T_sec   15.0   15.5   16.0   16.5   17.0   17.5   18.0   18.5   19.0   19.5   20.0   20.5   21.0   21.5   22.0   22.5   23.0   23.5   24.0   24.5   25.0   25.5   26.0   26.5   27.0   27.5   28.0   28.5   29.0   29.5   30.0   30.5   31.0   31.5   32.0   32.5   33.0   33.5   34.0   34.5   35.0   35.5   36.0   36.5   37.0   37.5   38.0   38.5   39.0   39.5   40.0   40.5   41.0   41.5   42.0   42.5   43.0   43.5   44.0   44.5   45.0   45.5   46.0   46.5   47.0   47.5   48.0   48.5   49.0   49.5   50.0   50.5   51.0   51.5   52.0   52.5   53.0   53.5   54.0   54.5   55.0   
U1   0   0   0   0   0   0   0   0   0   0   0   0   0   0   0   0   0   0   0   0   0   0   0   0   0   0   0   0   0   0   0   0   0   0   0   0   0   0   0   0   0   0   0   0   0   0   0   0   0   0   0   0   0   0   0   0   0   0   0   0   0   0   0   0   0   0   0   0   0   0   0   0   0   0   0   0   0   0   0   0   0   
T_sec   15.0   15.5   16.0   16.5   17.0   17.5   18.0   18.5   19.0   19.5   20.0   20.5   21.0   21.5   22.0   22.5   23.0   23.5   24.0   24.5   25.0   25.5   26.0   26.5   27.0   27.5   28.0   28.5   29.0   29.5   30.0   30.5   31.0   31.5   32.0   32.5   33.0   33.5   34.0   34.5   35.0   35.5   36.0   36.5   37.0   37.5   38.0   38.5   39.0   39.5   40.0   40.5   41.0   41.5   42.0   42.5   43.0   43.5   44.0   44.5   45.0   45.5   46.0   46.5   47.0   47.5   48.0   48.5   49.0   49.5   50.0   50.5   51.0   51.5   52.0   52.5   53.0   53.5   54.0   54.5   55.0   
U2   -0.19422960731272473   0.1087086103949627   -0.022311811839519333   0.014996504616772034   0.006798712850705385   0.05574999858150504   -0.12787561901891512   0.11238898742176755   0.4514610105943493   -0.055751707806479416   0.19153692958266855   -0.4002205949740262   0.30680982697414144   -0.04726129316450892   0.11097159568667528   -0.21610628583171765   0.01367397830404804   -0.04034496770208585   -0.08656547686984971   -0.25729985607395395   -0.08518141297278421   -0.04694204853900099   0.31842770050471325   -0.3500522926752959   0.21241188575643907   0.04777693082567881   0.003222680616917347   -0.0387127501100326   -0.22208787871133884   0.09533288264620594   -0.0650691599015939   0.1921900393311016   -0.18426229361059157   0.03550532407330781   -0.07550457539753694   0.07312916919737723   0.19273762874481715   -0.07342532672569779   -0.061151954942249724   0.03469883431843071   0.5447463687470387   -0.19756289742740293   0.1526909063208856   -0.24532845284299856   -0.22155310416297194   0.6721082416676968   1.0   0.8284327098799966   0.3332424887762409   -0.13074873628754086   -0.1259519799137928   -0.09756260340112179   0.05337061257062292   0.05789482136574885   -0.2230188053711896   -3.1879070275838165e-05   0.011757422797793491   -0.18259322295118652   0.06351853275021073   0.22787743710964367   0.6123976236735909   0.29126130507660525   0.33985560131142434   -0.07560096892238463   -0.1654198445928999   0.0038818625957533636   -0.2185650503651184   0.007612406783685472   -0.054131693569852146   0.05380411223387444   0.12083815182584978   -0.5239413243514507   -0.018737416144032494   -0.389267664039348   -0.154331855778674   0.02816499830085854   0.17529198235163643   -0.0019695393260996813   0.164251689688411   -0.2112003026606417   0.07625559730919944   
T_sec   15.0   15.5   16.0   16.5   17.0   17.5   18.0   18.5   19.0   19.5   20.0   20.5   21.0   21.5   22.0   22.5   23.0   23.5   24.0   24.5   25.0   25.5   26.0   26.5   27.0   27.5   28.0   28.5   29.0   29.5   30.0   30.5   31.0   31.5   32.0   32.5   33.0   33.5   34.0   34.5   35.0   35.5   36.0   36.5   37.0   37.5   38.0   38.5   39.0   39.5   40.0   40.5   41.0   41.5   42.0   42.5   43.0   43.5   44.0   44.5   45.0   45.5   46.0   46.5   47.0   47.5   48.0   48.5   49.0   49.5   50.0   50.5   51.0   51.5   52.0   52.5   53.0   53.5   54.0   54.5   55.0   
U3   0.1281680088664679   0.028241478172843577   0.04383544676138823   0.22590096435157417   0.135037471226678   -0.04098810176750734   0.08160613207522233   0.03127729353055129   -0.047917494488163646   0.08409868368064138   -0.06858712923706452   0.13239803135577444   0.013283473472407329   0.08881859766634863   0.07871059313646676   0.1377861481864438   0.19782177235323914   -0.07269578950751157   -0.11233339489047992   -0.2614811522653288   0.1483954791633491   0.18673687050733528   -0.02493992800678587   0.13458419873659233   -0.02030297872208684   0.088433524277263   0.031108559595903022   -0.062476120817696164   -0.08384046975063467   -0.20389794027881425   0.06252797686516763   -0.11346603940796815   0.1255978687489194   0.07643806647787017   0.18394315115365373   -0.012792429184471224   -0.1395401975610435   0.043541529257644   -0.04540246354940767   -0.21518243289759603   0.005294610693573955   0.16046937922697202   0.01623436176955884   -0.21427327464710205   0.02137974180298454   -0.016639192206704023   0.31726468578091216   1.0   0.077163800199598   -0.19555886290137123   -0.06315417382416569   -0.0467188193211423   -0.011228429723035947   -0.13507066763290487   -0.09350609327880864   -0.11550645738366286   -0.08445584478511094   0.0994379824495813   -0.09680556918580936   -0.045744532717482   0.15232184211621624   -0.12967609951728884   0.09699044046633225   0.004985198364929133   -0.006810798699260304   -0.20020922589979445   -0.042873929761967064   0.016248903701719355   -0.03942809615938073   -0.010236193304139139   -0.01381667968171865   0.10347824935585663   0.028996976481197353   -0.06766677394478582   0.028613992814422725   0.02707881961340739   0.16944563326460846   0.05198284922347798   0.057106224904272154   0.02874650500290013   0.13313279735105607   
T_sec   15.0   15.5   16.0   16.5   17.0   17.5   18.0   18.5   19.0   19.5   20.0   20.5   21.0   21.5   22.0   22.5   23.0   23.5   24.0   24.5   25.0   25.5   26.0   26.5   27.0   27.5   28.0   28.5   29.0   29.5   30.0   30.5   31.0   31.5   32.0   32.5   33.0   33.5   34.0   34.5   35.0   35.5   36.0   36.5   37.0   37.5   38.0   38.5   39.0   39.5   40.0   40.5   41.0   41.5   42.0   42.5   43.0   43.5   44.0   44.5   45.0   45.5   46.0   46.5   47.0   47.5   48.0   48.5   49.0   49.5   50.0   50.5   51.0   51.5   52.0   52.5   53.0   53.5   54.0   54.5   55.0   
U4   0   0   0   0   0   0   0   0   0   0   0   0   0   0   0   0   0   0   0   0   0   0   0   0   0   0   0   0   0   0   0   0   0   0   0   0   0   0   0   0   0   0   0   0   0   0   0   0   0   0   0   0   0   0   0   0   0   0   0   0   0   0   0   0   0   0   0   0   0   0   0   0   0   0   0   0   0   0   0   0   0   
T_sec   15.0   15.5   16.0   16.5   17.0   17.5   18.0   18.5   19.0   19.5   20.0   20.5   21.0   21.5   22.0   22.5   23.0   23.5   24.0   24.5   25.0   25.5   26.0   26.5   27.0   27.5   28.0   28.5   29.0   29.5   30.0   30.5   31.0   31.5   32.0   32.5   33.0   33.5   34.0   34.5   35.0   35.5   36.0   36.5   37.0   37.5   38.0   38.5   39.0   39.5   40.0   40.5   41.0   41.5   42.0   42.5   43.0   43.5   44.0   44.5   45.0   45.5   46.0   46.5   47.0   47.5   48.0   48.5   49.0   49.5   50.0   50.5   51.0   51.5   52.0   52.5   53.0   53.5   54.0   54.5   55.0   
U5   0.20435259971115258   0.23987605637252365   0.09690057844858545   0.03799800533434818   -0.2614988252555339   -0.09986290911375807   0.23637388268530443   -0.06945564485533447   -0.014230980767340086   -0.4239388084142356   0.09464099782097418   0.19355654999478483   -0.31174430115992613   0.21517881995961233   -0.05716107731175047   0.13778892485308347   0.013230460320089617   -0.04078408559681162   -0.06233028724162631   0.46496075812946963   0.003288940025885874   0.29058229350095466   0.14710019229348698   -0.07649831027529871   0.07078615517309558   0.037663541894035875   0.07284174351153919   -0.017027857109361277   0.02983505652560957   0.08593711784881121   -0.07147603232324631   -0.11929106788376236   -0.17015399824435873   0.06523057409880367   0.013051838234321655   -0.13581730732895667   0.022671487373539745   0.08700962668339356   0.08419608973484728   0.05909383252348534   0.6507407677219808   -0.19398017470321058   0.09115208238067275   -0.08943208700989348   0.11806651099142182   0.3003641216328657   0.3790799489442241   0.823795840667921   1.0   -0.07696753709288091   -0.251682825013925   -0.0959983385985238   -0.29170402624282926   -0.05582062219286564   0.113587641725762   -0.14137490889016607   0.20835968251047957   0.33550026003096534   0.5278312539079307   0.3748958342121985   0.06072449902746207   -0.23947765603826393   -0.1533941088539859   0.0009405189786112134   -0.44045575057361536   -0.0882181600079628   0.04266474075306434   -0.06241622614964246   0.015237216650319291   -0.05870909254941701   0.11227892761832446   0.03979822133324921   -0.15735332990556627   0.29459569772017274   -0.08309968239657053   -0.11677720080417003   -0.08189577263462103   0.10108591417549297   -0.17441943610125898   0.07647028064450725   0.20780056984031428   
T_sec   15.0   15.5   16.0   16.5   17.0   17.5   18.0   18.5   19.0   19.5   20.0   20.5   21.0   21.5   22.0   22.5   23.0   23.5   24.0   24.5   25.0   25.5   26.0   26.5   27.0   27.5   28.0   28.5   29.0   29.5   30.0   30.5   31.0   31.5   32.0   32.5   33.0   33.5   34.0   34.5   35.0   35.5   36.0   36.5   37.0   37.5   38.0   38.5   39.0   39.5   40.0   40.5   41.0   41.5   42.0   42.5   43.0   43.5   44.0   44.5   45.0   45.5   46.0   46.5   47.0   47.5   48.0   48.5   49.0   49.5   50.0   50.5   51.0   51.5   52.0   52.5   53.0   53.5   54.0   54.5   55.0   
U6   -0.11342289059806653   -0.044096773770329854   0.023382463864911093   0.3765889205068022   0.029911870488384514   -0.028626716630067953   0.1014014644505578   -0.05733657145617123   -0.09905518772296339   0.00819533541568571   0.09120260287133303   -0.082740958687109   0.0862781072369997   0.12183491866454674   -0.035283342460111285   -0.06501737942319419   0.10972462653292193   -0.17914033231823834   -0.11641033155240538   0.33596628539126216   0.1662369578545757   0.0235775437057651   -0.06412341441505151   0.16330058711896497   0.10924781121625968   -0.0373366617551684   0.19007960637228502   0.05549448560694238   0.10803098979058665   -0.27402826964557264   0.10198750545239067   -0.03405474089387413   0.12331683046177627   0.07768006941264885   -0.01968626223551789   0.0074805313662256075   0.10345984677372563   0.003334665317865659   -0.22855599158850767   -0.010123992146598908   0.21014540564421   0.18552109557737068   0.07633598918469485   -0.19408749424415356   0.35296775851178086   0.14625850702833137   0.059741566241930104   0.5727811529724192   1.0   0.27409280360542027   -0.01906114522598753   -0.1251579911190836   -0.05776651040046596   -0.09879600523662294   0.17937699695179138   0.14662254094580182   0.03045052653652914   0.3688898141554597   0.3943137920595421   -0.16534077859231378   -0.14785595745880958   -0.1762169393393225   -0.2863653306545901   0.1299424000277585   -0.06340311514132504   -0.08997914708383072   -0.45912775733048516   -0.1350733788271819   0.018711947136525325   0.06200857739097565   0.19167688805970975   -0.03182513909409617   -0.08690021077401125   -0.23521354462190122   -0.10728977583361154   -0.222107689999893   -0.2190245521070455   -0.16763185429457883   -0.09556268627592882   0.18182008297088717   -0.034264032524009294   
T_sec   15.0   15.5   16.0   16.5   17.0   17.5   18.0   18.5   19.0   19.5   20.0   20.5   21.0   21.5   22.0   22.5   23.0   23.5   24.0   24.5   25.0   25.5   26.0   26.5   27.0   27.5   28.0   28.5   29.0   29.5   30.0   30.5   31.0   31.5   32.0   32.5   33.0   33.5   34.0   34.5   35.0   35.5   36.0   36.5   37.0   37.5   38.0   38.5   39.0   39.5   40.0   40.5   41.0   41.5   42.0   42.5   43.0   43.5   44.0   44.5   45.0   45.5   46.0   46.5   47.0   47.5   48.0   48.5   49.0   49.5   50.0   50.5   51.0   51.5   52.0   52.5   53.0   53.5   54.0   54.5   55.0   
U7   -0.10649523546055793   0.04972801476763387   -0.15762486984387872   -0.10314557204180616   -0.13081578418050374   0.05145371124733358   0.07098318889366409   -0.09830934073396677   -0.21508367150807917   -0.11128369459163767   -0.15947937826517786   -0.14490963786712013   -0.32593192805867754   0.2041540765682203   0.07946849065626287   0.06857293479883472   -0.04815498024317676   0.032428298141932994   -0.09331342942849781   0.05599334996327632   0.14231718329250034   -0.2902111563081233   0.14248418647548367   0.0887210157679949   0.09822822626720303   -0.01422467196100301   0.01985612139064107   -0.004839599650731461   0.06866382563469524   -0.0927815475423272   0.17091909304708322   0.14538647377647487   0.2895590060039535   -0.13683024016421833   0.26674870160191416   -0.1219821609053327   0.014131613646417312   -0.20260611576406534   0.11492773913509978   0.14986179835682942   0.0699444731849188   -0.055478614759993036   -0.07249833315019585   0.05624619003968798   -0.00708968970973569   0.25196691862397697   0.024692988426747563   0.23467000863238932   1.0   0.6932976547165755   -0.16151506112013647   -0.3462752532967699   -0.010902727733917244   -0.03207986399042988   0.143263379932086   0.2354981311561858   0.358534798511926   0.3948576788420807   -0.022479297166237804   -0.3566235407443113   -0.11938681959371429   -0.6255258816143426   -0.22387497497027523   -0.36751997428581545   -0.05463481633713441   -0.12561758711003365   -0.06411858004162757   -0.00962713956793159   -0.19508707765453331   0.06586384676511428   0.03271857583462689   0.1311985001459659   -0.009791905012752162   -0.1781236533120661   0.05484245216922058   -0.03089773919316981   -0.20831204895285202   0.05829695170369012   -0.032022596689603576   0.03673396321764199   0.12998502029919992   
T_sec   15.0   15.5   16.0   16.5   17.0   17.5   18.0   18.5   19.0   19.5   20.0   20.5   21.0   21.5   22.0   22.5   23.0   23.5   24.0   24.5   25.0   25.5   26.0   26.5   27.0   27.5   28.0   28.5   29.0   29.5   30.0   30.5   31.0   31.5   32.0   32.5   33.0   33.5   34.0   34.5   35.0   35.5   36.0   36.5   37.0   37.5   38.0   38.5   39.0   39.5   40.0   40.5   41.0   41.5   42.0   42.5   43.0   43.5   44.0   44.5   45.0   45.5   46.0   46.5   47.0   47.5   48.0   48.5   49.0   49.5   50.0   50.5   51.0   51.5   52.0   52.5   53.0   53.5   54.0   54.5   55.0   
U8   0   0   0   0   0   0   0   0   0   0   0   0   0   0   0   0   0   0   0   0   0   0   0   0   0   0   0   0   0   0   0   0   0   0   0   0   0   0   0   0   0   0   0   0   0   0   0   0   0   0   0   0   0   0   0   0   0   0   0   0   0   0   0   0   0   0   0   0   0   0   0   0   0   0   0   0   0   0   0   0   0   
T_sec   15.0   15.5   16.0   16.5   17.0   17.5   18.0   18.5   19.0   19.5   20.0   20.5   21.0   21.5   22.0   22.5   23.0   23.5   24.0   24.5   25.0   25.5   26.0   26.5   27.0   27.5   28.0   28.5   29.0   29.5   30.0   30.5   31.0   31.5   32.0   32.5   33.0   33.5   34.0   34.5   35.0   35.5   36.0   36.5   37.0   37.5   38.0   38.5   39.0   39.5   40.0   40.5   41.0   41.5   42.0   42.5   43.0   43.5   44.0   44.5   45.0   45.5   46.0   46.5   47.0   47.5   48.0   48.5   49.0   49.5   50.0   50.5   51.0   51.5   52.0   52.5   53.0   53.5   54.0   54.5   55.0   
U9   0.2987480271203747   -0.22100081996009252   -0.0707667785716795   -0.165566550869313   0.29576247953076046   -0.08689439547520131   0.08345834565681798   -0.09774576233684387   0.02684594831980223   -0.009703270679710883   -0.006063894574035857   0.032435152084582565   -0.038358158500812464   -0.02301512518481769   0.19626755559100684   0.2231575106635344   0.12206572695051515   -0.03248081914873661   0.21369775230449445   -0.03789214587510857   0.10097818970512591   0.2620976835454957   0.3871429815748005   -0.09201907025182156   -0.31355595612514736   -0.07638463205686284   0.04517585307536315   -0.021126851118171065   -0.17498021897444632   0.11882764368681123   0.1965032804998335   -0.09187022702912731   0.019290946738904045   -0.18337022773159278   -0.0213843403051612   -0.020672858354994005   -0.05533123010255066   -0.14579691019092061   -0.11210937596687803   0.12032691925455555   0.10810813054101696   -0.0418916499315474   -0.09661606543794994   -0.19410112370478633   -0.09696763952696838   0.0651376170819935   -0.026884676794514745   -0.10970174843759056   0.6720310884590958   0.6454806958249892   0.34063751819030674   -0.028666919711546484   -0.11639595466070875   0.15174852153515675   0.3224877759543394   1.0   0.39164430040872816   -0.8203067591103859   -0.4223236265827476   -0.2250445342961155   -0.18871543658798476   -0.05945583734531748   -0.19779786392577664   0.03833048130712483   0.30796671794934183   -0.11821298882940398   -0.21606156543646812   -0.3601821314160913   0.07153520413596924   0.1764317973273548   0.03182382197231173   -0.040139218718899805   0.19453786141994356   0.007057408929299307   0.0409825109780568   0.027106619222916458   -0.2625136122365955   0.21441190850759936   -0.10529356335297503   -0.042645716078431324   -0.09130477566221808   
T_sec   15.0   15.5   16.0   16.5   17.0   17.5   18.0   18.5   19.0   19.5   20.0   20.5   21.0   21.5   22.0   22.5   23.0   23.5   24.0   24.5   25.0   25.5   26.0   26.5   27.0   27.5   28.0   28.5   29.0   29.5   30.0   30.5   31.0   31.5   32.0   32.5   33.0   33.5   34.0   34.5   35.0   35.5   36.0   36.5   37.0   37.5   38.0   38.5   39.0   39.5   40.0   40.5   41.0   41.5   42.0   42.5   43.0   43.5   44.0   44.5   45.0   45.5   46.0   46.5   47.0   47.5   48.0   48.5   49.0   49.5   50.0   50.5   51.0   51.5   52.0   52.5   53.0   53.5   54.0   54.5   55.0   
U10   0.0006454266254922459   0.047786530187185774   -0.1502715466511157   0.03305151650250594   0.04522574106830878   0.07775861516373432   -0.08511277767763974   0.07161754169224079   0.06139976753147303   -0.27989553651268717   -0.030582354816499957   0.12192059586053786   0.2410257243614788   -0.11529283555530813   -0.17700314765636999   0.011056311656318952   -0.005709543350895053   0.13691451845368444   -0.007822006050430595   0.22883990556984837   -0.0838229367795614   0.025957689461444104   0.1326144693350835   0.007459844701490911   -0.08080210689680702   -0.025343186608539323   -0.25721779554151425   0.10788933866965077   -0.1332511359997693   -0.34732958823866145   0.16728041538489252   -0.1702199408683264   -0.1771184988364273   0.004660014866380247   0.0659039679804329   -0.2024917873451135   -0.06880412761478354   0.11907206371256202   0.35390153894158183   0.16632017798572885   -0.2151721335658223   0.11932402678913975   -0.06863607312098406   -0.05825979159221749   -0.10858227132007461   -0.17496218774740388   0.12521476497667394   0.20803740307318871   0.28349934844662134   1.0   0.49750121145287285   0.11426203068968865   0.15534973022440304   0.22173426407376726   0.9683132471827499   0.8824064542400715   -0.27990163134707996   -0.7694977443815769   -0.5820026043245667   -0.16673765822766118   0.11313762406956832   -0.2660232125826823   -0.20027224719892664   0.056379297233314134   0.07333934443969221   -0.10505450820373968   -0.20705734560425001   -0.1875647232507863   0.04288897868388986   -0.013147427747121514   0.028530072263341495   -0.030757526988846397   -0.0835260004724368   -0.08019991718846815   -0.12228211846058143   -0.15877491114691442   -0.09745590236293424   0.066999123807715   0.0674560973556071   0.023628902107350046   -0.019997389956723694   
T_sec   15.0   15.5   16.0   16.5   17.0   17.5   18.0   18.5   19.0   19.5   20.0   20.5   21.0   21.5   22.0   22.5   23.0   23.5   24.0   24.5   25.0   25.5   26.0   26.5   27.0   27.5   28.0   28.5   29.0   29.5   30.0   30.5   31.0   31.5   32.0   32.5   33.0   33.5   34.0   34.5   35.0   35.5   36.0   36.5   37.0   37.5   38.0   38.5   39.0   39.5   40.0   40.5   41.0   41.5   42.0   42.5   43.0   43.5   44.0   44.5   45.0   45.5   46.0   46.5   47.0   47.5   48.0   48.5   49.0   49.5   50.0   50.5   51.0   51.5   52.0   52.5   53.0   53.5   54.0   54.5   55.0   
U11   0   0   0   0   0   0   0   0   0   0   0   0   0   0   0   0   0   0   0   0   0   0   0   0   0   0   0   0   0   0   0   0   0   0   0   0   0   0   0   0   0   0   0   0   0   0   0   0   0   0   0   0   0   0   0   0   0   0   0   0   0   0   0   0   0   0   0   0   0   0   0   0   0   0   0   0   0   0   0   0   0   
T_sec   15.0   15.5   16.0   16.5   17.0   17.5   18.0   18.5   19.0   19.5   20.0   20.5   21.0   21.5   22.0   22.5   23.0   23.5   24.0   24.5   25.0   25.5   26.0   26.5   27.0   27.5   28.0   28.5   29.0   29.5   30.0   30.5   31.0   31.5   32.0   32.5   33.0   33.5   34.0   34.5   35.0   35.5   36.0   36.5   37.0   37.5   38.0   38.5   39.0   39.5   40.0   40.5   41.0   41.5   42.0   42.5   43.0   43.5   44.0   44.5   45.0   45.5   46.0   46.5   47.0   47.5   48.0   48.5   49.0   49.5   50.0   50.5   51.0   51.5   52.0   52.5   53.0   53.5   54.0   54.5   55.0   
U12   -0.038206112928864916   0.07416400861854654   -0.24890425559489426   0.4055028617568773   -0.3192943020178198   0.22277402249738976   0.20536667407853468   0.09666350285166972   0.08521813462288458   -0.0921028495811559   0.13025643458066596   0.0443044423887197   0.18521046359730697   0.11170968200224048   0.15353390362900532   0.07661970325152524   -0.11474111870893108   -0.026495139070400596   -0.09293476688360205   -0.12253086417590263   0.13655503633041444   0.2337477939365219   0.00518407353304516   -0.0693577918309371   0.22692112998324648   0.36765821793769016   0.08257177011367516   -0.09912322521099191   -0.007119012670017752   -0.21591095093340645   0.19555754931998354   0.0734049870101884   -0.24693377572481431   -0.12424835763141898   0.0070267860178713695   0.1278226329832635   0.0330914132200496   -0.16143121964169882   -0.15478302974390046   -0.06087417012814908   0.035561492912874776   -0.1586781545635891   -0.03802336094385793   -0.21979464171970267   0.011258220403534603   0.2595738264266394   -0.17925151835474992   -0.09638475923830901   -0.03854525619525533   0.4581860898247377   0.6410019036179576   0.2822458815725932   0.6361586041944125   1.0   0.7992222155264452   -0.10847159518851307   -0.32925150845982065   -0.12169371096436676   -0.07369593943625247   -0.20707426920719557   -0.2592088776209915   -0.06174999160275321   -0.19767361908892728   0.14339330512273574   0.1986103907138333   -0.18508822412135356   -0.12459588562383421   -0.2862520551707855   0.08720618793537678   0.4142359796159881   0.2074943189888874   -0.06429012789864291   0.09248020394493664   0.0014572987267664683   -0.2449718759954334   -0.1108865854702205   -0.01171125061600536   -0.24243168820906655   -0.14599335504793365   0.08491277412417475   0.11030657718574667   
T_sec   15.0   15.5   16.0   16.5   17.0   17.5   18.0   18.5   19.0   19.5   20.0   20.5   21.0   21.5   22.0   22.5   23.0   23.5   24.0   24.5   25.0   25.5   26.0   26.5   27.0   27.5   28.0   28.5   29.0   29.5   30.0   30.5   31.0   31.5   32.0   32.5   33.0   33.5   34.0   34.5   35.0   35.5   36.0   36.5   37.0   37.5   38.0   38.5   39.0   39.5   40.0   40.5   41.0   41.5   42.0   42.5   43.0   43.5   44.0   44.5   45.0   45.5   46.0   46.5   47.0   47.5   48.0   48.5   49.0   49.5   50.0   50.5   51.0   51.5   52.0   52.5   53.0   53.5   54.0   54.5   55.0   
U13   0   0   0   0   0   0   0   0   0   0   0   0   0   0   0   0   0   0   0   0   0   0   0   0   0   0   0   0   0   0   0   0   0   0   0   0   0   0   0   0   0   0   0   0   0   0   0   0   0   0   0   0   0   0   0   0   0   0   0   0   0   0   0   0   0   0   0   0   0   0   0   0   0   0   0   0   0   0   0   0   0   
T_sec   15.0   15.5   16.0   16.5   17.0   17.5   18.0   18.5   19.0   19.5   20.0   20.5   21.0   21.5   22.0   22.5   23.0   23.5   24.0   24.5   25.0   25.5   26.0   26.5   27.0   27.5   28.0   28.5   29.0   29.5   30.0   30.5   31.0   31.5   32.0   32.5   33.0   33.5   34.0   34.5   35.0   35.5   36.0   36.5   37.0   37.5   38.0   38.5   39.0   39.5   40.0   40.5   41.0   41.5   42.0   42.5   43.0   43.5   44.0   44.5   45.0   45.5   46.0   46.5   47.0   47.5   48.0   48.5   49.0   49.5   50.0   50.5   51.0   51.5   52.0   52.5   53.0   53.5   54.0   54.5   55.0   
U14   0.12618653778208938   -0.07632732518046109   0.07975844005141358   -0.18786296031833272   0.015631180796862754   -0.019518293562498106   0.21045399449568689   0.048263683520852946   0.05753340607176893   -0.13521493175039642   0.152463281127227   -0.08936638415375345   -0.03922828481741466   -0.15145228526668425   -0.1730985745672119   0.35991002158989044   -0.06758515663864907   0.07526915347717236   0.31315413593209285   0.004883525373643348   -0.020222871715415085   -0.026855837480335345   -0.09686021408157323   -0.1197274571665515   -0.016284670561375413   0.02743878384717653   -0.040236552346302475   0.06300065975881307   0.05166759379689543   0.14867380280649262   -0.29249198096952905   0.10412758862835414   0.06507479558683262   0.052677920712953234   -0.16286780753532595   0.050256226872486154   -0.1759898737708123   -0.002431406046791093   0.10601493018420005   -0.01652946134246757   -0.02580886373883926   0.11079680152741282   0.023292869037266545   0.011277854341099675   -0.1040391964025744   0.08784164989491533   0.002205941864413431   0.03296666509934909   0.2892648320404301   0.4654099776842451   0.8625169582653026   0.9423427534966482   1.0   0.5274579630627734   -0.0688030253302745   -0.5137701042446217   -0.2983029069501692   -0.1780726426185131   -0.2608564523509998   -0.12011393709373733   -0.05524797348389561   -0.002571604087996179   -0.059980425345309354   0.038651972696355626   -0.021670476170047817   -0.09907820776477835   -0.3291767685693022   -0.1941272899423571   -0.10217934435498661   -0.07078952937145147   -0.23210819137858024   -0.26085197117844816   -0.02362744851797112   -0.2029554791138263   0.059343164731507185   -0.0646677861942793   0.10285710137963316   -0.014963329229432826   -0.2227337988487026   0.1970988722749914   -0.16897354126847786   
T_sec   15.0   15.5   16.0   16.5   17.0   17.5   18.0   18.5   19.0   19.5   20.0   20.5   21.0   21.5   22.0   22.5   23.0   23.5   24.0   24.5   25.0   25.5   26.0   26.5   27.0   27.5   28.0   28.5   29.0   29.5   30.0   30.5   31.0   31.5   32.0   32.5   33.0   33.5   34.0   34.5   35.0   35.5   36.0   36.5   37.0   37.5   38.0   38.5   39.0   39.5   40.0   40.5   41.0   41.5   42.0   42.5   43.0   43.5   44.0   44.5   45.0   45.5   46.0   46.5   47.0   47.5   48.0   48.5   49.0   49.5   50.0   50.5   51.0   51.5   52.0   52.5   53.0   53.5   54.0   54.5   55.0   
U15   0.013601274653296738   -0.032328755076666583   -0.16234114321382653   0.011045376178664223   0.19007410477754402   -0.2979703798266979   0.16410120844921078   0.06600854490976932   -0.1794140736838264   0.0642570604383788   -0.11014827341573108   0.06483243886115617   -0.24491212490736436   0.06303408277004822   0.13930004134485258   0.1178388697665323   0.04917243290766657   0.17599137235068152   0.09433937664083149   -0.07325757918014385   -0.14271957502103752   -0.17138986168528672   -0.0766727373872813   -0.3191954066622717   0.018576557616458114   -0.07464035185231407   -0.12454503528532385   -0.2534557993285621   -0.1289279304072748   0.016636165145364108   0.09578178442179959   -0.06213980144104122   0.09854694617973853   0.025436983054825568   -0.07876974136640257   0.18321678893478363   0.15921623209833902   0.18986500759815225   -0.031144423840920272   -0.1622863177745934   -0.17224942422843614   -0.0546476811976965   -0.18150899537227805   0.18423076085286066   -0.001704914658311712   -0.09764278438609915   -0.09807846583042466   0.0017891566366931358   0.024033289530321213   0.32650902575169827   1.0   0.6463110548234534   0.3919245006863254   0.3054989356549008   -0.18217862387403025   -0.3707183126566314   -0.11530693288358922   -0.2192571661542784   -0.09764399422258586   0.058964679466307554   0.022600268768952887   -0.1348015419739272   0.2179636996606239   -0.05006606504203236   0.08523178005286232   -0.09341789814271333   -0.22763638906188913   -0.08622974546144217   -0.1161033165902475   -0.07218053171065714   -0.30664621819583254   0.09852638203766738   0.20018444993203943   0.012936479902606712   0.24198378034518944   -0.06271622830465344   0.16629914483457223   -0.07685795107511684   -0.20018804407260948   -0.09363560743752182   -0.30275959531934   
T_sec   15.0   15.5   16.0   16.5   17.0   17.5   18.0   18.5   19.0   19.5   20.0   20.5   21.0   21.5   22.0   22.5   23.0   23.5   24.0   24.5   25.0   25.5   26.0   26.5   27.0   27.5   28.0   28.5   29.0   29.5   30.0   30.5   31.0   31.5   32.0   32.5   33.0   33.5   34.0   34.5   35.0   35.5   36.0   36.5   37.0   37.5   38.0   38.5   39.0   39.5   40.0   40.5   41.0   41.5   42.0   42.5   43.0   43.5   44.0   44.5   45.0   45.5   46.0   46.5   47.0   47.5   48.0   48.5   49.0   49.5   50.0   50.5   51.0   51.5   52.0   52.5   53.0   53.5   54.0   54.5   55.0   
U16   -0.21089176014224933   0.04990426857155175   -0.014618622012679007   -0.0019433338310390538   -0.05838521719666187   0.20501228500352855   -0.041270072218666694   -0.414337334446457   -0.26987423983735537   0.013955378290477204   -0.09866422704205896   -0.01366761433454615   0.1956466951329108   -0.04416982486600208   -0.0434244510100714   -0.3109857502040094   0.008284091494812233   -0.12911754406509357   0.025177921103791565   0.07373342634543158   0.1669236892247328   -0.03938682788962891   -0.27337509097624474   0.11025449671275284   -0.18846866275094984   0.10744054545922413   -0.019295262563748847   0.15114672806359028   -0.0070305112760892146   -0.1195580629836961   0.1103251802341079   -0.17245729047349637   0.1669274331908598   -0.23277268618157054   0.25158622741427955   -0.07139643141387514   -0.07625463758030303   -0.24320521491861075   -0.25315235413110726   -0.2094313106074247   0.15365081978391346   -0.0035040085773406834   -0.15331553847636734   -0.1770475820637611   0.23777340847754408   0.17675924233979307   0.11733143059385347   -0.01546701753653745   0.10683072020422049   0.7154857253900472   1.0   0.8706633512171699   0.9252207327811629   0.577553590434384   -0.5901843423008994   0.12487229056082784   -0.2675801888802679   -0.05213317786098933   -0.1416924534485029   -0.10333108958791618   -0.03233117431188326   -0.12164798531030357   -0.2297085324497461   -0.12873557147729225   -0.47273671561746455   0.09044056631237615   0.08905550464082716   -0.2229695232409971   0.20279379836874425   -0.11946707882119727   -0.020335253467369103   0.2037203390459866   -0.2552038990282587   -0.003923567887437216   -0.055615472290778616   0.12472567960824493   0.1737954464193657   -0.44365367258419275   0.2531045444489171   -0.16551279622917697   0.103650739469693   
T_sec   15.0   15.5   16.0   16.5   17.0   17.5   18.0   18.5   19.0   19.5   20.0   20.5   21.0   21.5   22.0   22.5   23.0   23.5   24.0   24.5   25.0   25.5   26.0   26.5   27.0   27.5   28.0   28.5   29.0   29.5   30.0   30.5   31.0   31.5   32.0   32.5   33.0   33.5   34.0   34.5   35.0   35.5   36.0   36.5   37.0   37.5   38.0   38.5   39.0   39.5   40.0   40.5   41.0   41.5   42.0   42.5   43.0   43.5   44.0   44.5   45.0   45.5   46.0   46.5   47.0   47.5   48.0   48.5   49.0   49.5   50.0   50.5   51.0   51.5   52.0   52.5   53.0   53.5   54.0   54.5   55.0   
U17   -0.10912380504121856   -0.011349066043201022   -0.02995385693108054   -0.021254700918393078   -0.10465507823143111   -0.130806257678977   0.0026708849176965317   -0.014873386142095185   -0.00903725045517077   0.09837146150267992   0.3083720995626207   -0.15960681068717308   -0.15488192920066338   -0.06656020283365983   0.10617769391192156   -0.08926081850082537   -0.018516177648887036   -0.1332377798222261   0.09336770358389787   -0.1855076964944872   0.08695403655535285   -0.04910320188383898   0.0955847612134477   -0.0027921325418154026   0.2324599079422481   0.09710750495546165   0.13007198489698632   -0.029598607106863947   -0.013514140174367794   -0.08547682202859092   0.0656401709625459   -0.15843393942732797   0.004152732523596627   -0.0649739439879514   -0.08523400654287212   -0.058866094049515226   -0.1740736482630082   0.10032984957776897   -0.11379207632885344   -0.09193947533584282   -0.12475932568526314   -0.023079936603423834   0.16392442125232679   -0.050795820819815235   -0.10756882820081808   0.19529053342189143   -0.017294523372822876   0.25986255837442185   0.21951439332554307   0.43947543840953357   0.6379052435171431   1.0   0.7076853014323654   0.09190579728765598   -0.40212669522662864   -0.376787165002913   -0.2989761310641444   0.02778592918869986   0.035128135814333404   -0.13800125936675942   -0.05296385536263244   -0.14426600637100423   -0.05066145312351421   0.031225328531186196   0.0443620160827545   -0.004289013228193927   -0.01438129863221229   -0.06230008150621308   -0.01894753168387471   0.028326183971019474   0.06649579674969636   -0.09441403120665667   0.06391618266126978   -0.1396759019421771   0.2873171095765227   0.24810555560543315   -0.16091498754344558   -0.06556422927286323   -0.04991752679127214   -0.15207981158452968   -0.0647967976282246   
T_sec   15.0   15.5   16.0   16.5   17.0   17.5   18.0   18.5   19.0   19.5   20.0   20.5   21.0   21.5   22.0   22.5   23.0   23.5   24.0   24.5   25.0   25.5   26.0   26.5   27.0   27.5   28.0   28.5   29.0   29.5   30.0   30.5   31.0   31.5   32.0   32.5   33.0   33.5   34.0   34.5   35.0   35.5   36.0   36.5   37.0   37.5   38.0   38.5   39.0   39.5   40.0   40.5   41.0   41.5   42.0   42.5   43.0   43.5   44.0   44.5   45.0   45.5   46.0   46.5   47.0   47.5   48.0   48.5   49.0   49.5   50.0   50.5   51.0   51.5   52.0   52.5   53.0   53.5   54.0   54.5   55.0   
U18   0.16830564623093874   0.0424687745023008   -0.4064731318276508   -0.07654095637087659   -0.20011875923977446   -0.04594967680339996   -0.05199492900742296   0.04577085547293478   0.1535758225303221   -0.017899101271689404   -0.01677348362588471   -0.21827040975340153   -0.0244239495256638   0.04553811821582351   -0.01615642024759689   -0.034096379657745264   0.13994447545188765   -0.1555685943451986   -0.045093499027994526   0.04451611186806383   -0.19109074549926083   0.13897606110153463   0.0057047824347307464   0.12216799335345431   -0.036044544447903636   0.22220678399551538   -0.0919068390761539   0.036093911423998835   -0.040682825330234915   0.04682083082095238   -0.13802886509189066   0.2578393904367635   -0.03163002832141526   0.04210546895125386   0.15727461135912932   0.18025935649996927   -0.01772485500085939   -0.020682353431613787   0.17720596188621762   0.02387862444181645   -0.20713983670903774   0.054356884929422505   0.04067650494823376   -0.06639027666028641   -0.08194419008242952   -0.050345801131157754   0.28631031520615063   0.5314648057193977   0.4266458393110695   0.6742183436016695   0.8756455194956353   1.0   0.8738930980997233   0.016379374557543958   -0.3245858433381973   -0.09223406479492895   -0.33661034416770835   -0.3369490483089469   -0.6988813550892333   -0.431118386357308   -0.2943066794550655   0.07740116314151155   -0.3144258071636079   -0.019476216923065573   -0.0771838837103425   -0.08275679556209009   0.10202183012134262   0.18074914387085594   -0.11315757832429046   -0.2238359327215047   -0.17870481476644937   0.010762654682039966   -0.3189430041770989   0.09959235053472323   -0.10149082907342755   -0.18747336300293516   -0.056476805432174794   -0.09046535449413286   -0.018876578539927764   0.052276895214174425   -0.14999830583877086   
T_sec   15.0   15.5   16.0   16.5   17.0   17.5   18.0   18.5   19.0   19.5   20.0   20.5   21.0   21.5   22.0   22.5   23.0   23.5   24.0   24.5   25.0   25.5   26.0   26.5   27.0   27.5   28.0   28.5   29.0   29.5   30.0   30.5   31.0   31.5   32.0   32.5   33.0   33.5   34.0   34.5   35.0   35.5   36.0   36.5   37.0   37.5   38.0   38.5   39.0   39.5   40.0   40.5   41.0   41.5   42.0   42.5   43.0   43.5   44.0   44.5   45.0   45.5   46.0   46.5   47.0   47.5   48.0   48.5   49.0   49.5   50.0   50.5   51.0   51.5   52.0   52.5   53.0   53.5   54.0   54.5   55.0   
U19   0.09607351183215573   0.1884663701751805   0.2584399473246603   -0.10769784771322086   -0.1931526322325517   -0.07523019738426612   0.189613671131158   0.024554382137046884   -0.0491262213388898   0.1015201780029929   -0.09268170091828012   -0.12394767906992617   -0.13649432472763715   0.04995733322091794   -0.09534848310483864   -0.08317606697813054   0.03507527557159743   -0.22930248000900294   -0.11706599872046174   0.07074654688223753   -0.08520613232113453   0.10275933176776703   -0.11176146989101594   -0.1044076136195595   -0.20842588774725887   -0.14721656692526833   -0.011824993111741884   -0.0017637449631027384   0.09452119387915538   0.006264612294195888   -0.012876930412254205   -0.02236619826562621   0.07291882067441713   -0.08997221056304378   -0.02279644860954686   -0.06102407870782936   0.14046181589429801   0.21214041035660888   -0.1579695426781403   0.13551015260672009   0.15239412437630534   0.12426139439684522   0.07491800184160835   -0.12932838812471661   0.18362284545572474   0.2849143934826171   0.616070139066042   0.2452106302505578   0.48084820631231945   0.6797835537734671   0.8351573303473749   1.0   0.9525106874490996   0.1237790988343944   -0.42399387846938213   0.13787098322312455   -0.5986854910127677   -0.26309503230793874   -0.14862630687439582   -0.2583084395759502   -0.01690157891169449   -0.05211834368154691   -0.3414335880933646   -0.04395939937076118   -0.2633136945510597   0.10587830965104429   0.09275014347456136   -0.15471540752333007   0.002982646134293253   -0.07683881692432962   0.08824098025388571   -0.24413159159507516   -0.11136670106775272   -0.03993017318336798   -0.14420446071104875   -0.10460602838599044   0.02367843517765662   0.01939623552075161   -0.1949149155453616   0.2491996027816959   -0.14232988308384628   
T_sec   15.0   15.5   16.0   16.5   17.0   17.5   18.0   18.5   19.0   19.5   20.0   20.5   21.0   21.5   22.0   22.5   23.0   23.5   24.0   24.5   25.0   25.5   26.0   26.5   27.0   27.5   28.0   28.5   29.0   29.5   30.0   30.5   31.0   31.5   32.0   32.5   33.0   33.5   34.0   34.5   35.0   35.5   36.0   36.5   37.0   37.5   38.0   38.5   39.0   39.5   40.0   40.5   41.0   41.5   42.0   42.5   43.0   43.5   44.0   44.5   45.0   45.5   46.0   46.5   47.0   47.5   48.0   48.5   49.0   49.5   50.0   50.5   51.0   51.5   52.0   52.5   53.0   53.5   54.0   54.5   55.0   
U20   0.20945077368638446   -0.014467740761559475   0.1082809272742303   -0.11501008696407017   0.012299963016247766   0.14212065150458553   0.07311144608365563   -0.054008815504310276   -0.05315691924768661   -0.1080848383906908   0.1461866990597875   0.04294262367580609   0.04361386792303804   0.005269826782072513   0.12186111683979874   -0.03495122199340917   0.008994699214124028   -0.01909800926859499   0.03507189334007067   0.0907889288305939   -0.17101919915412317   -0.058886442750334556   0.150874027271036   0.01188033888552345   0.12897525285839803   0.04971513299676346   0.13279049708456375   -0.18157467919268197   -0.1326840718185571   -0.08337878075942963   0.008325733565213236   0.21803041145652463   0.22304418401374415   -0.23923376870406965   0.2120555133273408   -0.2394274496369253   0.23806347994891044   0.0045283880672754824   0.07883836033308439   -0.07143291183601512   0.04369902816358326   0.20546650170379893   -0.24961099970485298   0.06807414150947376   0.16760213879962774   0.1699567754273272   0.4571040407288223   0.25046327421733944   0.4985484218674343   0.5688603614351819   0.8083778944568712   1.0   0.6131957341744806   0.0306809169722193   -0.5272940336106096   -0.4582025157790544   -0.4183001639074836   -0.4652918754982527   -0.24487587615986622   -0.15517400858288513   0.09819061512885892   0.08341636057750881   0.05116280895928586   -0.07538619407688045   -0.0010893751837145237   -0.18631595131724724   0.047425640707389305   0.03890251321838448   -0.09363841282699473   0.03239927969721695   0.06427021034357847   -0.16550907300314213   0.07772920685889154   -0.05179822798474248   0.016087022158693745   0.043445202332594614   0.1305009340667482   0.020277818147173155   0.01243332445050964   -0.0936616712567825   -0.1213679643781883   
T_sec   15.0   15.5   16.0   16.5   17.0   17.5   18.0   18.5   19.0   19.5   20.0   20.5   21.0   21.5   22.0   22.5   23.0   23.5   24.0   24.5   25.0   25.5   26.0   26.5   27.0   27.5   28.0   28.5   29.0   29.5   30.0   30.5   31.0   31.5   32.0   32.5   33.0   33.5   34.0   34.5   35.0   35.5   36.0   36.5   37.0   37.5   38.0   38.5   39.0   39.5   40.0   40.5   41.0   41.5   42.0   42.5   43.0   43.5   44.0   44.5   45.0   45.5   46.0   46.5   47.0   47.5   48.0   48.5   49.0   49.5   50.0   50.5   51.0   51.5   52.0   52.5   53.0   53.5   54.0   54.5   55.0   
U21   0.20359631247780416   0.141074313047924   0.08563924572431392   0.007220531633655235   -0.05847783960499705   -0.04910231681593304   -0.1773679471641033   0.060326452135888435   0.06622266548812325   -0.06170274789262156   0.27457658080193803   0.24117002178045005   0.10780135076699236   0.11675567366769997   -0.07154492858925993   -0.20707830206079622   0.006003920527513034   -0.026799092984862317   0.004039714067791926   0.10922550492424855   0.1038395473532189   -0.22764077230800392   0.2198685900828995   -0.06020485557691434   0.05473292631158501   0.08172115910578974   0.14794524661220676   -0.08890404375720186   -0.18834608737909841   0.12306597999051859   0.11226745140511867   -0.1184503018472775   0.10900591603703329   0.039788041919505475   -0.1522469869235065   -0.10509406581878813   -0.035353032477704216   0.0850270163322282   -0.05288956833845397   -0.024906986006274282   0.14262571266155671   0.14997972824509867   -0.06409303968147938   0.11453305788485339   0.297459403493171   0.18310470632655704   0.27241902145945995   0.6773805504714749   0.6925538051775193   0.2926964930917933   0.6367757145911181   1.0   0.8294359106126507   -0.1963482126880001   -0.41474695924591026   -0.20704604479540326   0.026211326315382387   -0.030427752016812002   -0.17870674035328285   0.01310891655685143   -0.00955835581794201   -0.07637964545788466   0.12256828518989478   -0.13339570410588775   -0.09187318509613022   -0.14547500841497488   0.0816730732237502   -0.06007533182521428   -0.140480089999439   -0.17002899872522137   -0.2162485767086291   0.06663278889381895   -0.007749945864237972   0.007998439585109294   0.1040174094829177   0.07991846775294995   -0.016074864042934896   -0.04603590882528964   -0.11467529983224067   -0.007811740929095679   0.06904354075067162   
T_sec   15.0   15.5   16.0   16.5   17.0   17.5   18.0   18.5   19.0   19.5   20.0   20.5   21.0   21.5   22.0   22.5   23.0   23.5   24.0   24.5   25.0   25.5   26.0   26.5   27.0   27.5   28.0   28.5   29.0   29.5   30.0   30.5   31.0   31.5   32.0   32.5   33.0   33.5   34.0   34.5   35.0   35.5   36.0   36.5   37.0   37.5   38.0   38.5   39.0   39.5   40.0   40.5   41.0   41.5   42.0   42.5   43.0   43.5   44.0   44.5   45.0   45.5   46.0   46.5   47.0   47.5   48.0   48.5   49.0   49.5   50.0   50.5   51.0   51.5   52.0   52.5   53.0   53.5   54.0   54.5   55.0   
U22   -0.2376922242808103   -0.032475308689842906   0.13973594802079284   -0.052843791349314106   -0.06545212925148841   -0.11197859642737472   -0.05238886210342668   0.059675540906041574   -0.06089819949071513   0.13518123323325187   0.23389089725159784   -0.00897332493006454   -0.002395764548471897   -0.048639470553224755   -0.11102206176586814   0.05324782486780511   0.09244378490340732   0.02910595097304869   -0.031051209397364034   -0.05254030822980505   0.07237143064456786   -0.14164984276568782   -0.03372198932026063   -0.0210281868373985   0.16264717960916295   -0.08982789558448073   -0.15187640617880266   0.03847649616545115   -0.2132699762929217   0.1641157016303342   0.061494069006283125   -0.11429845029289834   0.125035803254687   0.11239399024267968   0.101535306658621   -0.16772749380496205   0.13853408199723818   0.1535363454617829   -0.1428980407455297   0.03351532882125562   0.029630689375563492   0.0006436576559862261   -0.039731846462556196   0.3213796083973935   0.4972657719040249   0.2291689237150276   0.40756726172200397   0.5889201732919164   0.563782976333428   0.5673893831903571   1.0   0.5851463727380235   0.23663049141568024   -0.28254732144982136   -0.5886501262949253   -0.4993751611863464   -0.2834331992572394   -0.12867070391474364   -0.23220790493421525   -0.2670800854050251   -0.07728677494094852   -0.02273840276917846   -0.08995146018185603   -0.038316140405906314   0.12141958374703025   -0.1573343906938179   -0.3634737686273234   -0.051620098753130325   0.07550384244536465   -0.04136195892415746   -0.05127759171512877   -0.1328708891556541   -0.2812986770786867   -0.07513090102488583   0.011160597643374837   0.03949216797988256   0.18728810787740607   0.07135586576068138   0.00514285829755358   0.07341125994233288   0.14343849483088675   
T_sec   15.0   15.5   16.0   16.5   17.0   17.5   18.0   18.5   19.0   19.5   20.0   20.5   21.0   21.5   22.0   22.5   23.0   23.5   24.0   24.5   25.0   25.5   26.0   26.5   27.0   27.5   28.0   28.5   29.0   29.5   30.0   30.5   31.0   31.5   32.0   32.5   33.0   33.5   34.0   34.5   35.0   35.5   36.0   36.5   37.0   37.5   38.0   38.5   39.0   39.5   40.0   40.5   41.0   41.5   42.0   42.5   43.0   43.5   44.0   44.5   45.0   45.5   46.0   46.5   47.0   47.5   48.0   48.5   49.0   49.5   50.0   50.5   51.0   51.5   52.0   52.5   53.0   53.5   54.0   54.5   55.0   
U23   0.026759299285542864   0.07381319247193598   -0.18269175565330203   0.05074065682099789   -0.14806551936397747   0.32683187423494914   0.133704381780248   0.0074667805484990996   0.11657836304740206   -0.1576679625122806   0.08870891397230647   0.027906494175766034   0.03508020548498531   0.29547036303730706   0.3091930051004268   -0.08931262544300692   0.17220673950108326   -0.11178081720966267   0.188138058059455   -0.031105282839913925   0.21593071418332113   0.06474660855435768   0.31416223336047655   -0.05779973333067846   -0.07928126010750185   -0.0883294984370334   -0.140902764534325   -0.14597867475810428   0.2674603264305525   0.24688272489934734   -0.22775969536354806   -0.27567117311894596   0.01772267419878347   0.09845341332575543   -0.0607687586338296   -0.14136346401357147   -0.07339257944544306   -0.2307139289788085   0.01426521768562578   0.15237775533134834   0.09264456834790097   0.364816722278227   0.10651868662350801   0.590192784404239   0.5198075164612144   0.6386644455472597   0.7776951204463226   0.9064736611986409   1.0   0.45121111718312185   0.4536136388189984   0.5611853908936708   0.6185228702171061   -0.18048687836330488   -0.4300012867566538   -0.6270858770564474   -0.5318676194309804   -0.09969604509444444   -0.19267369184475244   -0.10515668602198128   -0.38110025404372105   -0.0946239193274958   -0.23030324205371838   0.02400754701180366   -0.20493800741050816   -0.1733631470245042   0.003216786308365672   0.23625122122715506   0.07798508539010968   -0.11349497818299946   0.1307752684464557   -0.31742349617801074   -0.1167282734064248   -0.2848845602252149   0.01562685869408809   -0.02569366367839998   0.05034362303577249   0.14668661607867647   -0.2468613893935825   0.2225076405973098   0.1362293559600209   
T_sec   15.0   15.5   16.0   16.5   17.0   17.5   18.0   18.5   19.0   19.5   20.0   20.5   21.0   21.5   22.0   22.5   23.0   23.5   24.0   24.5   25.0   25.5   26.0   26.5   27.0   27.5   28.0   28.5   29.0   29.5   30.0   30.5   31.0   31.5   32.0   32.5   33.0   33.5   34.0   34.5   35.0   35.5   36.0   36.5   37.0   37.5   38.0   38.5   39.0   39.5   40.0   40.5   41.0   41.5   42.0   42.5   43.0   43.5   44.0   44.5   45.0   45.5   46.0   46.5   47.0   47.5   48.0   48.5   49.0   49.5   50.0   50.5   51.0   51.5   52.0   52.5   53.0   53.5   54.0   54.5   55.0   
U24   0.31245249426386273   -0.2864428267407266   0.019171354979600784   -0.2348341859313763   0.1272571524466077   -0.10296588222951288   0.023054226064406   -0.26912943611457035   0.06514034890106264   0.07275816792963598   0.03384634909369938   0.11232818031537245   0.14315617956668455   -0.07742388837027046   -0.07216674238610947   0.3129414320065349   0.02071397219459168   0.153472165958632   0.049333609501189396   -0.08240365025095536   0.11638032535211998   -0.10537698910621453   -0.007018740002556474   0.026619645073552953   0.04246625684077394   0.06226457807397269   0.16931358801429439   0.14732061816047845   0.08113454321477162   -0.21987811924689257   0.1848915265502107   -0.2505438937527665   -0.1534497522327164   -0.23739589312167153   0.0443224199733904   0.05841313911911332   0.054202375583003844   0.008562636950039696   -0.11599932797816719   0.06340901137162164   0.09148753915292963   0.425737002555191   0.2893271844688083   0.7574314820055209   0.7533792371336343   0.9268872151627977   0.8628046156047741   1.0   -0.10233346047849863   -0.18657907868610574   0.04001434442858144   0.7720224122750237   0.7465829823176783   -0.3274923925046182   -0.48441678726863124   -0.40544226936995115   -0.2546558418382366   0.06817393140485593   0.03463377257578512   0.04647909315757477   -0.08615382637774505   -0.3231602357771858   -0.33580970525517195   0.006896741708254049   -0.1932278502125584   -0.04569907784257677   -0.21047471775936027   -0.09671449478313056   -0.15916563410398102   -0.05147191506093137   -0.010125329918200601   0.19357219755854876   -0.02495864130265278   -0.10949619111956332   -0.1760307334114972   0.18932017169429913   0.2402772221176412   0.08707742467956683   0.09620959155391723   -0.33422674055811835   0.04263502467894781   
T_sec   15.0   15.5   16.0   16.5   17.0   17.5   18.0   18.5   19.0   19.5   20.0   20.5   21.0   21.5   22.0   22.5   23.0   23.5   24.0   24.5   25.0   25.5   26.0   26.5   27.0   27.5   28.0   28.5   29.0   29.5   30.0   30.5   31.0   31.5   32.0   32.5   33.0   33.5   34.0   34.5   35.0   35.5   36.0   36.5   37.0   37.5   38.0   38.5   39.0   39.5   40.0   40.5   41.0   41.5   42.0   42.5   43.0   43.5   44.0   44.5   45.0   45.5   46.0   46.5   47.0   47.5   48.0   48.5   49.0   49.5   50.0   50.5   51.0   51.5   52.0   52.5   53.0   53.5   54.0   54.5   55.0   
U25   -0.0025017780004391427   -0.11453988890520922   -0.04724091388448895   -0.02828466054243428   -0.2412523104560219   -0.055267282727677045   -0.07800085292791124   -0.14414673328599573   0.06058795149887364   -0.058865528105178144   -0.1860949941108308   -0.303989427229167   0.20138803368922878   -0.10760803108717767   -0.06226003028609735   0.01636751514019173   0.04614616111152427   -0.00010501281695290012   -0.16329315062297484   0.00043204114902139275   -0.03452457789438404   0.01805616477144889   -0.153484242028069   0.03029811495423648   0.12273840477780726   0.273586845548076   -0.015077616474714384   -0.19102345373636254   -0.2061761033163265   0.17755936640705453   -0.20997690227048818   0.2345580161596111   0.05737292910369555   0.02993416086920814   0.24816228689976047   0.026400879626192728   0.12988094687586427   0.0855380164157713   0.1382969405927908   0.18589246062054968   0.022998613009939634   0.44159679627797954   0.41493897373997174   0.8885246585501879   0.8863922966989801   1.0   -0.29523259496511384   0.023201048792545535   0.154764610701679   0.061877441754534725   0.39359041817958956   0.3743489184119479   0.19649291464411703   -0.16519141461506592   -0.2971450819755859   -0.6131152483763946   -0.2584266549650337   -0.042850022292683476   0.021926693213146345   -0.271044062630416   -0.22761662196850335   -0.25056739904832737   0.026792003654027417   -0.11407580021582263   -0.22192412955232824   -0.10436438634965332   -0.08350703466529104   -0.16110346057386674   -0.08384023270426705   -0.13814005255105966   0.18600285743074937   0.02066876819165971   0.03773753390543444   0.3141768383898952   -0.12789129544171673   0.29203688143358225   -0.2495340630173524   0.058677974709659915   0.051075228085807285   0.10154074192725279   -0.12808612924293228   
T_sec   15.0   15.5   16.0   16.5   17.0   17.5   18.0   18.5   19.0   19.5   20.0   20.5   21.0   21.5   22.0   22.5   23.0   23.5   24.0   24.5   25.0   25.5   26.0   26.5   27.0   27.5   28.0   28.5   29.0   29.5   30.0   30.5   31.0   31.5   32.0   32.5   33.0   33.5   34.0   34.5   35.0   35.5   36.0   36.5   37.0   37.5   38.0   38.5   39.0   39.5   40.0   40.5   41.0   41.5   42.0   42.5   43.0   43.5   44.0   44.5   45.0   45.5   46.0   46.5   47.0   47.5   48.0   48.5   49.0   49.5   50.0   50.5   51.0   51.5   52.0   52.5   53.0   53.5   54.0   54.5   55.0   
U26   0   0   0   0   0   0   0   0   0   0   0   0   0   0   0   0   0   0   0   0   0   0   0   0   0   0   0   0   0   0   0   0   0   0   0   0   0   0   0   0   0   0   0   0   0   0   0   0   0   0   0   0   0   0   0   0   0   0   0   0   0   0   0   0   0   0   0   0   0   0   0   0   0   0   0   0   0   0   0   0   0   
T_sec   15.0   15.5   16.0   16.5   17.0   17.5   18.0   18.5   19.0   19.5   20.0   20.5   21.0   21.5   22.0   22.5   23.0   23.5   24.0   24.5   25.0   25.5   26.0   26.5   27.0   27.5   28.0   28.5   29.0   29.5   30.0   30.5   31.0   31.5   32.0   32.5   33.0   33.5   34.0   34.5   35.0   35.5   36.0   36.5   37.0   37.5   38.0   38.5   39.0   39.5   40.0   40.5   41.0   41.5   42.0   42.5   43.0   43.5   44.0   44.5   45.0   45.5   46.0   46.5   47.0   47.5   48.0   48.5   49.0   49.5   50.0   50.5   51.0   51.5   52.0   52.5   53.0   53.5   54.0   54.5   55.0   
U27   0.14869619043460683   0.10841553130259352   -0.0033440198086008835   0.03773971477928832   0.1106388390993239   -0.05472826758249059   -0.2044931104026742   0.004219958939500735   0.2593723482167727   0.033939826343825974   -0.12134563738848617   0.06042755757577464   -0.123628444448888   -0.1862915314703672   0.010923762695429192   0.14857714456322169   -0.19370743125254555   -0.1799512113944192   0.0013406515543089755   -0.01289109969477017   0.18617968120210504   0.1018174856835293   -0.02700043025560474   -0.015286587784531536   -0.05081102137784116   -0.20941557702894187   -0.16089951716180323   0.037886848581506705   0.30588274253974085   -0.09346453425756567   0.14897374764988244   0.1554331196107844   -0.4604061135414115   0.1789014064462724   -0.0382467219153126   0.1041713058151581   0.14524028718150875   0.3003825831920817   0.10127867810190848   0.23990840992548385   0.4069471090882461   0.6382789067227104   1.0   0.7137689039202854   -0.45129563532432404   0.06586564346812077   -0.1622690667068516   0.16059043584473023   0.005580409610083542   0.3626514553698168   0.1582702439016206   0.4034656456351728   0.32140885024746707   -0.31098791125452424   -0.36820912818735085   0.12006971242876713   -0.11309223473468978   0.2710154788624221   -0.19320910052987497   -0.03781747819716229   -0.20641377263390262   0.0015263185884627818   -0.32130636802862345   -0.3213119962021416   0.011865940353389746   0.1123135095792202   -0.25051882651608604   -0.2167393999135196   -0.15715606323337508   0.0033139143824345223   -0.19710758604303177   -0.20658298746488538   0.44353253502193557   0.055334055004013685   0.014280192077825719   0.1289964216375412   0.10565897878058213   0.03732051877515275   -0.0637753991594966   -0.03676753519643842   -0.056155755524928415   
T_sec   15.0   15.5   16.0   16.5   17.0   17.5   18.0   18.5   19.0   19.5   20.0   20.5   21.0   21.5   22.0   22.5   23.0   23.5   24.0   24.5   25.0   25.5   26.0   26.5   27.0   27.5   28.0   28.5   29.0   29.5   30.0   30.5   31.0   31.5   32.0   32.5   33.0   33.5   34.0   34.5   35.0   35.5   36.0   36.5   37.0   37.5   38.0   38.5   39.0   39.5   40.0   40.5   41.0   41.5   42.0   42.5   43.0   43.5   44.0   44.5   45.0   45.5   46.0   46.5   47.0   47.5   48.0   48.5   49.0   49.5   50.0   50.5   51.0   51.5   52.0   52.5   53.0   53.5   54.0   54.5   55.0   
U28   -0.06404112142464974   0.03553657365208223   -0.0762222737806819   0.10123010493002252   -0.12634664474923762   -0.09475641716275769   0.02288469760418125   0.05697830148607621   0.060730953199011214   0.10468479368632602   -0.20325930589560062   -0.11777354707836736   0.14570420441932175   0.045926526257964964   0.028437354447560032   -0.09085698846464121   0.2654581835632119   -0.11055754287500046   -0.04327125150621738   0.19065355187218566   0.23563668386574663   -0.10122090382131578   0.016429869294248087   -0.02796987105645198   0.014750863642822316   0.11229573958202836   0.07779410035703477   0.03816227010726943   -0.11444862157736577   -0.11636292891508568   -0.035232451995351174   -0.32127994788779746   0.23214053174185212   0.24287989073534574   -0.09429837832108609   0.09655822227417162   0.05666462985647131   0.26882830508190425   0.20603553782188488   0.6447687242868432   0.7803779908414342   1.0   0.12116008717243121   -0.218133055190486   0.16706974852353262   0.08577770843177689   0.2619405642990536   0.40708808029486626   0.2759790228984911   -0.14135571763065868   -0.04224004314497419   0.26400348468146917   0.29618250394078993   -0.291524714475681   -0.3897944129664895   0.10813271815728687   0.25593429139957696   -0.16153013526990287   0.16567948563210952   -0.11828716396322624   -0.12758684803274536   -0.09488821716958096   -0.12963544608755412   0.06648571247486369   -0.1830248026876751   -0.0963832838331307   0.08075888921845402   -0.04248536641670312   -0.2909284998591169   0.09736670575974304   0.003173164930663095   0.3960828589677963   0.02409023032341971   -0.03021703280482381   -0.02822502859635794   -0.2754299399026336   -0.016838696310365112   0.12692708327028515   -0.09720489530645049   0.11072564890439433   0.0293469229203447   
T_sec   15.0   15.5   16.0   16.5   17.0   17.5   18.0   18.5   19.0   19.5   20.0   20.5   21.0   21.5   22.0   22.5   23.0   23.5   24.0   24.5   25.0   25.5   26.0   26.5   27.0   27.5   28.0   28.5   29.0   29.5   30.0   30.5   31.0   31.5   32.0   32.5   33.0   33.5   34.0   34.5   35.0   35.5   36.0   36.5   37.0   37.5   38.0   38.5   39.0   39.5   40.0   40.5   41.0   41.5   42.0   42.5   43.0   43.5   44.0   44.5   45.0   45.5   46.0   46.5   47.0   47.5   48.0   48.5   49.0   49.5   50.0   50.5   51.0   51.5   52.0   52.5   53.0   53.5   54.0   54.5   55.0   
U29   0   0   0   0   0   0   0   0   0   0   0   0   0   0   0   0   0   0   0   0   0   0   0   0   0   0   0   0   0   0   0   0   0   0   0   0   0   0   0   0   0   0   0   0   0   0   0   0   0   0   0   0   0   0   0   0   0   0   0   0   0   0   0   0   0   0   0   0   0   0   0   0   0   0   0   0   0   0   0   0   0   
T_sec   15.0   15.5   16.0   16.5   17.0   17.5   18.0   18.5   19.0   19.5   20.0   20.5   21.0   21.5   22.0   22.5   23.0   23.5   24.0   24.5   25.0   25.5   26.0   26.5   27.0   27.5   28.0   28.5   29.0   29.5   30.0   30.5   31.0   31.5   32.0   32.5   33.0   33.5   34.0   34.5   35.0   35.5   36.0   36.5   37.0   37.5   38.0   38.5   39.0   39.5   40.0   40.5   41.0   41.5   42.0   42.5   43.0   43.5   44.0   44.5   45.0   45.5   46.0   46.5   47.0   47.5   48.0   48.5   49.0   49.5   50.0   50.5   51.0   51.5   52.0   52.5   53.0   53.5   54.0   54.5   55.0   
U30   0.09016991034888559   -0.10426594353600398   -0.16440954422265508   -0.09168201365065301   -0.08531994743702574   -0.10119387913859687   0.07882566881731723   0.16458006362548933   0.12326155164767408   0.10131445996725112   0.07395292860001702   -0.14857713314352766   0.016501421445123614   0.2021540504631401   -0.2550842570713087   -0.18819100675507913   -0.05007726798442256   -0.026986557087129607   -0.05776654920134427   -0.3527903120907998   -0.22066441970682982   -0.04303705441986843   -0.20735781108582327   -0.348431986038299   -0.18005552177445477   0.008763198935413441   -0.07766510075336532   0.11676945845863938   -0.07690713417405379   -0.14932468219108677   0.058304706972602184   0.15724224545104562   -0.0028251636116850836   0.1103454819036945   -0.10565233816472894   0.07755168472775059   0.3954302132962401   0.1602939138920452   1.0   0.34217586541467526   -0.44586445174261313   0.056431401805261544   0.04743213082094896   0.059666062497833135   0.1025623639877247   0.12140566937573728   -0.1276909401172397   0.021982399836898918   0.2078517606904018   0.0046267436394611   0.0700336299074819   0.14673552227126174   0.24617400362539152   -0.46212947586914654   -0.5057310074384512   -0.23003015245175337   -0.159149945915097   -0.12217463768925255   -0.18830085690983353   0.22533545704240818   -0.015383221204904218   -0.26648558639762504   -0.1662662489953197   -0.24386781600115642   0.11393574810517922   -0.007874640397105065   -0.11908559359345093   -0.07001833099480577   -0.18562250854597337   0.18305212309114577   0.017938381243014345   0.17704095922198662   0.298364890658778   0.09728243606246054   -0.23059828078307923   0.27866461678085513   -0.08164774590248272   0.09151941754212257   0.05734691612712058   0.1356334382233576   0.18778301770158828   
T_sec   15.0   15.5   16.0   16.5   17.0   17.5   18.0   18.5   19.0   19.5   20.0   20.5   21.0   21.5   22.0   22.5   23.0   23.5   24.0   24.5   25.0   25.5   26.0   26.5   27.0   27.5   28.0   28.5   29.0   29.5   30.0   30.5   31.0   31.5   32.0   32.5   33.0   33.5   34.0   34.5   35.0   35.5   36.0   36.5   37.0   37.5   38.0   38.5   39.0   39.5   40.0   40.5   41.0   41.5   42.0   42.5   43.0   43.5   44.0   44.5   45.0   45.5   46.0   46.5   47.0   47.5   48.0   48.5   49.0   49.5   50.0   50.5   51.0   51.5   52.0   52.5   53.0   53.5   54.0   54.5   55.0   
U31   -0.018487916732840767   0.4052563685598644   0.2732421092749756   0.1779403407067219   -0.011063435110526808   -0.10150181053710877   0.08674961116223984   0.2072686102372883   0.007797819790064414   -0.1155379516641732   -0.09057882794150521   0.0774612853563914   0.19380272144959163   -0.11248106996213382   -0.284329611678662   -0.2461268872119499   -0.10616587851283853   0.38248788307955855   0.057019636696822286   -0.3738364024837762   0.05463954042310541   0.23488359246314525   0.09290697779651103   0.05919068146811403   -0.002741786009407984   0.19704825592129938   0.23215088525422004   -0.4063167743209307   0.05571747291800376   0.180962530791906   -0.08863703382208032   -0.06846094754525069   0.33604801396713785   0.35581016135051174   0.10023989521312997   0.38290280741327565   0.7587752909457909   1.0   -0.37646481715732144   0.0015400549155059843   -0.20624178691729694   -0.004717862347402393   0.22670474152891992   0.29942799248309726   -0.15883537906821352   0.07021828965325838   0.16253058985749255   0.10916957410112914   0.014563163628687863   -0.01893013251381129   0.2809953917875907   0.111469654818379   0.2707880400060892   -0.37091873504923695   -0.38555630210480296   0.0019778878124739473   -0.2677658722548448   -0.3006829980681741   -0.10656347000508129   0.05306810670454092   0.02794637553044629   0.08842964523557424   0.11445033333569787   0.0660003787813948   0.17494548994272016   -0.16212244737267126   -0.2847581807016993   -0.27150204319349563   0.22033280439924763   -0.20115687778223532   -0.030586636843400357   0.05320640203970104   0.0784971273483137   0.2197265326834346   -0.048630080360717254   0.015512122744352813   -0.06106966498036427   0.0858623641948768   -0.3554337201523531   0.09660751017444927   0.046384844535677636   
T_sec   15.0   15.5   16.0   16.5   17.0   17.5   18.0   18.5   19.0   19.5   20.0   20.5   21.0   21.5   22.0   22.5   23.0   23.5   24.0   24.5   25.0   25.5   26.0   26.5   27.0   27.5   28.0   28.5   29.0   29.5   30.0   30.5   31.0   31.5   32.0   32.5   33.0   33.5   34.0   34.5   35.0   35.5   36.0   36.5   37.0   37.5   38.0   38.5   39.0   39.5   40.0   40.5   41.0   41.5   42.0   42.5   43.0   43.5   44.0   44.5   45.0   45.5   46.0   46.5   47.0   47.5   48.0   48.5   49.0   49.5   50.0   50.5   51.0   51.5   52.0   52.5   53.0   53.5   54.0   54.5   55.0   
U32   0.1169490848138453   0.22243111166192733   -0.27042271396315165   0.05316615886910106   -0.12247400747221486   -0.11823642653331846   0.02635286263282747   -0.2891698095831711   0.07740122932891791   0.1209662400195645   0.14208514379035964   -0.0027961116566173833   -0.08037688316798582   -0.2835607337770949   0.16224374617628143   0.04983158238403402   0.14821708370601036   0.012401872361139038   0.11137340592917308   -0.012243924021910121   0.16025142003322412   0.10040587284073003   0.14758190814904215   0.1117247054518282   0.02271471756234951   0.1143165256398167   0.24482445328878913   0.09835678029285208   -0.07572838749582939   0.290473667101596   -0.007417944811472439   0.08234863911744042   0.07694815525192301   0.3513731143410147   0.3418300572257396   1.0   0.8729867451763742   0.04059142882747328   -0.3682490653924096   -0.02235667064217261   0.10540199205854016   0.2875031791512077   0.21471225990534862   0.39042627956292936   0.35946457919375874   0.2547476758058448   0.0680969436348905   0.12257559971868873   0.036949736757038186   0.2064348364762682   0.06055836407645274   0.17095608141222815   0.024268439444397705   -0.1719970899402187   -0.49336182534588446   -0.23406600944333217   0.001513002695290008   -0.31120809761355556   -0.025150279951681575   -0.014331181282368162   0.09140018269909111   -0.1434579032414292   -0.08871131013192338   -0.3057905028307895   -0.04913343159739251   -0.14880027471979038   0.11337927318416677   0.10364439868465078   0.0816800275727119   0.13745305579138448   -0.05067731154927058   0.17718373423846842   0.20403007254148475   0.11629585062165249   -0.10742544554813381   0.1202573398151986   -0.0030925534311558307   0.11997384695369868   0.031531009372544355   -0.3005043342816223   0.07003248959984962   
T_sec   15.0   15.5   16.0   16.5   17.0   17.5   18.0   18.5   19.0   19.5   20.0   20.5   21.0   21.5   22.0   22.5   23.0   23.5   24.0   24.5   25.0   25.5   26.0   26.5   27.0   27.5   28.0   28.5   29.0   29.5   30.0   30.5   31.0   31.5   32.0   32.5   33.0   33.5   34.0   34.5   35.0   35.5   36.0   36.5   37.0   37.5   38.0   38.5   39.0   39.5   40.0   40.5   41.0   41.5   42.0   42.5   43.0   43.5   44.0   44.5   45.0   45.5   46.0   46.5   47.0   47.5   48.0   48.5   49.0   49.5   50.0   50.5   51.0   51.5   52.0   52.5   53.0   53.5   54.0   54.5   55.0   
U33   0.051338427339741456   -0.3112156893870377   -0.16068103506738682   -0.023581802289149894   -0.013607259233686997   -0.40022324631931677   0.016489540795272314   0.087160197223292   0.0765860042157728   0.09763398669537444   -0.05974534755199941   0.14996487850571216   0.04741058976456495   -0.05418066970633305   0.06626726135636128   -0.09654175017789646   -0.1196477629183497   -0.23830507551530655   -0.029124067843831578   -0.02902843834430149   -0.23784080872604346   0.18667352560499012   -0.17614765645309755   -0.011370858341391921   0.23270669253766876   0.11782264657444082   -0.23615897935596739   0.03156835212573619   -0.0478844769898159   -0.0068764228192272885   0.34668581923074515   0.28871442456550006   0.32961260757427874   0.5694960267699758   1.0   0.366985024772706   -0.19170877579337497   -0.32501319153935937   -0.13645051531519894   0.2093863968994213   0.05462588597192658   -0.05041301945879946   -0.176118301971693   -0.051673969517552334   -0.23748822860186916   -0.10464816290275153   -0.07253894274125096   0.16565200412385397   0.15511841928098805   0.08020541532715565   -0.13023795069864952   0.13388424786970787   0.16318109582905915   -0.06115894145660888   -0.42219575968405926   -0.06876679535068278   -0.10001226354594663   -0.2757594273993619   0.11243512599856953   -0.027163375712619894   0.28688087600639134   -0.1113226948017898   0.05585509145230456   -0.03506604717595586   0.01374876821740098   0.13296836374054374   -0.037332184370116483   0.37026919388553015   0.2250599525855859   0.2590803353794369   0.00516407283117044   -0.21599296639730103   0.08802241649800317   -0.06719319521043293   0.038992960407761484   0.008291777462790192   0.02467807026223313   0.15851454876750018   -0.2145428799386921   0.05158214605971645   0.17619560283290658   
T_sec   15.0   15.5   16.0   16.5   17.0   17.5   18.0   18.5   19.0   19.5   20.0   20.5   21.0   21.5   22.0   22.5   23.0   23.5   24.0   24.5   25.0   25.5   26.0   26.5   27.0   27.5   28.0   28.5   29.0   29.5   30.0   30.5   31.0   31.5   32.0   32.5   33.0   33.5   34.0   34.5   35.0   35.5   36.0   36.5   37.0   37.5   38.0   38.5   39.0   39.5   40.0   40.5   41.0   41.5   42.0   42.5   43.0   43.5   44.0   44.5   45.0   45.5   46.0   46.5   47.0   47.5   48.0   48.5   49.0   49.5   50.0   50.5   51.0   51.5   52.0   52.5   53.0   53.5   54.0   54.5   55.0   
U34   0.11052935184440309   -0.15012064233582487   -0.13188154606620917   0.2054894401645214   0.3513975750304518   0.1882385735285286   0.11862914076699282   -0.13695210076740985   0.11478290334012879   -0.22600088467689913   0.10905086069563052   0.09509825518968087   0.02047086540611456   0.009393162006569577   -0.042747338979657705   -0.12094794472397943   0.049175909182815655   0.11619065120789655   0.3345419212928025   0.1260701364933399   0.37122162458174707   0.17061660125602915   -0.10202218021341383   0.0709432786812453   -0.09407877595686662   -0.14119439870266245   0.1823651236225208   -0.3439895571172224   0.14748018248751202   0.1788913522029608   -0.06097113174043115   0.6366729222269681   1.0   0.8543926367090416   0.21342326622047733   -0.08329730675615411   0.1389744210565421   0.5228367666825521   0.4122651145368148   0.32679962447434563   0.2615785051576148   -0.10190416241188179   0.07215755880530275   0.19278822464476691   -0.12508652772439544   0.18868243466147663   0.08983388554559497   0.19938844261583105   0.28391201720992726   0.014831136628043142   0.1569876246816705   0.13759975859255869   0.20198623536265264   -0.18482438113623323   -0.37530426731986755   -0.3192930391572196   0.10074690719138418   -0.2543920754990933   0.01013339440940699   0.32325924570432796   0.11378375603582863   -0.11945999259153453   0.025091496687589927   -0.09150950985739817   0.13820693568187192   0.337119554745622   0.15751434281915605   0.10120682552247877   0.0835733251258225   0.08591090643019186   -0.0866503279091427   -0.09830785849908989   0.09662184115043697   0.22930484841520152   0.0679578903496836   0.08718993329484352   0.14103087315993781   -0.08842889120188   -0.045664226534923524   -0.2828925505681512   0.0933683419949337   
T_sec   15.0   15.5   16.0   16.5   17.0   17.5   18.0   18.5   19.0   19.5   20.0   20.5   21.0   21.5   22.0   22.5   23.0   23.5   24.0   24.5   25.0   25.5   26.0   26.5   27.0   27.5   28.0   28.5   29.0   29.5   30.0   30.5   31.0   31.5   32.0   32.5   33.0   33.5   34.0   34.5   35.0   35.5   36.0   36.5   37.0   37.5   38.0   38.5   39.0   39.5   40.0   40.5   41.0   41.5   42.0   42.5   43.0   43.5   44.0   44.5   45.0   45.5   46.0   46.5   47.0   47.5   48.0   48.5   49.0   49.5   50.0   50.5   51.0   51.5   52.0   52.5   53.0   53.5   54.0   54.5   55.0   
U35   0   0   0   0   0   0   0   0   0   0   0   0   0   0   0   0   0   0   0   0   0   0   0   0   0   0   0   0   0   0   0   0   0   0   0   0   0   0   0   0   0   0   0   0   0   0   0   0   0   0   0   0   0   0   0   0   0   0   0   0   0   0   0   0   0   0   0   0   0   0   0   0   0   0   0   0   0   0   0   0   0   
T_sec   15.0   15.5   16.0   16.5   17.0   17.5   18.0   18.5   19.0   19.5   20.0   20.5   21.0   21.5   22.0   22.5   23.0   23.5   24.0   24.5   25.0   25.5   26.0   26.5   27.0   27.5   28.0   28.5   29.0   29.5   30.0   30.5   31.0   31.5   32.0   32.5   33.0   33.5   34.0   34.5   35.0   35.5   36.0   36.5   37.0   37.5   38.0   38.5   39.0   39.5   40.0   40.5   41.0   41.5   42.0   42.5   43.0   43.5   44.0   44.5   45.0   45.5   46.0   46.5   47.0   47.5   48.0   48.5   49.0   49.5   50.0   50.5   51.0   51.5   52.0   52.5   53.0   53.5   54.0   54.5   55.0   
U36   0.02274937631630958   -0.06752570004396286   0.025773759646449738   -0.07836524277023554   -0.02520576429737995   0.28260738172111005   0.2686964634149316   -0.025794215967032356   0.14343804311131875   0.03331576862515973   -0.0050836851712960825   -0.07402900683525775   -0.15913858519998708   -0.041383916017464224   -0.04430020921298746   -0.0261303884645219   0.12344652064680525   0.16522589737922072   0.02399602183773448   0.11614713048131996   0.13103753880949107   0.09354732542090254   0.22268802647018762   -0.0175727639478767   -0.10805051878075121   0.03483851110180885   0.15118357951359898   0.22196509293087754   0.6043161981364839   0.8897110095167177   1.0   0.33221363089689976   -0.06279065824440586   0.23478674170969444   0.054048251227537654   0.30228122631587734   -0.06875161920163503   0.1892916275753265   0.10071342496250742   0.06797617268564089   0.17190781697393187   -0.08666981278109712   0.007794799187290529   -0.09176051131544874   -0.1145739297421783   -0.022198578071276717   0.16341238749806739   -0.15526834199595432   0.010814725110144852   -0.0751535661675434   -0.1958018337717607   0.008056440025531958   0.08783168317172153   -0.18164351990354785   -0.3524044224126348   0.13499131602909648   0.0966110507605701   -0.10757617780809697   0.05714639274782285   0.14512743948845885   0.0892341258425695   0.1243522525706061   0.10315780169639943   0.05762924775960145   0.025126089891506383   -0.2007462245835831   0.1091605117273932   -0.08110086492524642   -0.12399297018975274   0.03441678424661148   -0.11960716701303097   0.17384949925515825   -0.11470840663068285   0.19352914904434917   -0.05401255730294851   0.33098330465331854   0.1469372125397877   -0.03750095219656556   -0.091307351295834   0.03404255933116706   0.19191256725941586   
T_sec   15.0   15.5   16.0   16.5   17.0   17.5   18.0   18.5   19.0   19.5   20.0   20.5   21.0   21.5   22.0   22.5   23.0   23.5   24.0   24.5   25.0   25.5   26.0   26.5   27.0   27.5   28.0   28.5   29.0   29.5   30.0   30.5   31.0   31.5   32.0   32.5   33.0   33.5   34.0   34.5   35.0   35.5   36.0   36.5   37.0   37.5   38.0   38.5   39.0   39.5   40.0   40.5   41.0   41.5   42.0   42.5   43.0   43.5   44.0   44.5   45.0   45.5   46.0   46.5   47.0   47.5   48.0   48.5   49.0   49.5   50.0   50.5   51.0   51.5   52.0   52.5   53.0   53.5   54.0   54.5   55.0   
U37   -0.14779961047707188   -0.01655326071639148   0.04178107977841246   0.13448528321507544   -0.08969116392434018   0.21817344515859083   0.20406645140724944   -0.3351686779525646   -0.2817787327438412   -0.07073627645436095   -0.1859512424510156   0.23489321494417742   0.14573329320688527   0.07971986909455087   -0.05761689657022263   0.29755253420712346   0.25009903725024557   -0.08875837643711625   0.05949039627752027   0.12413480713406723   0.12253314314632073   0.08412947916260914   0.034940501127069   -0.13566823342308612   0.1495463832930167   0.24027173024336   0.15525461652153422   0.7666949306228961   0.8344032402333322   1.0   0.8033090099723962   0.1377605215316934   0.0845686863401084   0.03338035358780758   0.3649233106904865   0.10601977528076335   0.09968761545415236   -0.15494140247512272   -0.02800619174683727   -0.3358732212355471   -0.026975322647561438   0.25900898288919716   -0.3453218297960345   0.2559112265529136   -0.027861339134096212   -0.017884891917502206   -0.20756101551558132   -0.04067377719113045   -0.02935810945377108   -0.08313205923366805   -0.1527072140219759   0.20850281652029282   0.25923954401157473   -0.23104646260248946   -0.41142611533931084   -0.22643588582307236   0.014983265085349577   0.12017896823205318   -0.002660671963103813   0.3187525469788171   0.039219694515699864   0.008107161188552422   0.24795281406090247   -0.1399629709541397   -0.027056707560707334   -0.2883157478679802   -0.2693539410693463   0.15031893548957528   -0.021831546478601156   -0.10592646850994493   0.2108749700491677   -0.13522663379233668   0.17045926537299486   0.033382532751046606   -0.04840802232350013   -0.2733097227646597   0.04618558105472658   -0.07828176234461247   0.05106917103304672   -0.1434157842535066   -0.2536926187065995   
T_sec   15.0   15.5   16.0   16.5   17.0   17.5   18.0   18.5   19.0   19.5   20.0   20.5   21.0   21.5   22.0   22.5   23.0   23.5   24.0   24.5   25.0   25.5   26.0   26.5   27.0   27.5   28.0   28.5   29.0   29.5   30.0   30.5   31.0   31.5   32.0   32.5   33.0   33.5   34.0   34.5   35.0   35.5   36.0   36.5   37.0   37.5   38.0   38.5   39.0   39.5   40.0   40.5   41.0   41.5   42.0   42.5   43.0   43.5   44.0   44.5   45.0   45.5   46.0   46.5   47.0   47.5   48.0   48.5   49.0   49.5   50.0   50.5   51.0   51.5   52.0   52.5   53.0   53.5   54.0   54.5   55.0   
U38   0   0   0   0   0   0   0   0   0   0   0   0   0   0   0   0   0   0   0   0   0   0   0   0   0   0   0   0   0   0   0   0   0   0   0   0   0   0   0   0   0   0   0   0   0   0   0   0   0   0   0   0   0   0   0   0   0   0   0   0   0   0   0   0   0   0   0   0   0   0   0   0   0   0   0   0   0   0   0   0   0   
T_sec   15.0   15.5   16.0   16.5   17.0   17.5   18.0   18.5   19.0   19.5   20.0   20.5   21.0   21.5   22.0   22.5   23.0   23.5   24.0   24.5   25.0   25.5   26.0   26.5   27.0   27.5   28.0   28.5   29.0   29.5   30.0   30.5   31.0   31.5   32.0   32.5   33.0   33.5   34.0   34.5   35.0   35.5   36.0   36.5   37.0   37.5   38.0   38.5   39.0   39.5   40.0   40.5   41.0   41.5   42.0   42.5   43.0   43.5   44.0   44.5   45.0   45.5   46.0   46.5   47.0   47.5   48.0   48.5   49.0   49.5   50.0   50.5   51.0   51.5   52.0   52.5   53.0   53.5   54.0   54.5   55.0   
U39   0   0   0   0   0   0   0   0   0   0   0   0   0   0   0   0   0   0   0   0   0   0   0   0   0   0   0   0   0   0   0   0   0   0   0   0   0   0   0   0   0   0   0   0   0   0   0   0   0   0   0   0   0   0   0   0   0   0   0   0   0   0   0   0   0   0   0   0   0   0   0   0   0   0   0   0   0   0   0   0   0   
T_sec   15.0   15.5   16.0   16.5   17.0   17.5   18.0   18.5   19.0   19.5   20.0   20.5   21.0   21.5   22.0   22.5   23.0   23.5   24.0   24.5   25.0   25.5   26.0   26.5   27.0   27.5   28.0   28.5   29.0   29.5   30.0   30.5   31.0   31.5   32.0   32.5   33.0   33.5   34.0   34.5   35.0   35.5   36.0   36.5   37.0   37.5   38.0   38.5   39.0   39.5   40.0   40.5   41.0   41.5   42.0   42.5   43.0   43.5   44.0   44.5   45.0   45.5   46.0   46.5   47.0   47.5   48.0   48.5   49.0   49.5   50.0   50.5   51.0   51.5   52.0   52.5   53.0   53.5   54.0   54.5   55.0   
U40   -0.18752972214675195   0.07009572201909889   0.00909360488482947   -0.15095554031308644   0.18548322367272138   0.08369243489589344   -0.0957519683235309   0.16177749748041256   -0.30546398585857415   -0.34820022610201595   -0.011904973589904324   0.08672687828952742   0.20903586081425105   -0.24468064669515374   -0.09371281566079029   -0.02311358616964696   0.17060146772632898   0.04951088797387483   -0.08811082181209536   0.3764288114428068   0.048779910057734445   0.1652019117095334   0.09544968702109845   0.514502546768044   0.9715888348013827   0.8371910454803828   1.0   0.517971075750204   0.3285891196937675   0.06628558138002594   0.09274392516891193   -0.1302581994331328   0.12668522841276322   -0.2257805084329722   -0.11121120024846742   0.1061889334835896   0.23589460119690178   0.14841341341458097   -0.00273735159011011   -0.17539834661880718   -0.035509410873970346   -0.29889666519542557   -0.01806513544741024   -0.03882749041470809   0.11864051019700812   0.10825602843123927   0.048393533301819815   -0.03060341515213668   0.09144528705616257   0.037607804792290284   0.002439777460518213   0.2091193562393599   0.004760553353619972   -0.033396225041477275   -0.14564360042607494   -0.1618198823672227   -0.16525845641033046   0.1395834185848272   0.2074979553334384   -0.0668927476156133   0.18672592666127413   -0.01692279527403113   0.10414582396481105   0.02885394686345208   -0.1472602033707873   0.05502223119137284   0.016124349071751174   -0.05124420646830341   -0.11913021953746529   -0.27787642774876037   -0.16735863839358295   -0.26012856559897307   0.033037441683054794   -0.09003862320575677   0.2151008210543044   0.016761975171482573   0.09698426950821057   -0.250865771849125   -0.1343658118747961   -0.31733280191132146   0.07940096151508425   
sta_location:9.954407470807796,10.195376934105745,10.88763805139088,11.117428274821942,11.78168189571699,12.230373802586398,12.778226081389567,13.167069673597041,13.620212331284934,14.286174744506354,14.777752527750511,15.035098038965724,15.777376679288109,16.48764769092482,16.72186242550011,17.144221079823968,17.852370540865287,18.068475314900265,18.974232239443054,19.35416230828825,19.734845969624065,20.053247221560966,20.57289999505593,21.189559402790703,21.653692599945142,22.35840578846509,22.615598987053886,23.06145087337591,23.660425879008784,24.435498736633942,24.528702876426248,25.203370860454857,25.51645326142569,26.10543304385085,26.56432409230029,27.232059085455116,27.959527316300836,28.458293798242742,28.837991249181684,29.39892652460477,29.730360031458652,
rebuild_index:0,1,2,3,4,5,6,7,8,9,10,11,12,13,14,15,16,17,18,19,20,21,22,23,24,25,26,27,28,29,30,31,32,33,34,35,36,37,38,39,40,
use_index:0,2,3,5,6,7,9,10,12,14,15,16,17,18,19,20,21,22,23,24,25,27,28,30,31,32,33,34,36,37,40,
rebuild_locdata:9.954407470807796,10.25,10.88763805139088,11.117428274821942,11.75,12.230373802586398,12.778226081389567,13.167069673597041,13.75,14.286174744506354,14.777752527750511,15.25,15.777376679288109,16.25,16.72186242550011,17.144221079823968,17.852370540865287,18.068475314900265,18.974232239443054,19.35416230828825,19.734845969624065,20.053247221560966,20.57289999505593,21.189559402790703,21.653692599945142,22.35840578846509,22.75,23.06145087337591,23.660425879008784,24.25,24.528702876426248,25.203370860454857,25.51645326142569,26.10543304385085,26.56432409230029,27.25,27.959527316300836,28.458293798242742,28.75,29.25,29.730360031458652,
cut_start_time:15---cut_windows:40---reduction_v:10---move_time_window_all:0.0
move_time_window:0.0,0.0,0.0,0.0,0.0,0.0,0.0,0.0,0.0,0.0,0.0,0.0,0.0,0.0,0.0,0.0,0.0,0.0,0.0,0.0,0.0,0.0,0.0,0.0,0.0,0.0,0.0,0.0,0.0,0.0,0.0,0.0,0.0,0.0,0.0,0.0,0.0,0.0,0.0,0.0,0.0,
sta_noise_mean:0,0,0,0,0,0,0,0,0,0,0,0,0,0,0,0,0,0,0,0,0,0,0,0,0,0,0,0,0,0,0,0,0,0,0,0,0,0,0,0,0,
sta_noise_sigma:0.15,0.15,0.15,0.15,0.15,0.15,0.15,0.15,0.15,0.15,0.15,0.15,0.15,0.15,0.15,0.15,0.15,0.15,0.15,0.15,0.15,0.15,0.15,0.15,0.15,0.15,0.15,0.15,0.15,0.15,0.15,0.15,0.15,0.15,0.15,0.15,0.15,0.15,0.15,0.15,0.15,
add_noise_region_move_range:0,0,0,0,0,0,0,0,0,0,0,0,0,0,0,0,0,0,0,0,0,0,0,0,0,0,0,0,0,0,0,0,0,0,0,0,0,0,0,0,0,