T_sec   15.0   15.5   16.0   16.5   17.0   17.5   18.0   18.5   19.0   19.5   20.0   20.5   21.0   21.5   22.0   22.5   23.0   23.5   24.0   24.5   25.0   25.5   26.0   26.5   27.0   27.5   28.0   28.5   29.0   29.5   30.0   30.5   31.0   31.5   32.0   32.5   33.0   33.5   34.0   34.5   35.0   35.5   36.0   36.5   37.0   37.5   38.0   38.5   39.0   39.5   40.0   40.5   41.0   41.5   42.0   42.5   43.0   43.5   44.0   44.5   45.0   45.5   46.0   46.5   47.0   47.5   48.0   48.5   49.0   49.5   50.0   50.5   51.0   51.5   52.0   52.5   53.0   53.5   54.0   54.5   55.0   
U0   0   0   0   0   0   0   0   0   0   0   0   0   0   0   0   0   0   0   0   0   0   0   0   0   0   0   0   0   0   0   0   0   0   0   0   0   0   0   0   0   0   0   0   0   0   0   0   0   0   0   0   0   0   0   0   0   0   0   0   0   0   0   0   0   0   0   0   0   0   0   0   0   0   0   0   0   0   0   0   0   0   
T_sec   15.0   15.5   16.0   16.5   17.0   17.5   18.0   18.5   19.0   19.5   20.0   20.5   21.0   21.5   22.0   22.5   23.0   23.5   24.0   24.5   25.0   25.5   26.0   26.5   27.0   27.5   28.0   28.5   29.0   29.5   30.0   30.5   31.0   31.5   32.0   32.5   33.0   33.5   34.0   34.5   35.0   35.5   36.0   36.5   37.0   37.5   38.0   38.5   39.0   39.5   40.0   40.5   41.0   41.5   42.0   42.5   43.0   43.5   44.0   44.5   45.0   45.5   46.0   46.5   47.0   47.5   48.0   48.5   49.0   49.5   50.0   50.5   51.0   51.5   52.0   52.5   53.0   53.5   54.0   54.5   55.0   
U1   -0.6943721018096408   0.31868850621245864   -0.27161780034443417   -0.4934056095627412   -0.531543191771355   -0.4446831392334544   0.0032840639628594465   0.04266534895098556   0.16728109642257305   -0.44869853328474074   0.12459956093637772   0.7264940677099205   -0.16196803571400553   -0.19021357018880636   0.24208916997293037   -0.12162732308044295   0.7774045512697112   -1.0   -0.15120196187817933   0.26939631118102253   0.07405012076203167   0.06322221993771701   -0.17260881243119378   -0.138466415859713   -0.835399916422628   -0.017937053978615107   0.4624372623657546   -0.06645605246905424   -0.8281352337182377   -0.05403511046512208   0.09016382963684295   -0.015196313232151919   0.5386778727893424   -0.24331749960606142   0.039054486162169166   0.21414581691674792   0.21462955580948925   -0.7096743369076174   -0.6817780614023872   -0.6349947573664179   -0.004505628140843706   0.7647071781176963   -0.1440642880115221   0.20095800543619424   -0.19998068295913637   -0.588963442520843   0.8506681634948466   -0.21755860339632993   -0.19679121044293268   -0.014020029357860855   0.17118803541519495   -0.6966341722361816   -0.18302655597775166   0.5853071857718529   0.1588666230910228   -0.7938627123903494   -0.040762019330218495   -0.013919037208675865   -0.2228352841065933   -0.0010341257983168838   -0.3361335653106908   0.011817002622858935   0.4629693782844016   -0.3679707811726446   0.5588206199685168   -0.15216715517734206   0.3809475096032176   -0.027855022787267092   0.21598809738776142   -0.22409178041166797   -0.2805441637612595   -0.2817721172625408   0.2375129139602323   0.4202134151716974   0.21066537872025787   0.5587449635542813   -0.08356373456453217   -0.0887927719615205   -0.4531078769570272   -0.3627158385586722   0.5542782158581253   
T_sec   15.0   15.5   16.0   16.5   17.0   17.5   18.0   18.5   19.0   19.5   20.0   20.5   21.0   21.5   22.0   22.5   23.0   23.5   24.0   24.5   25.0   25.5   26.0   26.5   27.0   27.5   28.0   28.5   29.0   29.5   30.0   30.5   31.0   31.5   32.0   32.5   33.0   33.5   34.0   34.5   35.0   35.5   36.0   36.5   37.0   37.5   38.0   38.5   39.0   39.5   40.0   40.5   41.0   41.5   42.0   42.5   43.0   43.5   44.0   44.5   45.0   45.5   46.0   46.5   47.0   47.5   48.0   48.5   49.0   49.5   50.0   50.5   51.0   51.5   52.0   52.5   53.0   53.5   54.0   54.5   55.0   
U2   -0.16234007945411844   -0.45163690777633375   0.5695305356615463   0.14215797619707474   -0.2264258262939998   -0.23004494487693583   0.23451180383588874   -0.34354509379477166   0.3578005668475074   0.03671116729060482   -0.3683862645867714   0.069166401491155   0.6428056692110945   -0.5378551634819349   0.4992507691131573   0.2313368526731964   -0.29848626504978154   -0.5869485897319342   -0.291296263417831   -0.05510921919250212   -0.04789002400791199   -0.3673609470352117   -0.38362486809125723   0.5649146898642142   0.36958675071735775   -0.7844082195852994   -0.10848750059915815   -0.013132320198081547   0.6444285356868814   0.915558337968507   -0.13420691028933754   -0.40305675198486496   -0.5241010433463884   0.015799404968647762   0.01452082427150577   0.6205796982946096   -0.39631744117290624   0.5072800774431413   0.4652943810033627   -0.27696679215058007   -0.22814769333683746   0.012007372990160215   0.20004323267981744   0.2899660838947256   -1.0   -0.3368964115957841   0.5135982984417207   0.9052174780682637   -0.07776967986369789   -0.038829530605983605   -0.5635272193216607   -0.34893209593795155   -0.04317039553414439   -0.3354863636754288   -0.5838483923898699   -0.23492877693800754   -0.2015392882835695   -0.27142756277832925   0.12297276789504473   -0.004406852185704854   0.23626427683069276   0.07644008864150928   0.0907240506212902   0.608215881313772   0.23266183761757087   -0.09774658980220285   -0.20607714707391703   -0.7272840588184238   0.13448125666975436   0.015544016549174243   -0.23387162251095656   -0.6335737361721269   -0.2518150354213042   -0.5552032142797001   -0.28975555886378807   0.2537988868815377   0.2154114371360981   0.3009443979875936   0.13257230407391646   -0.3022790823295487   -0.14924107601292913   
T_sec   15.0   15.5   16.0   16.5   17.0   17.5   18.0   18.5   19.0   19.5   20.0   20.5   21.0   21.5   22.0   22.5   23.0   23.5   24.0   24.5   25.0   25.5   26.0   26.5   27.0   27.5   28.0   28.5   29.0   29.5   30.0   30.5   31.0   31.5   32.0   32.5   33.0   33.5   34.0   34.5   35.0   35.5   36.0   36.5   37.0   37.5   38.0   38.5   39.0   39.5   40.0   40.5   41.0   41.5   42.0   42.5   43.0   43.5   44.0   44.5   45.0   45.5   46.0   46.5   47.0   47.5   48.0   48.5   49.0   49.5   50.0   50.5   51.0   51.5   52.0   52.5   53.0   53.5   54.0   54.5   55.0   
U3   0.013434768380330885   -0.33283749358955644   -0.41132276578901794   -0.2580796634256324   0.38366061395923506   0.18699632344223271   0.24047452365700242   -0.4020344541323136   -0.0402222972282181   0.014566754370573677   0.12982393360122743   0.0349945390822486   0.1334662924333688   -0.09536986155543478   -0.03594387340221123   0.043983282363125924   -0.02339957796817463   -0.30457234682613304   -0.1306698997993923   0.20158993583458354   0.2955483903309565   -0.11556464334740738   -0.28573148730773335   -0.4014525846087512   -0.09252254272800366   0.06622642051369437   -0.16664362956154177   0.07645653059393646   0.09660734848187628   -0.37367432542778284   -0.14979265601906286   -0.14160564211803617   -0.023610074606104467   -0.047165616742373614   -0.7667128332234668   -0.24957089533644916   0.22823256409822662   0.32287026322662543   -0.1071285658173035   -0.15280676446037206   -0.1995874703636557   -0.3633872529867897   -0.6194075466973589   -0.2756861338608898   0.07338478854690052   0.2899233212983178   0.3375869150845392   1.0   0.994340485601768   0.10271856059685817   -0.03243775194625662   -0.40222255347885505   -0.36026827292325136   -0.04047328558256333   0.0922807234999618   -0.1420329795621227   0.07557441535798042   -0.1833085426528179   -0.021193776085041405   -0.314406921333634   0.019781958589505346   -0.4073382624214202   0.17342720107930826   -0.10824470209554071   0.44999688666545495   0.1601063138436131   0.12418373999712712   -0.11874190944370425   0.20281779982322864   0.286653169309642   -0.3695967097242024   0.043330399898197335   -0.3397316877396898   -0.3193014295560301   -0.6979444457151475   -0.36895855722731696   0.003128014158302012   -0.15104510173562838   -0.08675549175004701   0.21989895066750842   -0.12308610252425985   
T_sec   15.0   15.5   16.0   16.5   17.0   17.5   18.0   18.5   19.0   19.5   20.0   20.5   21.0   21.5   22.0   22.5   23.0   23.5   24.0   24.5   25.0   25.5   26.0   26.5   27.0   27.5   28.0   28.5   29.0   29.5   30.0   30.5   31.0   31.5   32.0   32.5   33.0   33.5   34.0   34.5   35.0   35.5   36.0   36.5   37.0   37.5   38.0   38.5   39.0   39.5   40.0   40.5   41.0   41.5   42.0   42.5   43.0   43.5   44.0   44.5   45.0   45.5   46.0   46.5   47.0   47.5   48.0   48.5   49.0   49.5   50.0   50.5   51.0   51.5   52.0   52.5   53.0   53.5   54.0   54.5   55.0   
U4   0.3185059641831537   -0.24360961906042872   -0.26198378730791855   -0.001339458450643067   -0.44405709537952587   -0.14468367236204863   -0.653664596134883   0.2783288212612234   -0.529076954866427   -0.3862792015113972   -0.09142021212057676   -0.12285485102200276   0.021098651492859936   -0.13664641037093092   -0.20335275019916427   0.05239822302802544   0.5909643214031486   -0.2594881284465614   0.05414716109807883   -0.016814683484544273   -0.017092364181441146   -0.39207141493879577   -0.5593295191201569   -0.11211265474139921   0.08902777407186725   0.360468614979042   -0.07269647210075848   0.2685169495726018   0.20317979693747476   0.02179885062349933   0.3143430676492474   -0.1071169902383289   -0.12815420909241307   0.1743135056003147   -0.46516409540402004   0.21346776133099074   0.18459632138913218   -0.4138365073850755   0.3790166896414829   -0.5017173334865057   0.573773025584796   -0.9581798550770165   -0.6597436882362492   0.23258061030112145   -0.14610760427218653   0.1620657602503046   0.35801009411656065   0.7624363917969457   1.0   0.28554088982036924   -0.2769637168804162   -0.46018431377424823   -0.2664458481504288   -0.5153061889600077   -0.411969658736681   0.23952315180576483   -0.04001296467554711   -0.27749953693381124   -0.21248147793899155   0.2112616018709177   -0.20354139937299173   -0.3386834372226709   -0.27863671577515997   -0.46407356373784725   -0.26535147526036806   0.04589080403461003   -0.18046294749358888   -0.19705596470593517   0.33604015145022886   0.33772478820169244   0.037714297181368574   -0.19715979580857712   -0.665095667926479   -0.10383772313131925   -0.4874115237597087   -0.02938259477840443   -0.10326309800944315   0.2885122061359346   0.39016403732948485   -0.31427772512859525   0.5343000714744855   
T_sec   15.0   15.5   16.0   16.5   17.0   17.5   18.0   18.5   19.0   19.5   20.0   20.5   21.0   21.5   22.0   22.5   23.0   23.5   24.0   24.5   25.0   25.5   26.0   26.5   27.0   27.5   28.0   28.5   29.0   29.5   30.0   30.5   31.0   31.5   32.0   32.5   33.0   33.5   34.0   34.5   35.0   35.5   36.0   36.5   37.0   37.5   38.0   38.5   39.0   39.5   40.0   40.5   41.0   41.5   42.0   42.5   43.0   43.5   44.0   44.5   45.0   45.5   46.0   46.5   47.0   47.5   48.0   48.5   49.0   49.5   50.0   50.5   51.0   51.5   52.0   52.5   53.0   53.5   54.0   54.5   55.0   
U5   0.11170493818951092   -0.17628991680701744   0.0017575742839694346   -0.4756956151252425   -0.2195408476582631   -0.28749588944480314   0.11795410337463899   -0.27380204732316965   -0.012940884706427276   0.5257261870712243   -0.41713842944826035   0.3163185582785524   -0.08270957402858872   -0.0471399106431284   0.22761416558515157   0.45480763989630224   0.6564675166527046   -0.023510187860530548   -0.22404435938000986   -0.06855324478974388   0.430991335341141   0.46931034875430605   0.27018505858657227   0.2534366902116908   -0.6472941382301777   -0.06578657733375111   -0.14612096407448363   -0.4517351190528091   -0.10375294608476235   0.15991555636679947   0.3466827475021349   -0.16475911361347423   -0.43091620423610844   -0.10003022684463453   -0.06467986424528402   -0.056688492898816445   0.17028535206879186   0.36167042492366647   0.040887120145291576   0.530299546275412   -0.0484835582764894   -0.4154382477775546   0.42628134090141573   -0.1417138143097031   0.450240547980702   -0.49039282285755165   0.3790022642133816   0.7884067623201106   1.0   0.3650961494094033   0.01779285806923169   -0.579589029781943   0.5423160573357901   0.20787615877854893   0.06174010058414543   -0.5608044054666635   -0.7651281312947239   0.08133478702295911   -0.09991249801838552   0.2066137960977601   0.31103153512923026   -0.10256621676818625   0.24732422594445788   -0.12008150083894509   -0.30982067606419844   -0.2732082804837465   0.10847834338098068   0.1531371452784519   0.3614558837432094   -0.6188440212262609   -0.40642268139481025   0.4431914835006047   0.0696715149005933   0.27052753931608264   -0.202190177389025   -0.1820840370365993   -0.2293052375393134   -0.2785249458355704   -0.049804489721207185   0.273011595744101   -0.8299142069863786   
T_sec   15.0   15.5   16.0   16.5   17.0   17.5   18.0   18.5   19.0   19.5   20.0   20.5   21.0   21.5   22.0   22.5   23.0   23.5   24.0   24.5   25.0   25.5   26.0   26.5   27.0   27.5   28.0   28.5   29.0   29.5   30.0   30.5   31.0   31.5   32.0   32.5   33.0   33.5   34.0   34.5   35.0   35.5   36.0   36.5   37.0   37.5   38.0   38.5   39.0   39.5   40.0   40.5   41.0   41.5   42.0   42.5   43.0   43.5   44.0   44.5   45.0   45.5   46.0   46.5   47.0   47.5   48.0   48.5   49.0   49.5   50.0   50.5   51.0   51.5   52.0   52.5   53.0   53.5   54.0   54.5   55.0   
U6   -1.0   -0.2224284564174581   -0.23635354262373873   0.05109699136076163   -0.22944808346024223   -0.10699482635473266   0.4878000597658921   -0.07247374323399136   0.5575354997041497   -0.2668592283747598   -0.03485060840511586   0.5577485216090333   0.28528309655248846   0.07220227780022799   0.2956426052133085   -0.49303228304552743   0.1167180759214767   -0.5229701222912472   0.5385457571023414   -0.49205387440339754   -0.014111624666930177   0.11456510979545562   -0.22736770317415128   0.3885105825968781   -0.27413474834105617   -0.1905902659763569   0.14499025012647146   -0.5017563890219499   -0.1760320594212437   0.48171360370176086   -0.6821894359076804   -0.10793910102974022   0.04704454740022421   -0.4769594626085576   -0.0262619026221433   -0.050643234086657114   -0.012936433668568673   0.0063755496009189954   0.19246612934676235   0.32299081143632175   -0.18851442452667577   0.28559974631347745   0.1367956487269326   0.6038391293059805   0.6167518456856758   0.2372684152769982   0.42059152799523414   0.508939611700402   0.7754955007133534   0.6034107346964992   -0.7904075675487634   0.06154133288661252   -0.0693942940038326   -0.18816211929422003   0.4300592287506807   -0.5171261936257945   -0.024389718836128216   -0.7685330735246639   -0.02643198146599625   0.7383363259333071   0.5072018553789679   -0.11897226785562205   0.11711651672258781   0.2665140924219677   0.5865724630914854   -0.018776836523957046   0.4137426182615433   -0.5333691236417544   -0.07466960279292027   0.16257193549175658   -0.5382509412530908   0.5838738079078405   0.5719495255218239   -0.15452552559740795   -0.3997060971225925   0.6747191929640548   -0.6465731148946027   0.16046364964267978   -0.46778535570360646   0.6239097718858664   -0.17565760557530008   
T_sec   15.0   15.5   16.0   16.5   17.0   17.5   18.0   18.5   19.0   19.5   20.0   20.5   21.0   21.5   22.0   22.5   23.0   23.5   24.0   24.5   25.0   25.5   26.0   26.5   27.0   27.5   28.0   28.5   29.0   29.5   30.0   30.5   31.0   31.5   32.0   32.5   33.0   33.5   34.0   34.5   35.0   35.5   36.0   36.5   37.0   37.5   38.0   38.5   39.0   39.5   40.0   40.5   41.0   41.5   42.0   42.5   43.0   43.5   44.0   44.5   45.0   45.5   46.0   46.5   47.0   47.5   48.0   48.5   49.0   49.5   50.0   50.5   51.0   51.5   52.0   52.5   53.0   53.5   54.0   54.5   55.0   
U7   0.35951017374456945   0.7251774137994255   -0.23055001747052312   -0.16693618837073002   0.17673338246529927   0.6934796195363769   0.281293955927571   0.28817423207076276   0.024171808960409748   -0.13582844509240488   0.43350191790540327   -0.12026466181128283   0.002784937483521836   0.18676746944262534   -0.08071439012068655   -0.13574490403384917   -0.007099047999100258   0.4406790162640927   0.03727119310542687   0.21359077864577922   0.27406419423517414   -0.005904948264190978   -0.5526659949312874   0.30973699566825114   0.5565703281744615   0.157415185877234   0.21950454495645244   -0.030970873327167452   -0.10153856398230908   0.050175206047667814   0.1198430771564233   -0.5399069684527981   -0.016265522375626743   0.30583681088625947   0.1257540577567303   -0.00864871923513201   0.356812750664375   -0.4219969794048843   0.14395188376701448   0.8328832006110647   0.12421336807992767   -0.06425378557042663   0.19980516575126345   0.29773345340144924   -0.03627026449997157   -0.16294867541158972   -0.15199760487586875   0.22453743795719366   0.6343125338469674   1.0   0.21018630438804242   0.04776091722602177   -0.5074385297728972   0.24574882241328244   0.4074593583624479   -0.2555161380258951   -0.44329805002887146   -0.3310659813499919   -0.11117430975262602   -0.33589501650917825   0.2598579487549369   0.18145449215105003   -0.13257986828422053   0.33022836457617694   0.2765098274019371   -0.20814836812597987   0.02487978326934603   -0.37902177387960784   -0.18952264735742066   -0.08454926371383925   0.2601319372048533   0.9953973862761769   -0.0738712439125612   0.24792915482207967   -0.25394793039151   0.1912000297038026   -0.1861587567652042   0.04215743967137257   0.19924368274661425   0.05625193272069548   -0.3410935775626718   
T_sec   15.0   15.5   16.0   16.5   17.0   17.5   18.0   18.5   19.0   19.5   20.0   20.5   21.0   21.5   22.0   22.5   23.0   23.5   24.0   24.5   25.0   25.5   26.0   26.5   27.0   27.5   28.0   28.5   29.0   29.5   30.0   30.5   31.0   31.5   32.0   32.5   33.0   33.5   34.0   34.5   35.0   35.5   36.0   36.5   37.0   37.5   38.0   38.5   39.0   39.5   40.0   40.5   41.0   41.5   42.0   42.5   43.0   43.5   44.0   44.5   45.0   45.5   46.0   46.5   47.0   47.5   48.0   48.5   49.0   49.5   50.0   50.5   51.0   51.5   52.0   52.5   53.0   53.5   54.0   54.5   55.0   
U8   0   0   0   0   0   0   0   0   0   0   0   0   0   0   0   0   0   0   0   0   0   0   0   0   0   0   0   0   0   0   0   0   0   0   0   0   0   0   0   0   0   0   0   0   0   0   0   0   0   0   0   0   0   0   0   0   0   0   0   0   0   0   0   0   0   0   0   0   0   0   0   0   0   0   0   0   0   0   0   0   0   
T_sec   15.0   15.5   16.0   16.5   17.0   17.5   18.0   18.5   19.0   19.5   20.0   20.5   21.0   21.5   22.0   22.5   23.0   23.5   24.0   24.5   25.0   25.5   26.0   26.5   27.0   27.5   28.0   28.5   29.0   29.5   30.0   30.5   31.0   31.5   32.0   32.5   33.0   33.5   34.0   34.5   35.0   35.5   36.0   36.5   37.0   37.5   38.0   38.5   39.0   39.5   40.0   40.5   41.0   41.5   42.0   42.5   43.0   43.5   44.0   44.5   45.0   45.5   46.0   46.5   47.0   47.5   48.0   48.5   49.0   49.5   50.0   50.5   51.0   51.5   52.0   52.5   53.0   53.5   54.0   54.5   55.0   
U9   0.16944469405306609   0.6038971871948945   0.02856695530033892   0.0168481501491032   0.13493012099390125   -0.07200360522927786   -0.49298321742100887   -0.12980140084777858   0.1838795203707001   0.42571287313902023   -0.19032118074096815   -0.10055770900716114   -0.22322985654437377   -0.3289896345456085   -0.2687845980013592   -0.13810226276393747   0.09969131577454204   0.20470842738795797   0.6396821505339498   0.14253943744587905   0.15391284562462604   0.2370308266053909   0.4377316738278511   0.2194646103767823   0.17869618766239467   -0.15824728170231417   0.16910632525874547   0.22033356901857218   -0.007196963074390422   0.1910511401463555   -0.11115157032866886   -0.20676653525623886   -0.11476203335773873   -0.3479202389938197   0.018663975291629012   0.13820325330935837   -0.0833820048125792   -0.19945397001468732   0.023568535633818468   0.5352910189044151   0.23077358618547245   -0.2031318762075261   0.2992839804966743   -0.1287631389666452   -0.7247253455160116   0.3004450039884729   -0.2846173169085827   -0.2473691938836963   0.4916099630596382   1.0   0.056518395971217335   0.2522645457569439   0.11721281924801437   -0.6762137668548891   -0.1382318975603217   -0.168065637894962   -0.43446447666497023   0.19104991229649132   -0.13150510581080824   -0.3811633568803045   -0.028141450682507   0.5162486707719224   0.06399233772467088   -0.2481682738372791   0.5407370798032658   0.16567726218614057   0.0923392690273746   -0.39078375622046163   0.5377681679045486   -0.020156111447053548   0.33294368834084875   0.011283454640351045   0.08118147655538697   -0.31498262535430777   0.23859931428430908   -0.4984365673447792   0.09658386873628814   -0.43521307029951334   -0.19791569178891935   -0.2688783714921095   0.05566216670015442   
T_sec   15.0   15.5   16.0   16.5   17.0   17.5   18.0   18.5   19.0   19.5   20.0   20.5   21.0   21.5   22.0   22.5   23.0   23.5   24.0   24.5   25.0   25.5   26.0   26.5   27.0   27.5   28.0   28.5   29.0   29.5   30.0   30.5   31.0   31.5   32.0   32.5   33.0   33.5   34.0   34.5   35.0   35.5   36.0   36.5   37.0   37.5   38.0   38.5   39.0   39.5   40.0   40.5   41.0   41.5   42.0   42.5   43.0   43.5   44.0   44.5   45.0   45.5   46.0   46.5   47.0   47.5   48.0   48.5   49.0   49.5   50.0   50.5   51.0   51.5   52.0   52.5   53.0   53.5   54.0   54.5   55.0   
U10   -0.36633887741854926   0.4912247075281181   -0.38958454612315147   0.01904747974920728   -0.4720139290682048   0.12521724557588534   0.3443087141604472   0.4732178495737938   -0.2074839412996546   0.2673749193828894   0.3035721608203483   -0.29867799415855   0.27863712845170086   -0.3490225700437767   -0.13458515159072848   0.965191730287926   -0.5964722186860145   0.6523148935235712   -0.4978085550594685   0.25819923209042195   -0.22848921738971797   0.2307942778562022   0.14622774480139372   0.2685034661673992   0.1508037957658826   0.5281671788773926   0.3258822713334589   1.0   -0.2069970898342582   0.21189812499711985   0.09889766583527185   0.4930702667151483   0.2368404427922393   -0.5363331043452753   0.16391036949619203   -0.22938295935127284   0.02759158114235704   0.1950492081174186   -0.028332685480151172   0.5133884330578479   -0.1398117724586695   -0.3560036576102639   -0.22452062018818789   -0.548502293058327   0.10032320188252958   0.3411997812500172   -0.02933355056967184   -0.04968801421361749   -0.2559153545386409   0.8118007373452691   0.8317944223048245   0.3702276872353103   0.6263149538668521   0.007872323145660186   -0.5441059158357932   -0.05630575063329258   -0.516086160667215   -0.10403420510356437   -0.2090111100258768   0.4447514657850605   0.10003389722871493   -0.841891606321798   0.014042740522202479   0.025749559656127987   0.6310646057942912   -0.24305598528382355   -0.2684074835926256   0.7809179062299746   0.8060620501835641   -0.23466812950453061   -0.09072604839791126   0.5018325726847215   -0.08995146822552855   0.49104268660700773   -0.07952616145345334   0.12293216268426518   -0.06473242219555168   -0.7595200352928397   0.24913433145679126   -0.18619793079153518   -0.28822486364266403   
T_sec   15.0   15.5   16.0   16.5   17.0   17.5   18.0   18.5   19.0   19.5   20.0   20.5   21.0   21.5   22.0   22.5   23.0   23.5   24.0   24.5   25.0   25.5   26.0   26.5   27.0   27.5   28.0   28.5   29.0   29.5   30.0   30.5   31.0   31.5   32.0   32.5   33.0   33.5   34.0   34.5   35.0   35.5   36.0   36.5   37.0   37.5   38.0   38.5   39.0   39.5   40.0   40.5   41.0   41.5   42.0   42.5   43.0   43.5   44.0   44.5   45.0   45.5   46.0   46.5   47.0   47.5   48.0   48.5   49.0   49.5   50.0   50.5   51.0   51.5   52.0   52.5   53.0   53.5   54.0   54.5   55.0   
U11   -0.7967474357840695   -0.6313776582098761   -0.2571157877838884   -0.6197172668691202   0.5587628501275738   0.38186166585126613   -0.1425732050091488   0.4745182716131828   -0.1981596082810078   0.31339043100550906   -0.00903081836311087   -0.2429060625479667   0.2631339562125295   -0.16350351442728872   -0.17628971185379685   0.2618710038863437   -0.5645685367370101   0.0912508782474497   -0.3997483317938662   -0.5391238466761907   -0.3975573034998719   -0.13943041117294244   -0.19725841724243007   -0.35554919767260124   0.014021775722256411   0.6046709954539466   -0.09656581525634601   0.2863861946006916   -0.07635377011532193   0.003869204323671629   0.014017355021105574   0.22987137909234673   -0.4231858661927893   0.15485829081674296   -0.05921807405343054   -0.17659719000905166   -0.5805945765290247   -0.33200454811774344   0.4204388297316014   0.08794934211244136   -0.5349851916666394   -0.3412104321835913   -0.40033533762623286   -0.08829375703389632   -0.013886444637545868   0.09893270009642964   0.1667117025636655   -0.0012090459699421409   0.5822397662088572   -0.22663670048378848   0.9564297898378079   0.7021035856066066   0.9194993359300979   -0.13749090334974465   -0.22618353055509868   -0.1637958931345405   -0.48658844942716384   -0.8835270826398618   -0.5203006648601909   -0.5745531632294752   -0.31793162969596506   0.6617028071223452   0.04498166397574992   -0.7165441957132481   -0.5132150372082446   0.4403404152407612   0.2726213407283201   -0.6798284417679686   0.10243953620783054   -0.14953444174786773   0.3344139425776069   0.5418717434425222   1.0   0.027175127223849266   0.023872989991324516   -0.30219860766994616   -0.4744208090896383   -0.1674779918732796   0.2923589887923614   0.23489175210221336   -0.15201143412410775   
T_sec   15.0   15.5   16.0   16.5   17.0   17.5   18.0   18.5   19.0   19.5   20.0   20.5   21.0   21.5   22.0   22.5   23.0   23.5   24.0   24.5   25.0   25.5   26.0   26.5   27.0   27.5   28.0   28.5   29.0   29.5   30.0   30.5   31.0   31.5   32.0   32.5   33.0   33.5   34.0   34.5   35.0   35.5   36.0   36.5   37.0   37.5   38.0   38.5   39.0   39.5   40.0   40.5   41.0   41.5   42.0   42.5   43.0   43.5   44.0   44.5   45.0   45.5   46.0   46.5   47.0   47.5   48.0   48.5   49.0   49.5   50.0   50.5   51.0   51.5   52.0   52.5   53.0   53.5   54.0   54.5   55.0   
U12   0   0   0   0   0   0   0   0   0   0   0   0   0   0   0   0   0   0   0   0   0   0   0   0   0   0   0   0   0   0   0   0   0   0   0   0   0   0   0   0   0   0   0   0   0   0   0   0   0   0   0   0   0   0   0   0   0   0   0   0   0   0   0   0   0   0   0   0   0   0   0   0   0   0   0   0   0   0   0   0   0   
T_sec   15.0   15.5   16.0   16.5   17.0   17.5   18.0   18.5   19.0   19.5   20.0   20.5   21.0   21.5   22.0   22.5   23.0   23.5   24.0   24.5   25.0   25.5   26.0   26.5   27.0   27.5   28.0   28.5   29.0   29.5   30.0   30.5   31.0   31.5   32.0   32.5   33.0   33.5   34.0   34.5   35.0   35.5   36.0   36.5   37.0   37.5   38.0   38.5   39.0   39.5   40.0   40.5   41.0   41.5   42.0   42.5   43.0   43.5   44.0   44.5   45.0   45.5   46.0   46.5   47.0   47.5   48.0   48.5   49.0   49.5   50.0   50.5   51.0   51.5   52.0   52.5   53.0   53.5   54.0   54.5   55.0   
U13   -0.13792953035803773   -0.1710292375092823   -0.3977493450985843   0.43562301249268465   -0.07610649745757295   0.20609776978560415   0.32242461380201   -0.09181415914406155   -0.23585606521228125   -0.27314339036601104   -0.2725449290207339   -0.0055078837976715155   -0.5860592916448214   -0.2234129072689449   -0.0015758879190269075   0.1548493907323692   0.02825674683505944   0.3758296884570285   -0.07054012081111569   0.45259145739545076   -0.682621664044772   -0.03254269621544034   0.34444909565971804   -0.030594366042931812   -0.40777218158485334   -0.4008395099870206   -0.1435627671233395   -0.1179517560454714   0.40223238108946935   -0.07934974919640028   -0.22832504664632663   0.8906808106347804   -0.559976107638955   -0.5879125597695963   0.11686541989203356   -0.0952567100185053   0.6099927510503655   0.05563590816759573   -0.14326468955863003   -0.18381490961932812   -0.24189801270647612   -0.3941996986845095   -0.25269773176305066   -0.4035942361770788   0.0716888644137385   -0.327463695631065   -0.04769184475369344   -0.8027117294189772   0.4512608049209822   -0.21962359697753295   0.6453902902551749   0.6031419559483954   0.03453207745351939   0.07744799016807555   -1.0   0.08653379548988455   -0.2433510081442913   0.4753776011272447   0.03981433644132944   -0.15462777556504403   -0.1468080983467988   0.6431674247381503   -0.3279112258831421   0.1969853804184716   -0.5939312640523633   0.1515551548463531   -0.1023225551714143   0.47174818494788967   0.259307301716055   -0.012896024676995146   0.19264392907114827   0.33414509783423163   0.5932663438447363   0.14190509461982537   0.6929008270583946   0.5974910009789133   0.48269640419542176   0.29292497439808085   -0.36129369577812764   0.3241586030478418   -0.043046659584667926   
T_sec   15.0   15.5   16.0   16.5   17.0   17.5   18.0   18.5   19.0   19.5   20.0   20.5   21.0   21.5   22.0   22.5   23.0   23.5   24.0   24.5   25.0   25.5   26.0   26.5   27.0   27.5   28.0   28.5   29.0   29.5   30.0   30.5   31.0   31.5   32.0   32.5   33.0   33.5   34.0   34.5   35.0   35.5   36.0   36.5   37.0   37.5   38.0   38.5   39.0   39.5   40.0   40.5   41.0   41.5   42.0   42.5   43.0   43.5   44.0   44.5   45.0   45.5   46.0   46.5   47.0   47.5   48.0   48.5   49.0   49.5   50.0   50.5   51.0   51.5   52.0   52.5   53.0   53.5   54.0   54.5   55.0   
U14   -0.2635408375378128   -0.4564430413492179   0.055024173423927264   -0.0700707828613272   -0.027256307932349608   -0.09109933768304006   -0.018766471310168772   0.28917996750990194   -0.17466583615603962   -0.046458140159726456   0.2022220867977854   0.03433656562238284   0.06589003914484685   0.21464803367201624   -0.18229433302244774   -0.09258360298003647   -0.18212425135463653   0.18475872722402714   -0.03179013084025565   0.0275102341142234   0.049468455363528945   -0.03531670712479239   -0.17986698688426916   -0.08623414195267849   -0.3355223051196237   -0.0498439874540537   -0.09637285028047587   0.1492654510395583   0.525934240628532   0.13666218392104268   0.3039135251916429   -0.045080496101991524   0.19571833842270514   0.10145206881526658   -0.01943660414107524   0.022088559402199497   -0.10941063121369923   0.19048516334840893   0.07886470861152348   0.26797058058269235   -0.0027059470169969848   -0.34668806997067503   0.10959413547310137   0.13611042433035006   -0.2098777461257483   -0.4079228460012969   -0.3922033487645473   -0.07938135554657162   0.21629014751433345   0.34632789748038134   1.0   0.07137497056180564   0.07695849987161539   -0.2897837978764235   0.056274881261834865   -0.29281874879042974   0.19415482357346164   -0.14505787046823632   -0.43318271722619456   -0.15099745259445027   -0.4019501801429748   -0.03218855785115731   -0.07405758523906629   -0.5413195837471937   0.26161660066419506   0.4599821654982976   0.22186171634327925   0.42750535106962995   0.024422395655563416   0.042428014836656765   0.01515310081979757   -0.09336810397120755   -0.20531014647032036   -0.06223412652880003   0.36397829166185447   -0.1443300621236481   0.4065162561179866   0.3658440919762695   0.2990639156575122   0.5291648052267282   0.045096845717577765   
T_sec   15.0   15.5   16.0   16.5   17.0   17.5   18.0   18.5   19.0   19.5   20.0   20.5   21.0   21.5   22.0   22.5   23.0   23.5   24.0   24.5   25.0   25.5   26.0   26.5   27.0   27.5   28.0   28.5   29.0   29.5   30.0   30.5   31.0   31.5   32.0   32.5   33.0   33.5   34.0   34.5   35.0   35.5   36.0   36.5   37.0   37.5   38.0   38.5   39.0   39.5   40.0   40.5   41.0   41.5   42.0   42.5   43.0   43.5   44.0   44.5   45.0   45.5   46.0   46.5   47.0   47.5   48.0   48.5   49.0   49.5   50.0   50.5   51.0   51.5   52.0   52.5   53.0   53.5   54.0   54.5   55.0   
U15   -0.11183221004065869   0.26548148286858786   0.44941916858059033   -0.060015545348385484   0.25339745227814453   0.0679939495544692   0.5284459741312328   -0.32059774882709274   0.0953155445453458   0.34678255534131097   0.23696556829702375   -0.6001124747387662   -0.3679116006452171   0.3100913452537145   -0.14124837293262418   -0.07732454847914838   0.02337191234138399   -0.033989388616666276   0.20065985562156738   0.03555673373141501   0.2335849909457338   0.1090874561040651   -0.20655507101838128   -0.4202370069522853   0.02593591899513294   -0.021523830599156638   0.1899256318796218   -0.05596958812219436   0.5620788909397252   0.17066613764147368   -0.11437121092887702   -0.15279011942649104   -0.461135995804754   -0.22550808029198574   0.2659923820383554   -0.009746279115539158   -0.14535970982933197   -0.2994675118504122   0.4903725803206677   -0.4346634828264191   0.10648606775434767   0.17689990429372227   -0.024573174785638082   0.011838601637851975   -0.4018449860046692   0.19556015829076873   -0.1588891139393836   -0.1320662305756586   -0.3962938272278166   -0.18852522050864942   0.15476882536779704   1.0   0.02542935508172966   -0.42759629677473726   -0.5292690180227239   -0.6286933422192434   -0.6022661512748194   0.1389450274820485   -0.08437670282885186   0.2932264269013925   -0.28927369054816515   0.03328955530330144   0.4201956279155638   0.039351391142673935   -0.11892472578112087   -0.17582176275072137   0.18669939775413258   -0.04310338485772478   0.5310776836378349   0.21740416016475772   -0.18089183934903427   0.2650167151831668   0.31629138907456644   0.11468264759677389   0.2619180494425961   -0.265838146830182   0.5551405242000843   0.030914298981241595   -0.3296492830987225   0.06832249565296504   0.14299537229741843   
T_sec   15.0   15.5   16.0   16.5   17.0   17.5   18.0   18.5   19.0   19.5   20.0   20.5   21.0   21.5   22.0   22.5   23.0   23.5   24.0   24.5   25.0   25.5   26.0   26.5   27.0   27.5   28.0   28.5   29.0   29.5   30.0   30.5   31.0   31.5   32.0   32.5   33.0   33.5   34.0   34.5   35.0   35.5   36.0   36.5   37.0   37.5   38.0   38.5   39.0   39.5   40.0   40.5   41.0   41.5   42.0   42.5   43.0   43.5   44.0   44.5   45.0   45.5   46.0   46.5   47.0   47.5   48.0   48.5   49.0   49.5   50.0   50.5   51.0   51.5   52.0   52.5   53.0   53.5   54.0   54.5   55.0   
U16   0   0   0   0   0   0   0   0   0   0   0   0   0   0   0   0   0   0   0   0   0   0   0   0   0   0   0   0   0   0   0   0   0   0   0   0   0   0   0   0   0   0   0   0   0   0   0   0   0   0   0   0   0   0   0   0   0   0   0   0   0   0   0   0   0   0   0   0   0   0   0   0   0   0   0   0   0   0   0   0   0   
T_sec   15.0   15.5   16.0   16.5   17.0   17.5   18.0   18.5   19.0   19.5   20.0   20.5   21.0   21.5   22.0   22.5   23.0   23.5   24.0   24.5   25.0   25.5   26.0   26.5   27.0   27.5   28.0   28.5   29.0   29.5   30.0   30.5   31.0   31.5   32.0   32.5   33.0   33.5   34.0   34.5   35.0   35.5   36.0   36.5   37.0   37.5   38.0   38.5   39.0   39.5   40.0   40.5   41.0   41.5   42.0   42.5   43.0   43.5   44.0   44.5   45.0   45.5   46.0   46.5   47.0   47.5   48.0   48.5   49.0   49.5   50.0   50.5   51.0   51.5   52.0   52.5   53.0   53.5   54.0   54.5   55.0   
U17   0.4986794456623021   0.12352381637830166   -0.589968270318573   -0.051338325461030655   -0.007107676484013002   0.03191866979458825   0.012176591017822081   -0.3939286105659579   -0.17339603619682958   -0.1388421306235427   -0.4509353055098179   0.1019313652965541   -0.30004602543917513   -0.04585486613399752   -0.06696251182424541   -0.30679078185432573   0.4193826109827864   0.24263811286682907   0.2845016494082433   -0.4585389351017748   0.041057963593800983   -0.4799563918887503   0.01573350330253573   -0.660052988746947   0.10992857090957074   0.05320269568093434   0.19468304430321604   -0.3384863992395452   -0.08169024130371179   -0.11759099072667778   0.26444478280213785   0.28182765192561454   -0.19306926195185387   0.022671698006241643   0.010844825076638842   0.5774789062675897   0.29652855757507846   -0.22242378229639462   0.528286563130121   0.2115177440031656   0.049813768817216844   0.08273648016448089   0.05148126189317203   -0.47125353889932975   0.07180870214267339   -0.20900573406493725   -0.30565440452650355   -0.23868641277225328   -0.2827631832851819   -0.07033109311417857   0.8424915758772019   1.0   -0.1912626097512948   -0.3376947910408819   -0.2468091371195541   0.25715066531522884   0.33811132936275606   -0.07238895204884302   0.4286548475605013   0.18456218495034452   0.459884919043545   0.33915920495134216   -0.2535226410789343   0.39768729629218924   0.3908980131022398   -0.25002115070961745   -0.2050121860178498   -0.2303202266799449   -0.08900878918637832   -0.02855556167005236   0.2513505482234531   -0.38652604434243504   0.08432718051544795   0.27258698417218646   -0.2434125955039393   0.21016549202857587   0.07870767442440638   0.5702554044949681   -0.2879176118089108   0.0860427366765291   -0.04996850740015574   
T_sec   15.0   15.5   16.0   16.5   17.0   17.5   18.0   18.5   19.0   19.5   20.0   20.5   21.0   21.5   22.0   22.5   23.0   23.5   24.0   24.5   25.0   25.5   26.0   26.5   27.0   27.5   28.0   28.5   29.0   29.5   30.0   30.5   31.0   31.5   32.0   32.5   33.0   33.5   34.0   34.5   35.0   35.5   36.0   36.5   37.0   37.5   38.0   38.5   39.0   39.5   40.0   40.5   41.0   41.5   42.0   42.5   43.0   43.5   44.0   44.5   45.0   45.5   46.0   46.5   47.0   47.5   48.0   48.5   49.0   49.5   50.0   50.5   51.0   51.5   52.0   52.5   53.0   53.5   54.0   54.5   55.0   
U18   0   0   0   0   0   0   0   0   0   0   0   0   0   0   0   0   0   0   0   0   0   0   0   0   0   0   0   0   0   0   0   0   0   0   0   0   0   0   0   0   0   0   0   0   0   0   0   0   0   0   0   0   0   0   0   0   0   0   0   0   0   0   0   0   0   0   0   0   0   0   0   0   0   0   0   0   0   0   0   0   0   
T_sec   15.0   15.5   16.0   16.5   17.0   17.5   18.0   18.5   19.0   19.5   20.0   20.5   21.0   21.5   22.0   22.5   23.0   23.5   24.0   24.5   25.0   25.5   26.0   26.5   27.0   27.5   28.0   28.5   29.0   29.5   30.0   30.5   31.0   31.5   32.0   32.5   33.0   33.5   34.0   34.5   35.0   35.5   36.0   36.5   37.0   37.5   38.0   38.5   39.0   39.5   40.0   40.5   41.0   41.5   42.0   42.5   43.0   43.5   44.0   44.5   45.0   45.5   46.0   46.5   47.0   47.5   48.0   48.5   49.0   49.5   50.0   50.5   51.0   51.5   52.0   52.5   53.0   53.5   54.0   54.5   55.0   
U19   -0.19520654668473802   0.1252988637227906   -0.06820670193203907   0.17107750412517547   -0.07299631714595288   -0.24367115952749482   -0.2776761961084398   0.3017786214705844   -0.02138604245031427   0.08084478515305622   0.2733797548805827   0.18695731656897863   0.028344028885733914   0.010314734223704285   -0.06293825144175343   0.08217428239189736   0.43594526099612296   -0.07304209132461438   -0.0041068635473569546   0.2331291151694301   0.05465566906861224   0.14706458311515067   -0.26406579632431393   0.31206171493001406   -0.005890216866159477   0.07048970981234516   -0.2083404908220086   -0.33206786520750575   -0.0412957777600483   -0.18984367057874402   -0.3050878414032099   0.04619376637757809   0.08260439381948598   0.5278439749470318   0.059463361450234106   0.2532945110715749   -0.04841910690687076   -0.06783711626604426   -0.02003915269124372   0.187114694282008   -0.3448276461682719   -0.10937938301086678   0.14653979436835876   0.47297665886048945   -0.22018810800633923   -0.39708028097170917   0.13226305377431247   0.05241602664273805   -0.03711443323594903   1.0   0.9566989709631486   -0.013895945681393263   -0.004139559987807921   -0.561108999440501   0.2292218436120678   0.1004890508530911   -0.08193261414795783   0.056924276786573434   0.07877544950580946   -0.12840293049815993   0.04264174422046308   -0.24865532467824522   0.09706827411326274   -0.0652743977037788   -0.19409924727945824   0.16843179498337993   -0.3010826158335925   0.3031044971633613   -0.07109552136856964   -0.1491729500946754   -0.029819677078902505   -0.11391815206916006   -0.20757753661081002   -0.008806771848025207   -0.19667150719563764   -0.012160526731098416   -0.1707960683019228   -0.17641221721270595   -0.0948536240122902   -0.3217859336266777   0.02762580860935969   
T_sec   15.0   15.5   16.0   16.5   17.0   17.5   18.0   18.5   19.0   19.5   20.0   20.5   21.0   21.5   22.0   22.5   23.0   23.5   24.0   24.5   25.0   25.5   26.0   26.5   27.0   27.5   28.0   28.5   29.0   29.5   30.0   30.5   31.0   31.5   32.0   32.5   33.0   33.5   34.0   34.5   35.0   35.5   36.0   36.5   37.0   37.5   38.0   38.5   39.0   39.5   40.0   40.5   41.0   41.5   42.0   42.5   43.0   43.5   44.0   44.5   45.0   45.5   46.0   46.5   47.0   47.5   48.0   48.5   49.0   49.5   50.0   50.5   51.0   51.5   52.0   52.5   53.0   53.5   54.0   54.5   55.0   
U20   0.08953807606729408   0.14552633503508908   -0.028316216904169102   -0.26825064413886845   -0.03531721967293934   -0.14341298677976347   0.0849942645919242   -0.13476610389838714   -0.4082456603027258   0.1859272154935053   0.11984964352705904   0.32250892362176686   -0.04646905490128955   0.3719332292102287   0.3184975714858695   0.29872830884970164   -0.2761247349861728   -0.3434450745074444   -0.03495434194116667   -0.12030483532369042   0.11321448613228834   -0.25514874030940093   0.16115502012360136   -0.28669684092491665   -0.06136173087740808   0.9330066371005147   -0.317510709509448   -0.051708405723271005   0.22881072827141918   -0.049440541575015734   -0.07401081129520738   -0.022745818051877895   -0.5030251549825608   -0.9234748691974206   -0.14446681001273606   0.6959807321169974   -0.2748606364305112   -0.10099096270733032   -0.7624146754538956   0.5293299095273704   0.11149401245289835   0.23746988092424556   -0.2670255933460361   -0.7390779658655414   0.4249078235381366   -0.4828777923101722   0.35044097784030803   1.0   0.30364529179472227   0.2852253580290486   0.608297311627613   0.29656789383784143   -0.9819987335435361   -0.9836704939611306   -0.33859347504172416   -0.09996862352088322   0.1679595196064072   -0.3480339413128837   0.026852551084547205   -0.016285868508698106   0.12313213819756356   -0.40112565455606125   -0.25658091219260665   -0.6001664933189929   -0.24976783121433424   -0.5939673142639642   0.6086059532692848   0.20593694246991937   0.21827826967974165   0.13947037201866605   -0.2271625790772887   -0.06969777448906142   -0.06444462720293619   0.05654142025229829   -0.3187940526600972   -0.23228465762721265   -0.16200043195489292   -0.408751603801816   -0.976793958414806   -0.1723985841938809   0.22532619521069658   
T_sec   15.0   15.5   16.0   16.5   17.0   17.5   18.0   18.5   19.0   19.5   20.0   20.5   21.0   21.5   22.0   22.5   23.0   23.5   24.0   24.5   25.0   25.5   26.0   26.5   27.0   27.5   28.0   28.5   29.0   29.5   30.0   30.5   31.0   31.5   32.0   32.5   33.0   33.5   34.0   34.5   35.0   35.5   36.0   36.5   37.0   37.5   38.0   38.5   39.0   39.5   40.0   40.5   41.0   41.5   42.0   42.5   43.0   43.5   44.0   44.5   45.0   45.5   46.0   46.5   47.0   47.5   48.0   48.5   49.0   49.5   50.0   50.5   51.0   51.5   52.0   52.5   53.0   53.5   54.0   54.5   55.0   
U21   -0.27802495222610424   -0.1671769165885421   0.10785305150570054   0.07635990146927935   -0.0901598282243176   -0.0554305545162573   -0.0519839211613722   -0.26122232463360257   0.32656466106842463   0.28534083671234545   -0.11249483022630329   0.001972286530484314   0.04098715104109177   -0.17247149567613657   0.28204936393275554   -0.34034424769153904   0.6698645615188412   -0.19712534708565171   -0.12718539360859954   0.3671637485775758   -0.07378903071312741   -0.07927918075670362   0.05943602510416959   0.010716270438967692   -0.40754255368588693   -0.34723644672232357   0.22483584698923403   -0.12480128363339948   -0.07472108960926734   0.007899242869061546   0.14893724855609908   0.06044433351432352   -0.23184045284420401   0.21693165724343283   0.2403734947381633   0.13557791247987275   0.08070133200810822   0.27115268617460314   0.3659211028911411   0.11248531863350708   -0.7463474473644685   0.05751955435282934   -0.49225206956516876   -0.15453490050421292   0.3361344574123616   -0.3607810757172378   1.0   0.08486031039238905   0.3320789268778042   0.8259857508341564   0.9893639780749969   -0.7198437000972707   -0.5129051496023975   -0.6097299367091463   -0.08699870605567961   -0.3892716238514137   -0.05028677264841846   -0.18045125445012386   0.04344243191471371   -0.21033990434730937   -0.06831996498735746   0.39080659955628533   -0.022374101411255218   0.0740756367296003   -0.0957295600083321   0.15496850670139273   0.3923325705159455   0.36371406324080297   0.27531611762504576   0.30334302000578767   -0.8024547482253861   0.07448587474079149   0.0342169020454437   0.11569972189366862   -0.000713122023007929   0.22492860721911367   -0.085164867191415   -0.07083042419572415   0.4983251977993713   -0.021752812924946782   -0.2660144175494033   
T_sec   15.0   15.5   16.0   16.5   17.0   17.5   18.0   18.5   19.0   19.5   20.0   20.5   21.0   21.5   22.0   22.5   23.0   23.5   24.0   24.5   25.0   25.5   26.0   26.5   27.0   27.5   28.0   28.5   29.0   29.5   30.0   30.5   31.0   31.5   32.0   32.5   33.0   33.5   34.0   34.5   35.0   35.5   36.0   36.5   37.0   37.5   38.0   38.5   39.0   39.5   40.0   40.5   41.0   41.5   42.0   42.5   43.0   43.5   44.0   44.5   45.0   45.5   46.0   46.5   47.0   47.5   48.0   48.5   49.0   49.5   50.0   50.5   51.0   51.5   52.0   52.5   53.0   53.5   54.0   54.5   55.0   
U22   0.4942200048537309   0.3450386824752206   0.23300742593593088   -0.3844445635431703   -0.22426302980355292   0.17817580632382035   0.021319481859209448   0.0983586045470811   0.17497759780787608   0.2966368509629583   -0.13864207213839255   0.20792479807030767   0.05513466789621127   -0.4323043848065561   0.10303222557961215   0.02117773787910558   0.36564303080113897   -0.09802910359918836   -0.11698979889969895   0.04238451514753784   0.09665163393959314   -0.10911210434930504   -0.09093348171251622   -0.20928861946883126   0.08890706062303912   -0.0699563264063252   -0.05439733488563773   0.12192342113414388   -0.16972041817422867   -0.05918946310122755   -0.11607732986706017   0.2634339029212603   0.05774019399115742   -0.329085443218417   -0.2890254735252971   0.23509315225945876   0.2848494503117787   0.33106483170438256   0.15779109014249318   0.17865847845967497   -0.03603852742777253   0.256370695909201   0.36286813419069397   0.09703848906511149   0.04285557768027297   0.8444908137327444   -0.05400662953474472   0.07792550314009895   0.564102149842544   0.1290240334931047   -0.038976643661491533   -0.18335850122255   -1.0   0.22860829856891832   -0.03053706741382829   -0.16351314272109008   0.11485907844581758   -0.1403997403709377   0.1156026718647987   0.20891980556882483   0.42481213615305957   -0.05923253067107573   -0.23657525583175737   0.026738525759349062   0.4704748940827755   0.17877960166094073   0.19173204866572766   -0.4585474875808683   0.11774911666695732   -0.03860509398608941   -0.08257677433438874   0.26076309018853794   -0.22363517705478775   0.19702628199213001   0.140371966903478   0.273910479818334   0.3327563132702401   -0.21057273726106449   0.2834926569617042   -0.1488052144185354   0.15886371081497191   
T_sec   15.0   15.5   16.0   16.5   17.0   17.5   18.0   18.5   19.0   19.5   20.0   20.5   21.0   21.5   22.0   22.5   23.0   23.5   24.0   24.5   25.0   25.5   26.0   26.5   27.0   27.5   28.0   28.5   29.0   29.5   30.0   30.5   31.0   31.5   32.0   32.5   33.0   33.5   34.0   34.5   35.0   35.5   36.0   36.5   37.0   37.5   38.0   38.5   39.0   39.5   40.0   40.5   41.0   41.5   42.0   42.5   43.0   43.5   44.0   44.5   45.0   45.5   46.0   46.5   47.0   47.5   48.0   48.5   49.0   49.5   50.0   50.5   51.0   51.5   52.0   52.5   53.0   53.5   54.0   54.5   55.0   
U23   0.25709527584898223   0.03634311965077941   -0.008366686028970385   0.47972627930346023   0.05419381025180049   -0.08073695351382787   -0.2540188243329279   -0.016675305379116746   -0.19976713236914176   -0.18980661898628248   0.1604525910996322   0.260397284223146   -0.1705125676812087   0.42154363014781043   -0.3775151949123108   0.2795574201023773   0.24066063044366487   0.2432814614136798   -0.011848341308602968   -0.2252981922645625   -0.4668640177201194   -0.04305908705946731   0.2946362503669053   -0.18185056116765286   -0.1869209709615423   0.10428057195827035   -0.07033324392846936   0.07130377546846557   -0.169288690939466   0.4600549020387604   0.11691225966212787   0.1567251977396828   0.017899429476125862   -0.0440146795162795   -0.022835390364487864   -0.11640895650559165   -0.14706911493045216   0.24974299439263759   -0.527224557339728   0.041731648742007084   -0.6592255410523337   -0.2384115989841053   0.29152841019947706   0.4137760964633073   0.8133688533250432   1.0   -0.3869304084947701   -0.5030505086971144   0.4030822172358096   0.47860160391400064   0.11079989779571314   -0.5996815730809546   -0.7361663944375537   -0.7873102607047135   -0.24504811242601351   -0.21495066996247691   0.0012903048185356947   -0.47809964809241634   -0.10761864163721097   0.4118201219630167   0.014499656884291601   0.3074461834196472   0.442241955345088   -0.27457034531658125   0.5161897223590567   0.19207715375578782   0.08796756159760831   0.7155671391480357   -0.07124320944376977   0.5515328941406974   0.1377095008015629   -0.020128683130591882   -0.3302833120929693   0.1448615823714335   0.5202234341963682   -0.03108504776933284   0.09783730650667428   0.3636623483753566   0.2827163826203561   0.02031978543905018   0.24201696142404194   
T_sec   15.0   15.5   16.0   16.5   17.0   17.5   18.0   18.5   19.0   19.5   20.0   20.5   21.0   21.5   22.0   22.5   23.0   23.5   24.0   24.5   25.0   25.5   26.0   26.5   27.0   27.5   28.0   28.5   29.0   29.5   30.0   30.5   31.0   31.5   32.0   32.5   33.0   33.5   34.0   34.5   35.0   35.5   36.0   36.5   37.0   37.5   38.0   38.5   39.0   39.5   40.0   40.5   41.0   41.5   42.0   42.5   43.0   43.5   44.0   44.5   45.0   45.5   46.0   46.5   47.0   47.5   48.0   48.5   49.0   49.5   50.0   50.5   51.0   51.5   52.0   52.5   53.0   53.5   54.0   54.5   55.0   
U24   -0.0707351144452415   -0.5819591103336167   0.3260749053739714   -0.3018704215634801   -0.18392913690103693   -0.0012627062765792623   0.5209348991419367   -0.044735077141440815   -0.2422070663135791   0.2721722166467974   0.18543202412227477   -0.35828854634193036   0.1543365039741557   -0.29713012988306714   -0.15785095939976113   0.08882005431287618   -0.011638513542441853   0.36789498665261605   0.22617832612530936   0.6239663171104718   -0.03799154288757795   -0.14420765591893778   0.06995324031496451   -0.19789253965518613   -0.0745708061234223   -0.04692362779653863   -0.030452420083031454   0.32539068402770926   0.04761365394566965   -0.10194827104810118   -0.1251475036895159   0.04307283360488046   0.15508150827331532   0.12563003022139052   -0.3230955353705719   0.3647613216674323   0.26079828834522367   -0.2739509721210817   -0.06826284731327698   -0.10089832145450967   0.035512713980907114   0.017376602462109834   0.5195772894783878   0.47453378146558095   0.3144145556518526   0.06953974389975937   -0.21132869266360763   -0.2612978989310611   0.3468381790193122   0.2105785980357583   0.27584070846945613   -0.15821288405506317   -1.0   0.18830138696402846   -0.053111572052326673   -0.15191560017259362   -0.08645598915253248   -0.3162381400358295   0.16347777255864776   -0.26043323936499074   -0.10330722659047553   -0.042984427492900594   0.14805509552065477   -0.008909063633656211   -0.27621146430376553   -0.01013089346164086   0.03344573474136545   0.12307025495648082   -0.1486324536065358   -0.016347781546139153   0.22485618610276661   -0.045598992872280884   -0.02174126234024455   -0.013768238686198489   -0.016361435337330126   0.07345414972907348   -0.5509515077222762   -0.40156053311325773   0.21807920998350636   0.12344240655158478   0.0342139506136659   
T_sec   15.0   15.5   16.0   16.5   17.0   17.5   18.0   18.5   19.0   19.5   20.0   20.5   21.0   21.5   22.0   22.5   23.0   23.5   24.0   24.5   25.0   25.5   26.0   26.5   27.0   27.5   28.0   28.5   29.0   29.5   30.0   30.5   31.0   31.5   32.0   32.5   33.0   33.5   34.0   34.5   35.0   35.5   36.0   36.5   37.0   37.5   38.0   38.5   39.0   39.5   40.0   40.5   41.0   41.5   42.0   42.5   43.0   43.5   44.0   44.5   45.0   45.5   46.0   46.5   47.0   47.5   48.0   48.5   49.0   49.5   50.0   50.5   51.0   51.5   52.0   52.5   53.0   53.5   54.0   54.5   55.0   
U25   1.0   -0.2758492266695229   0.3550405923400084   -0.4103510799895338   0.23024797431384922   0.15681417710871667   -0.24685677479374343   -0.2572430444628084   0.5383896688778045   0.7028830750667486   -0.10391112457220386   -0.18627513837038545   0.2179324638475358   -0.01874777382334144   0.20194041952391925   -0.16455564467758216   -0.09658179501233978   0.129154427925767   -0.016081110722957554   -0.07498800090718041   -0.05752847569288118   0.048203549561870215   -0.26542045823244154   -0.01123889868524247   -0.3650363946079361   0.23535751383373202   0.35291231017941427   -0.12218496613333682   0.16749919351746823   -0.18016492753864888   0.4349041138433246   -0.2512608752078279   -0.3899593731027531   0.3313586697657336   0.15808383000525672   -0.14208095130300527   -0.10278645417387965   -0.3786534354391313   0.03125007756704223   -0.5153597669948934   -0.13383135226364476   0.541654774382881   0.7038021172740723   0.18369412542099967   0.5173017143295497   0.38885857005928365   0.6313029541522823   -0.0850023675812607   0.4069874218702657   0.3254675195290169   0.18402651996314814   -0.024745968545472848   -0.1286916785803391   -0.2679363278842378   0.14008773951996226   -0.46626776454251245   0.15669950935074747   -0.056975567174543704   0.15276144701364874   0.04863845088109693   0.15735765962613088   -0.28204649658317044   -0.1126833229890005   0.01635448177509354   -0.37989713385431617   -0.45912574900209474   0.8432925278338661   -0.13232260697937998   0.11615531487119658   -0.1267667773449661   0.5278175923775734   -0.32846813094080496   0.20566142348968117   0.4434348364972184   -0.11170909348047754   0.11816371877087646   -0.07557026326484977   -0.12644643800825048   0.0174621221783112   -0.07671600664099268   -0.13184652581069062   
T_sec   15.0   15.5   16.0   16.5   17.0   17.5   18.0   18.5   19.0   19.5   20.0   20.5   21.0   21.5   22.0   22.5   23.0   23.5   24.0   24.5   25.0   25.5   26.0   26.5   27.0   27.5   28.0   28.5   29.0   29.5   30.0   30.5   31.0   31.5   32.0   32.5   33.0   33.5   34.0   34.5   35.0   35.5   36.0   36.5   37.0   37.5   38.0   38.5   39.0   39.5   40.0   40.5   41.0   41.5   42.0   42.5   43.0   43.5   44.0   44.5   45.0   45.5   46.0   46.5   47.0   47.5   48.0   48.5   49.0   49.5   50.0   50.5   51.0   51.5   52.0   52.5   53.0   53.5   54.0   54.5   55.0   
U26   -0.25864008200138144   -0.8135425723207176   -0.22957540459131864   -0.08569249665292361   0.2610225085540567   0.04910035362068386   0.2538350186868306   0.6400216731449184   -0.01802189913974037   -0.03960029927856621   -0.08195055863374533   0.2182176912630853   -0.008715522853389468   -0.22126634917810387   0.32858006803990975   -0.13676208723541156   0.15784298681793932   0.35804474729374425   0.4222642330518822   0.01181189737840669   0.29025816986248076   -0.11523395342162958   0.11766836357216194   -0.29271651145030064   0.42204039462228776   0.14654298347046235   0.06151078213881137   0.39259990885387835   -0.42190254893985063   0.05565756139112597   0.36369824322582933   -0.22512579008156286   0.2319567950392687   -0.15916922092838592   -0.2997169206674373   -0.34855217359746343   -1.0   -0.09887911247150181   0.4504636709695916   0.03451794207849917   0.8437055146263911   0.5026740131804951   -0.32943992300395714   -0.15094597252802558   0.6347853688029438   -0.3879756243184493   -0.002349600236910985   0.11639680501693268   0.3122981009943611   -0.528181091773366   0.035997596579103244   0.10007902411506306   -0.04095001888217829   -0.2492910267499033   0.12111073807886855   0.23773046844246268   -0.07810055434338112   0.0293054104750757   -0.03817776600787313   0.29329404886723937   -0.08077701041659521   0.1444432093972809   0.3376175444621666   -0.20466108545749914   -0.3262904364316347   -0.3995965579840643   0.21027710654180984   -0.351144206912873   0.35222658277581265   -0.22225632554699756   0.6312342897816383   0.5848739885986709   -0.19285489851240323   -0.3082711431725151   -0.3273113128480679   0.3281608868177964   -0.4562859119726966   -0.10039504292087621   -0.19856532657681197   0.5933911681692565   -0.010668276117507605   
T_sec   15.0   15.5   16.0   16.5   17.0   17.5   18.0   18.5   19.0   19.5   20.0   20.5   21.0   21.5   22.0   22.5   23.0   23.5   24.0   24.5   25.0   25.5   26.0   26.5   27.0   27.5   28.0   28.5   29.0   29.5   30.0   30.5   31.0   31.5   32.0   32.5   33.0   33.5   34.0   34.5   35.0   35.5   36.0   36.5   37.0   37.5   38.0   38.5   39.0   39.5   40.0   40.5   41.0   41.5   42.0   42.5   43.0   43.5   44.0   44.5   45.0   45.5   46.0   46.5   47.0   47.5   48.0   48.5   49.0   49.5   50.0   50.5   51.0   51.5   52.0   52.5   53.0   53.5   54.0   54.5   55.0   
U27   0.15915381825033206   -0.11403264308107952   -0.21883417681765374   -0.08567147710305871   0.056169539303804465   -0.29345749098078366   0.021775921486627978   0.2682712706927443   -0.06613378822613522   -0.3649606540868739   0.2172286621745168   -0.4269590391636505   0.16796507980710382   0.023178261670674674   0.1582557715749962   0.34655859036720316   -0.17644785965621834   -0.25317452349951597   -0.18503105400989248   0.06623547206546676   -0.2646127550727136   0.015402142598846105   -0.01631825602782361   -0.08345455177264577   0.3965458786956839   0.2549125175322261   0.23477405441696725   0.2964878765073225   -0.07468009563936148   -0.6849415329360268   0.21887675621975242   0.4147113027826732   -0.48900240438375303   -0.3637480897820596   0.05859368716294936   0.1333025266509803   0.010960913984316945   0.052120700827430186   0.4900953591231181   1.0   0.7441907123764153   -0.12199276391246168   0.3153278064996535   0.8180493517453568   -0.18374067502401362   -0.004907431880224508   0.16921731861175401   -0.33010506158446573   0.2729004907230104   -0.1792113101838138   -0.014545656580144383   -0.4633549726272566   -0.040285481506064334   -0.5049357720966866   -0.25228194212580296   -0.3187487965876749   -0.2911096648070743   0.3635659593555082   -0.20071378394381006   -0.1478205335783366   -0.14528180779345495   -0.05855938514557636   -0.6007934491288939   0.014672502942257333   -0.09130125315200485   0.09776103162097725   -0.25563763962219405   0.5312775069599069   0.12755864697250327   0.16090593790502639   0.38212159485122316   -0.2034892122775786   0.1924320730492983   0.473383226913213   0.20997220951654716   0.4077530968411888   0.08101943985803683   -0.0023547076425044482   -0.23807000374279   0.18843332397535797   -0.024151410757154185   
T_sec   15.0   15.5   16.0   16.5   17.0   17.5   18.0   18.5   19.0   19.5   20.0   20.5   21.0   21.5   22.0   22.5   23.0   23.5   24.0   24.5   25.0   25.5   26.0   26.5   27.0   27.5   28.0   28.5   29.0   29.5   30.0   30.5   31.0   31.5   32.0   32.5   33.0   33.5   34.0   34.5   35.0   35.5   36.0   36.5   37.0   37.5   38.0   38.5   39.0   39.5   40.0   40.5   41.0   41.5   42.0   42.5   43.0   43.5   44.0   44.5   45.0   45.5   46.0   46.5   47.0   47.5   48.0   48.5   49.0   49.5   50.0   50.5   51.0   51.5   52.0   52.5   53.0   53.5   54.0   54.5   55.0   
U28   0   0   0   0   0   0   0   0   0   0   0   0   0   0   0   0   0   0   0   0   0   0   0   0   0   0   0   0   0   0   0   0   0   0   0   0   0   0   0   0   0   0   0   0   0   0   0   0   0   0   0   0   0   0   0   0   0   0   0   0   0   0   0   0   0   0   0   0   0   0   0   0   0   0   0   0   0   0   0   0   0   
T_sec   15.0   15.5   16.0   16.5   17.0   17.5   18.0   18.5   19.0   19.5   20.0   20.5   21.0   21.5   22.0   22.5   23.0   23.5   24.0   24.5   25.0   25.5   26.0   26.5   27.0   27.5   28.0   28.5   29.0   29.5   30.0   30.5   31.0   31.5   32.0   32.5   33.0   33.5   34.0   34.5   35.0   35.5   36.0   36.5   37.0   37.5   38.0   38.5   39.0   39.5   40.0   40.5   41.0   41.5   42.0   42.5   43.0   43.5   44.0   44.5   45.0   45.5   46.0   46.5   47.0   47.5   48.0   48.5   49.0   49.5   50.0   50.5   51.0   51.5   52.0   52.5   53.0   53.5   54.0   54.5   55.0   
U29   0.03729136768193356   0.07471213773688769   0.35099217461173526   -0.1942272965202881   -0.17611150684520244   0.01580240964240378   0.1631749843627584   -0.29094378500007523   -0.1711513547920085   -0.1535348738403272   0.06496360182176714   -0.08374165608660468   0.11685425876981426   -0.3611484379166666   -0.005171796778930588   -0.04837264442243437   -0.4337893261726174   -0.47426616898593504   0.07405125371074014   0.060587080978742346   -0.04713691785595879   -0.041095594408549395   -0.5449873418270116   -0.141673167087146   0.04982233662881007   0.5309876202766451   -0.03425393640822793   0.18147109287037325   -0.04594931690678896   -0.2165960659589238   0.43519154569753843   0.29585181032956853   -0.17635061775834152   -0.422970379034188   -0.35864735673715   -0.2926257770277275   0.04159758583264996   0.4792936646852896   1.0   0.2219688001437079   -0.057939355053499654   0.019928402668296385   0.02208598218812403   -0.22128977595081914   -0.028514768043825082   -0.42028307404196197   0.042113672826041816   0.24747233642931882   -0.31649635953849314   -0.417338318669034   -0.21488165898262876   -0.5432373626254708   -0.3725842147463023   0.18582828843056048   0.36208234598021155   0.003123808398683995   0.33383767930149705   -0.30264868696174213   -0.13560924692234694   -0.0627892681046125   -0.28592600870534174   0.18488773013585647   -0.3366744125395539   -0.3359549508014129   0.3337082317613724   0.1824966599372848   -0.6152159141689763   -0.06958108079886455   -0.05585383957562193   -0.06561193189116782   -0.20478963857857144   0.003326621395281869   0.15295923671374606   0.17366686631139056   0.3519310893006584   0.17061021665641518   -0.3008601526888236   0.5577181491076325   -0.14724461845250897   -0.30842515300750295   0.08180826882438569   
T_sec   15.0   15.5   16.0   16.5   17.0   17.5   18.0   18.5   19.0   19.5   20.0   20.5   21.0   21.5   22.0   22.5   23.0   23.5   24.0   24.5   25.0   25.5   26.0   26.5   27.0   27.5   28.0   28.5   29.0   29.5   30.0   30.5   31.0   31.5   32.0   32.5   33.0   33.5   34.0   34.5   35.0   35.5   36.0   36.5   37.0   37.5   38.0   38.5   39.0   39.5   40.0   40.5   41.0   41.5   42.0   42.5   43.0   43.5   44.0   44.5   45.0   45.5   46.0   46.5   47.0   47.5   48.0   48.5   49.0   49.5   50.0   50.5   51.0   51.5   52.0   52.5   53.0   53.5   54.0   54.5   55.0   
U30   -0.30327386355450714   -0.3599362753134847   -0.16259126589519948   0.38212634137320367   0.38476843344215683   0.17784864139078735   0.3301918344990322   -0.34251417043949256   -0.2042491699517004   0.09798858600840273   0.26579500317872745   -0.8561108108854258   -0.20184773875926904   0.10774492725729184   0.10397552358979735   0.30571166722065035   -0.05400305709128485   0.5348520843868296   0.39819209937106687   0.11232467216856885   0.04745519995047487   0.618888641740025   -0.29293580921416684   0.47290048981368427   -0.02147614046659048   -0.2026831027880311   0.14193963865416992   -0.801010647184531   0.1276707292400272   -0.5541295954006052   -0.43471407870162876   0.2344776271421533   0.06248120018262327   -0.8646673229343639   -0.11352230325263477   -0.6201677634167211   1.0   0.903245924590409   0.8443688921618477   0.1364985315832991   -0.38338356699743453   -0.15168755406708562   -0.19209188736637023   -0.3832402605648138   -0.7999765020199299   -0.6631990241402285   0.36950682057196377   -0.6924015568512503   -0.6521731954419913   0.34400815232540444   -0.1479984548817857   -0.6943209727020503   0.36386563613556855   -0.3745150517500662   -0.004247649214056452   -0.37438649165746013   -0.909258275741034   -0.668072591670662   -0.3031464597667739   0.5129685257090614   -0.6443865584359049   0.13412092268935713   0.36341220896666926   0.06272811315401094   -0.6096725379374213   -0.4813038108279787   -0.34129903186008015   0.3370733667731347   0.033726335416105695   0.4979443782161161   -0.08982238189197032   -0.014392357857185912   -0.07644190676970027   -0.6188459756077554   0.0456106807757086   0.41064234917435677   -0.5134189109367275   0.07810468733399445   -0.2975874415956255   -0.3970649481002395   0.622028561883465   
T_sec   15.0   15.5   16.0   16.5   17.0   17.5   18.0   18.5   19.0   19.5   20.0   20.5   21.0   21.5   22.0   22.5   23.0   23.5   24.0   24.5   25.0   25.5   26.0   26.5   27.0   27.5   28.0   28.5   29.0   29.5   30.0   30.5   31.0   31.5   32.0   32.5   33.0   33.5   34.0   34.5   35.0   35.5   36.0   36.5   37.0   37.5   38.0   38.5   39.0   39.5   40.0   40.5   41.0   41.5   42.0   42.5   43.0   43.5   44.0   44.5   45.0   45.5   46.0   46.5   47.0   47.5   48.0   48.5   49.0   49.5   50.0   50.5   51.0   51.5   52.0   52.5   53.0   53.5   54.0   54.5   55.0   
U31   0.02860209406573318   0.5091359664380789   0.533127201308484   0.19585974706868983   -0.08147233108680825   -0.21456073478402823   -0.32698566226146386   0.47325605169487456   -0.2329183861303826   -0.32263932783562127   0.1701965914584806   0.12474177705549029   -0.015244225661334841   -0.21418064835446574   0.0713543495973307   0.23793383224234843   -0.15525676978014366   0.09713816355365984   -0.0614377698695155   0.4766858829930928   -0.10148593197972897   0.25113228085406936   -0.16146024942865364   0.26901818468928834   0.12196930653467124   0.23332704175793348   -0.10206057362294627   -0.15692530668234592   -0.08119835686926269   0.2589388015555918   0.14518280841781867   -0.054276719549989985   -0.33017865705719657   0.1783884642409271   0.040429154962188206   1.0   0.7560041001826332   0.11330416331068204   0.26517795266297595   0.10678109220005054   -0.3659750923810512   -0.18787574376194538   0.18022825628383232   -0.3739943646157522   -0.02857741923942227   -0.4443848882483781   0.7545289165226449   0.23101655816582733   -0.21128788497661774   -0.43755263819451423   -0.571205311765749   0.5018044230649055   0.05794954990605627   -0.40780967038569294   0.14956288006202084   -0.23591923252430166   -0.09068238765684321   0.12456696276574121   0.08507325142712227   -0.29992301210321376   0.21170211457160956   0.22606030341978986   0.42256143579270605   0.015617849312712753   -0.17359636294866082   0.1415366452759823   -0.045677947419518417   -0.21518648739445495   0.0843427951897174   0.23619753130003154   -0.12981063978154528   -0.23010367408012972   -0.09496204713627035   -0.10081655195112421   -0.12828598349245865   0.06686479265499595   -0.0642256065494569   0.04759190190663035   -0.2752787407200703   -0.21965815625936796   -0.1929829462102149   
T_sec   15.0   15.5   16.0   16.5   17.0   17.5   18.0   18.5   19.0   19.5   20.0   20.5   21.0   21.5   22.0   22.5   23.0   23.5   24.0   24.5   25.0   25.5   26.0   26.5   27.0   27.5   28.0   28.5   29.0   29.5   30.0   30.5   31.0   31.5   32.0   32.5   33.0   33.5   34.0   34.5   35.0   35.5   36.0   36.5   37.0   37.5   38.0   38.5   39.0   39.5   40.0   40.5   41.0   41.5   42.0   42.5   43.0   43.5   44.0   44.5   45.0   45.5   46.0   46.5   47.0   47.5   48.0   48.5   49.0   49.5   50.0   50.5   51.0   51.5   52.0   52.5   53.0   53.5   54.0   54.5   55.0   
U32   -0.3935483777517685   0.048310728590342564   -0.369737583255961   -0.35649646359880777   0.314755495862387   0.020040297291801453   0.15721197410841162   0.11204030691766394   0.254826883843946   -0.057529580803602764   0.855382913522274   0.425570178464628   -0.40269545818186464   -0.08817295571501665   -0.6508781928814391   -0.5418357101808775   -0.5734183732326589   0.23373637644781914   -0.37441761417394887   -0.24249897416682417   -0.519186115855471   0.019290055703809365   -0.4258360891049002   0.23148078941593564   -0.5489555648498678   0.111022530124415   -0.33694070787789987   -0.7613489478879412   -0.36908881137935173   0.26507945547300993   0.05604535980127132   0.5151990491763108   -0.3509656137209293   0.7642166858624555   0.9263384151324572   0.5824955419571013   -0.6017392619368522   0.4604264455276122   -0.11080801401138332   -0.1857009184828559   0.13062611564168486   -0.432317851396256   0.19125430879562585   0.10015177170055943   -0.03587441959404423   -0.3813077010872294   -0.3593170423411198   -0.020666666253555566   0.23938704117764315   -0.13255649898907987   -0.48032871199833327   -0.8758273416771911   0.4437911052716438   -0.5574441451739942   0.02360661026798298   0.20688697749072982   1.0   -0.1753448316328377   -0.181186045652128   -0.04291686471965487   0.5366546801972388   0.10618025595004182   0.011494900170513604   0.02462677688408285   0.13145132103177956   0.22424903725196496   0.008124893514227566   0.38524482780169766   0.1620183516543664   0.1800856308291155   0.03303444419843731   -0.5718799531750642   0.015244690021996897   -0.1531460169371005   0.3542015099567328   0.8327917969366492   -0.4680978614352661   -0.30658514111477797   -0.08881592978591307   0.23080555846337278   -0.3507648718214949   
T_sec   15.0   15.5   16.0   16.5   17.0   17.5   18.0   18.5   19.0   19.5   20.0   20.5   21.0   21.5   22.0   22.5   23.0   23.5   24.0   24.5   25.0   25.5   26.0   26.5   27.0   27.5   28.0   28.5   29.0   29.5   30.0   30.5   31.0   31.5   32.0   32.5   33.0   33.5   34.0   34.5   35.0   35.5   36.0   36.5   37.0   37.5   38.0   38.5   39.0   39.5   40.0   40.5   41.0   41.5   42.0   42.5   43.0   43.5   44.0   44.5   45.0   45.5   46.0   46.5   47.0   47.5   48.0   48.5   49.0   49.5   50.0   50.5   51.0   51.5   52.0   52.5   53.0   53.5   54.0   54.5   55.0   
U33   -0.17646120060928877   -0.06664217559254436   -0.11981531250515917   0.2046662199470055   0.13447809579941264   0.06701735113640772   -0.26998137400188754   -0.042610719104055984   -0.006324430795841182   -0.1608993729741961   -0.07436908435257618   -0.07093939640987917   0.19611686660840522   0.1305379312445515   0.3955844172654432   0.06767005237805933   0.06712634877575026   0.009015918196154639   0.2604771444935878   -0.28216428534370497   0.28232447850902753   -0.21154490808665097   0.12599221907808153   -0.23960646093957133   0.17976629865606755   -0.21206756233199986   -0.14750374376692552   0.44579853241263356   -0.053059744114771386   -0.002677392614251519   0.04673993692272434   -0.10283502911697807   1.0   0.2288667731809774   0.16242935705767572   0.11363757258701374   -0.22962612179486427   -0.04645497268162672   0.08228292131254486   0.07520417873973533   0.21432855586438856   -0.05353073602975421   -0.32237423232051354   0.01051756598826654   0.03932080061294877   -0.006377362483809789   -0.22765834104547722   0.1277037593345874   -0.1540282209848014   -0.0716233950943517   0.3636824837747119   0.344274649451586   -0.008316157858503056   0.0655972594526379   -0.2516459645027898   -0.19171816604866615   -0.464484570788808   0.09914519484310602   -0.3951201174066451   0.06714420257522327   -0.07569648190763183   -0.24523262613161498   0.4610532962919907   0.12543903204624873   0.1308178429083366   0.23821997946057702   0.07577587265421831   -0.06726422119127887   -0.04973799654045113   0.09383438781390313   0.29875159218870767   0.20917748967772867   0.1441098966164171   -0.38916860834923195   0.15099546138858227   0.36066810252334236   0.10151659817670529   0.34003522796675384   0.06430301123977852   0.07699527741857395   -0.20116536008579072   
T_sec   15.0   15.5   16.0   16.5   17.0   17.5   18.0   18.5   19.0   19.5   20.0   20.5   21.0   21.5   22.0   22.5   23.0   23.5   24.0   24.5   25.0   25.5   26.0   26.5   27.0   27.5   28.0   28.5   29.0   29.5   30.0   30.5   31.0   31.5   32.0   32.5   33.0   33.5   34.0   34.5   35.0   35.5   36.0   36.5   37.0   37.5   38.0   38.5   39.0   39.5   40.0   40.5   41.0   41.5   42.0   42.5   43.0   43.5   44.0   44.5   45.0   45.5   46.0   46.5   47.0   47.5   48.0   48.5   49.0   49.5   50.0   50.5   51.0   51.5   52.0   52.5   53.0   53.5   54.0   54.5   55.0   
U34   0.39225949922163605   -0.6266257892012143   0.7856834293662084   0.4636777139005823   0.8267067841064892   -0.6587758791731224   0.09978730024989117   0.25722227740099723   0.7458015380150609   0.23929818280020593   0.3410580644163415   -0.25700662521671563   -0.6166834524430903   -0.5505279771036968   0.17894113223184677   -0.49258299014643164   0.3281001933531254   -0.558295891857042   0.48464343876113825   0.03930509799727406   0.6835994638699503   0.1066567172445987   0.3400437968707516   -0.1169252676704694   -0.8047443951116618   0.027834554371041837   0.04683339374248244   0.07236282757107557   -0.9346496767256738   -0.3736227525903995   -0.012210151556734281   1.0   0.4703582389152194   -0.287675337602499   0.07964205550662465   0.3312892786211923   0.1638388447523631   0.036228706604749514   -0.22797287003751135   0.4483410146344435   -0.5068730642220793   0.739937163046237   0.3623291468611739   -0.325311942945139   -0.29743618716429326   -0.6937223957901933   -0.6246403174624435   0.6986722233346109   0.12477049883800154   0.2482225075886935   0.08929716576966165   0.22762524680051036   0.36532008226376605   -0.15173422040084117   -0.11552910071935728   -0.09957445876544936   -0.9330670025981711   -0.27155914685878424   -0.22885516941427883   0.05841222954948066   0.2839473130075689   0.23625567967189978   0.0792544301494158   -0.04994977997133325   -0.06204199567112769   0.8437977323048408   0.49298263286918603   -0.7066951844899141   0.3564935335873785   0.4681184893704632   0.292388821313517   0.298655740608934   0.03713572822345629   0.22783474379399904   0.6067191851189585   -0.288865186660635   -0.1933624339259132   0.8324658516057696   0.5779058915133995   0.1419176899123754   0.0986725713153487   
T_sec   15.0   15.5   16.0   16.5   17.0   17.5   18.0   18.5   19.0   19.5   20.0   20.5   21.0   21.5   22.0   22.5   23.0   23.5   24.0   24.5   25.0   25.5   26.0   26.5   27.0   27.5   28.0   28.5   29.0   29.5   30.0   30.5   31.0   31.5   32.0   32.5   33.0   33.5   34.0   34.5   35.0   35.5   36.0   36.5   37.0   37.5   38.0   38.5   39.0   39.5   40.0   40.5   41.0   41.5   42.0   42.5   43.0   43.5   44.0   44.5   45.0   45.5   46.0   46.5   47.0   47.5   48.0   48.5   49.0   49.5   50.0   50.5   51.0   51.5   52.0   52.5   53.0   53.5   54.0   54.5   55.0   
U35   -0.18196326848186142   -0.26910936705538996   0.3126645495249258   -0.24785499201370856   -0.1854930519045611   0.4490644251295906   0.2586741053133694   0.12576928400829582   0.02451023467991479   0.1889985052979307   -0.5523268662891142   0.11946617612006627   0.2796858905226649   0.6847362617824079   0.3453253639901715   -0.3281080444834501   0.16667432289509704   -0.6889860370429868   -0.06646390766929137   -0.0778484514119483   0.3063424171498579   -0.3115176250745577   0.14168650960127652   0.4720816190984217   -0.2594713824380265   -0.2304000853957223   -0.41973181030677   -0.20884869013496304   0.07135512649647077   -0.2934138387617641   1.0   0.2575814747297557   -0.17915882294438096   -0.32043563493112504   0.4339473684622921   -0.5806681468137793   0.024649758152567685   0.08535995622708678   0.060171697306605806   0.25746606228193486   -0.11228953521538307   -0.3769876027399459   0.1277082467931862   -0.03175903885244453   0.2801667491250443   0.1592015723669988   -0.07007083791225793   0.14688249751487756   0.14616197327658967   -0.04091367642038439   -0.1908736342555217   0.4328513303931007   -0.17223014217210084   0.11779444010933716   0.24919232589529236   0.1388221554874092   0.4124144086953665   -0.34366499655827176   0.4388298058808655   -0.15261379579264267   0.11785746015720447   -0.24399684025431376   0.028848759955301555   0.30608186258431846   0.16105950679362774   -0.1563953108400579   -0.33615834083836205   -0.3111463521945756   -0.008588684741064036   0.31287447465456414   -0.0915867588948611   0.2408155157554681   -0.44715047508890027   -0.1519951592578205   -0.29975418111994   -0.08420861758815541   0.22243318095505318   0.04208124054255987   0.5431115692925969   0.052673287512895024   -0.23418579628929526   
T_sec   15.0   15.5   16.0   16.5   17.0   17.5   18.0   18.5   19.0   19.5   20.0   20.5   21.0   21.5   22.0   22.5   23.0   23.5   24.0   24.5   25.0   25.5   26.0   26.5   27.0   27.5   28.0   28.5   29.0   29.5   30.0   30.5   31.0   31.5   32.0   32.5   33.0   33.5   34.0   34.5   35.0   35.5   36.0   36.5   37.0   37.5   38.0   38.5   39.0   39.5   40.0   40.5   41.0   41.5   42.0   42.5   43.0   43.5   44.0   44.5   45.0   45.5   46.0   46.5   47.0   47.5   48.0   48.5   49.0   49.5   50.0   50.5   51.0   51.5   52.0   52.5   53.0   53.5   54.0   54.5   55.0   
U36   0   0   0   0   0   0   0   0   0   0   0   0   0   0   0   0   0   0   0   0   0   0   0   0   0   0   0   0   0   0   0   0   0   0   0   0   0   0   0   0   0   0   0   0   0   0   0   0   0   0   0   0   0   0   0   0   0   0   0   0   0   0   0   0   0   0   0   0   0   0   0   0   0   0   0   0   0   0   0   0   0   
T_sec   15.0   15.5   16.0   16.5   17.0   17.5   18.0   18.5   19.0   19.5   20.0   20.5   21.0   21.5   22.0   22.5   23.0   23.5   24.0   24.5   25.0   25.5   26.0   26.5   27.0   27.5   28.0   28.5   29.0   29.5   30.0   30.5   31.0   31.5   32.0   32.5   33.0   33.5   34.0   34.5   35.0   35.5   36.0   36.5   37.0   37.5   38.0   38.5   39.0   39.5   40.0   40.5   41.0   41.5   42.0   42.5   43.0   43.5   44.0   44.5   45.0   45.5   46.0   46.5   47.0   47.5   48.0   48.5   49.0   49.5   50.0   50.5   51.0   51.5   52.0   52.5   53.0   53.5   54.0   54.5   55.0   
U37   0.07798731145416098   -0.1089746044663248   -0.0003950640706760823   0.14585254588741461   -0.32716504080878733   0.10112861475831815   0.0436579273618991   -0.06764633280731178   -0.08116814953559787   0.1128561798317554   0.14369191101148288   0.18816081707422894   0.05954562606868966   0.06516642948195406   0.004910960238090427   0.011044367763178234   -0.15408199521342572   -0.2458414267919995   0.002603130321090307   -0.03046269790915812   0.11101717139282832   0.2294178373229766   0.17686019141014614   0.3702839096455845   0.3247945113451783   -0.1184379878374736   0.1226811786871962   -0.07844555696632179   1.0   0.43723737101408366   -0.3654445336626854   -0.1534810712947575   -0.18399151614478176   -0.002224871417471291   -0.15288907933648   0.05779449748415812   0.17202238813192902   0.033662472048273426   0.689526325540321   -0.16458492971616112   -0.06236562414231592   -0.2718263959304205   -0.5885670990698386   -0.37401873754730514   0.3314199560285375   0.39570706219086577   -0.28373934925024963   -0.19667932819774395   0.1335864198408402   -0.01635807195019231   0.014063199709968425   -0.017847590261125663   -0.014943263650390526   -0.12875494036214097   0.22813202982279712   0.15662641096233212   -0.15544319949423174   -0.10874208894606108   0.14479317750186854   -0.242708599297413   -0.22348653243036604   0.42938039970136144   0.32972119283827844   -0.10963466229812156   -0.2283765970491651   0.3569740484871394   -0.17800302879558966   0.11684038909915206   -0.3190944221811393   0.22165179237172727   0.3193721284915999   0.25010308882373317   -0.11334369174497254   0.08153805524287558   -0.18330658623494   -0.12585758340183995   0.1590772905391681   -0.17604118529586044   0.15963010651026804   -0.19733373110121208   -0.12941816877775236   
T_sec   15.0   15.5   16.0   16.5   17.0   17.5   18.0   18.5   19.0   19.5   20.0   20.5   21.0   21.5   22.0   22.5   23.0   23.5   24.0   24.5   25.0   25.5   26.0   26.5   27.0   27.5   28.0   28.5   29.0   29.5   30.0   30.5   31.0   31.5   32.0   32.5   33.0   33.5   34.0   34.5   35.0   35.5   36.0   36.5   37.0   37.5   38.0   38.5   39.0   39.5   40.0   40.5   41.0   41.5   42.0   42.5   43.0   43.5   44.0   44.5   45.0   45.5   46.0   46.5   47.0   47.5   48.0   48.5   49.0   49.5   50.0   50.5   51.0   51.5   52.0   52.5   53.0   53.5   54.0   54.5   55.0   
U38   0   0   0   0   0   0   0   0   0   0   0   0   0   0   0   0   0   0   0   0   0   0   0   0   0   0   0   0   0   0   0   0   0   0   0   0   0   0   0   0   0   0   0   0   0   0   0   0   0   0   0   0   0   0   0   0   0   0   0   0   0   0   0   0   0   0   0   0   0   0   0   0   0   0   0   0   0   0   0   0   0   
T_sec   15.0   15.5   16.0   16.5   17.0   17.5   18.0   18.5   19.0   19.5   20.0   20.5   21.0   21.5   22.0   22.5   23.0   23.5   24.0   24.5   25.0   25.5   26.0   26.5   27.0   27.5   28.0   28.5   29.0   29.5   30.0   30.5   31.0   31.5   32.0   32.5   33.0   33.5   34.0   34.5   35.0   35.5   36.0   36.5   37.0   37.5   38.0   38.5   39.0   39.5   40.0   40.5   41.0   41.5   42.0   42.5   43.0   43.5   44.0   44.5   45.0   45.5   46.0   46.5   47.0   47.5   48.0   48.5   49.0   49.5   50.0   50.5   51.0   51.5   52.0   52.5   53.0   53.5   54.0   54.5   55.0   
U39   0   0   0   0   0   0   0   0   0   0   0   0   0   0   0   0   0   0   0   0   0   0   0   0   0   0   0   0   0   0   0   0   0   0   0   0   0   0   0   0   0   0   0   0   0   0   0   0   0   0   0   0   0   0   0   0   0   0   0   0   0   0   0   0   0   0   0   0   0   0   0   0   0   0   0   0   0   0   0   0   0   
T_sec   15.0   15.5   16.0   16.5   17.0   17.5   18.0   18.5   19.0   19.5   20.0   20.5   21.0   21.5   22.0   22.5   23.0   23.5   24.0   24.5   25.0   25.5   26.0   26.5   27.0   27.5   28.0   28.5   29.0   29.5   30.0   30.5   31.0   31.5   32.0   32.5   33.0   33.5   34.0   34.5   35.0   35.5   36.0   36.5   37.0   37.5   38.0   38.5   39.0   39.5   40.0   40.5   41.0   41.5   42.0   42.5   43.0   43.5   44.0   44.5   45.0   45.5   46.0   46.5   47.0   47.5   48.0   48.5   49.0   49.5   50.0   50.5   51.0   51.5   52.0   52.5   53.0   53.5   54.0   54.5   55.0   
U40   0   0   0   0   0   0   0   0   0   0   0   0   0   0   0   0   0   0   0   0   0   0   0   0   0   0   0   0   0   0   0   0   0   0   0   0   0   0   0   0   0   0   0   0   0   0   0   0   0   0   0   0   0   0   0   0   0   0   0   0   0   0   0   0   0   0   0   0   0   0   0   0   0   0   0   0   0   0   0   0   0   
sta_location:9.75,10.224929,10.611104,11.46489,11.970286,12.31973,12.800243,13.10525,13.75,14.143772,14.746186,15.423911,15.75,16.208076,16.604109,17.486032,17.75,18.220173,18.75,19.031988,19.935616,20.271973,20.931608,21.394547,21.926945,22.317497,22.96242,23.429052,23.75,24.14646,24.604383,25.123894,25.770329,26.291788,26.830933,27.205534,27.75,28.096323,28.75,29.25,29.75,
rebuild_index:0,1,2,3,4,5,6,7,8,9,10,11,12,13,14,15,16,17,18,19,20,21,22,23,24,25,26,27,28,29,30,31,32,33,34,35,36,37,38,39,40,
use_index:1,2,3,4,5,6,7,9,10,11,13,14,15,17,19,20,21,22,23,24,25,26,27,29,30,31,32,33,34,35,37,
cut_start_time:20---cut_windows:35---reduction_v:10