no   depth[km]   vp[km/s]   vs[km/s]   ro[g/cm^3]   qp   qs   
1   0.0   5.8   3.46   2.72   1368.02   599.99   
2   20.0   5.8   3.46   2.72   1368.02   599.99   
3   20.0   6.5   3.85   2.92   972.77   403.93   
4   35.0   6.5   3.85   2.92   972.77   403.93   
5   35.0   8.04   4.48   3.32   182.03   75.6   
6   77.5   8.045   4.49   3.345   182.03   75.6   
7   120.0   8.0505   4.5   3.4268   182.57   76.06   
8   165.0   8.175   4.509   3.3711   188.72   76.55   
9   210.0   8.3007   4.5184   3.3243   200.97   79.4   
10   210.0   8.3007   4.5184   3.3243   338.47   133.72   
11   260.0   8.4822   4.6094   3.3663   346.37   136.38   
12   310.0   8.665   4.6964   3.411   355.85   139.38   
13   360.0   8.8476   4.7832   3.4577   366.34   142.76   
14   410.0   9.0302   4.8702   3.5068   377.93   146.57   
15   410.0   9.3601   5.0806   3.9317   413.66   162.5   
16   460.0   9.528   5.1864   3.9273   417.32   164.87   
17   510.0   9.6962   5.2922   3.9233   419.94   166.8   
18   560.0   9.7523   5.3989   3.9218   422.55   168.78   
19   580.0   9.9835   5.4412   3.9213   423.73   169.6   
20   600.0   9.8108   5.4835   3.9208   424.92   170.41   
21   620.0   9.9404   5.5258   3.9205   426.15   171.24   
22   630.0   9.9486   5.5472   3.9204   426.79   171.67   
23   630.5   9.9634   5.5717   3.9203   427.53   172.16   
24   631.0   9.9713   5.5963   3.9202   428.26   172.65   
25   631.5   9.9792   5.6123   3.9219   433.8   175.02   
26   632.0   9.9861   5.6169   3.926   445.87   179.95   
27   632.5   9.9907   5.6215   3.9302   457.94   184.88   
28   633.0   9.9953   5.6261   3.9344   470.01   189.81   
29   633.5   9.9999   5.6307   3.9386   482.08   194.74   
30   634.0   10.0045   5.6353   3.9427   494.15   199.67   
31   634.5   10.0091   5.6399   3.9469   506.22   204.6   
32   635.0   10.0137   5.6444   3.9511   518.29   209.53   
33   635.5   10.0183   5.649   3.9552   530.36   214.46   
34   636.0   10.0229   5.6536   3.9594   542.43   219.39   
35   636.5   10.0275   5.6582   3.9636   554.5   224.32   
36   637.0   10.0321   5.6628   3.9678   566.57   229.25   
37   637.5   10.0367   5.6674   3.9719   578.64   234.18   
38   638.0   10.0413   5.672   3.9761   590.71   239.11   
39   638.5   10.0459   5.6766   3.9803   602.78   244.04   
40   639.0   10.0505   5.6811   3.9844   614.85   248.97   
41   639.5   10.0551   5.6857   3.9886   626.92   253.9   
42   640.0   10.0597   5.6903   3.9928   638.99   258.83   
43   640.5   10.0643   5.6949   3.997   651.06   263.76   
44   641.0   10.068   5.6995   4.0011   663.13   268.69   
45   641.5   10.0608   5.7041   4.0053   675.2   273.62   
46   642.0   10.0537   5.7087   4.0095   687.27   278.55   
47   642.5   10.0465   5.7132   4.0136   699.34   283.47   
48   643.0   10.0394   5.7178   4.0178   711.41   288.4   
49   643.5   10.0482   5.7224   4.022   723.48   293.33   
50   644.0   10.0589   5.727   4.0262   735.55   298.26   
51   644.5   10.0696   5.7316   4.0303   747.62   303.19   
52   645.0   10.073   5.7362   4.0345   759.69   308.12   
53   645.5   10.0673   5.7408   4.0387   771.76   313.05   
54   646.0   10.0777   5.7454   4.0428   783.83   317.98   
55   646.5   10.0882   5.7499   4.047   795.9   322.91   
56   647.0   10.0847   5.7545   4.0512   807.97   327.84   
57   647.5   10.0806   5.7591   4.0554   820.04   332.77   
58   648.0   10.0765   5.7637   4.0595   832.11   337.7   
59   648.5   10.0725   5.7683   4.0637   844.18   342.63   
60   649.0   10.0755   5.7729   4.0679   856.25   347.56   
61   649.5   10.0861   5.7775   4.072   868.32   352.49   
62   650.0   10.0967   5.782   4.0762   880.39   357.42   
63   650.5   10.0966   5.7866   4.0804   892.46   362.35   
64   651.0   10.0939   5.7912   4.0846   904.53   367.28   
65   651.5   10.0912   5.7958   4.0887   916.6   372.21   
66   652.0   10.0885   5.8004   4.0929   928.67   377.14   
67   652.5   10.0857   5.805   4.0971   940.74   382.07   
68   653.0   10.0837   5.8096   4.1012   952.81   387.0   
69   653.5   10.0921   5.8141   4.1054   964.88   391.93   
70   654.0   10.0914   5.8187   4.1096   976.95   396.86   
71   654.5   10.1051   5.8233   4.1138   989.02   401.79   
72   655.0   10.1043   5.8279   4.1179   1001.09   406.72   
73   655.5   10.1019   5.8325   4.1221   1013.16   411.65   
74   656.0   10.0994   5.8371   4.1263   1025.23   416.58   
75   656.5   10.0961   5.8417   4.1304   1037.3   421.51   
76   657.0   10.1057   5.8463   4.1346   1049.37   426.44   
77   657.5   10.1179   5.8508   4.1388   1061.44   431.37   
78   658.0   10.1152   5.8554   4.143   1073.51   436.3   
79   658.5   10.1125   5.86   4.1471   1085.58   441.23   
80   659.0   10.1187   5.8646   4.1513   1097.65   446.16   
81   659.5   10.1209   5.8692   4.1555   1109.72   451.09   
82   660.0   10.1196   5.8738   4.1596   1121.79   456.02   
83   660.5   10.1183   5.8784   4.1638   1133.86   460.95   
84   661.0   10.1171   5.8829   4.168   1145.93   465.88   
85   661.5   10.1191   5.8875   4.1722   1158.0   470.81   
86   662.0   10.117   5.8921   4.1763   1170.07   475.74   
87   662.5   10.1148   5.8967   4.1805   1182.14   480.67   
88   663.0   10.1127   5.9013   4.1847   1194.21   485.6   
89   663.5   10.135   5.9059   4.1888   1206.28   490.53   
90   664.0   10.1396   5.9105   4.193   1218.35   495.46   
91   664.5   10.1391   5.9151   4.1972   1230.42   500.39   
92   665.0   10.1387   5.9196   4.2014   1242.49   505.32   
93   665.5   10.1382   5.9242   4.2055   1254.56   510.25   
94   666.0   10.1377   5.9288   4.2097   1266.63   515.18   
95   666.5   10.1373   5.9334   4.2139   1278.69   520.11   
96   667.0   10.1368   5.938   4.218   1290.76   525.04   
97   667.5   10.1363   5.9426   4.2222   1302.83   529.97   
98   668.0   10.1359   5.9472   4.2264   1314.9   534.9   
99   668.5   10.1354   5.9517   4.2306   1326.97   539.82   
100   669.0   10.1349   5.9563   4.2347   1339.04   544.75   
101   669.5   10.1345   5.9608   4.2387   1350.51   549.45   
102   670.0   10.134   5.9627   4.2396   1349.94   549.36   
103   670.5   10.1553   5.9646   4.2405   1349.36   549.27   
104   671.0   10.1911   5.9665   4.2414   1348.79   549.18   
105   671.5   10.2095   5.9683   4.2422   1348.21   549.1   
106   672.0   10.2108   5.9702   4.2431   1347.63   549.01   
107   672.5   10.2121   5.9721   4.244   1347.06   548.92   
108   673.0   10.2134   5.974   4.2449   1346.48   548.83   
109   673.5   10.2211   5.9759   4.2457   1345.91   548.75   
110   674.0   10.236   5.9778   4.2466   1345.33   548.66   
111   674.5   10.2509   5.9797   4.2475   1344.76   548.57   
112   675.0   10.2587   5.9816   4.2484   1344.18   548.49   
113   675.5   10.2783   5.9834   4.2493   1343.61   548.4   
114   676.0   10.2884   5.9853   4.2501   1343.03   548.31   
115   676.5   10.3043   5.9872   4.251   1342.45   548.22   
116   677.0   10.3246   5.9891   4.2519   1341.88   548.14   
117   677.5   10.3401   5.991   4.2528   1341.3   548.05   
118   678.0   10.3549   5.9929   4.2536   1340.73   547.96   
119   678.5   10.3698   5.9948   4.2545   1340.15   547.87   
120   679.0   10.3847   5.9967   4.2554   1339.58   547.79   
121   679.5   10.3995   5.9985   4.2563   1339.0   547.7   
122   680.0   10.4144   6.0004   4.2571   1338.42   547.61   
123   680.5   10.4293   6.0023   4.258   1337.85   547.53   
124   681.0   10.4441   6.0042   4.2589   1337.27   547.44   
125   681.5   10.459   6.0061   4.2598   1336.7   547.35   
126   682.0   10.4739   6.008   4.2606   1336.12   547.26   
127   682.5   10.4887   6.0099   4.2615   1335.55   547.18   
128   683.0   10.5036   6.0118   4.2624   1334.97   547.09   
129   683.5   10.5185   6.0136   4.2633   1334.4   547.0   
130   684.0   10.5333   6.0155   4.2641   1333.82   546.91   
131   684.5   10.5482   6.0174   4.265   1333.24   546.83   
132   685.0   10.5631   6.0193   4.2659   1332.67   546.74   
133   685.5   10.5779   6.0212   4.2668   1332.09   546.65   
134   686.0   10.5852   6.0231   4.2676   1331.52   546.57   
135   686.5   10.5911   6.025   4.2685   1330.94   546.48   
136   687.0   10.5971   6.0269   4.2694   1330.37   546.39   
137   687.5   10.603   6.0287   4.2703   1329.79   546.3   
138   688.0   10.5998   6.0306   4.2711   1329.21   546.22   
139   688.5   10.5949   6.0325   4.272   1328.64   546.13   
140   689.0   10.59   6.0344   4.2729   1328.06   546.04   
141   689.5   10.5799   6.0363   4.2738   1327.49   545.95   
142   690.0   10.5662   6.0382   4.2746   1326.92   545.87   
143   710.0   10.6679   6.0898   4.2986   1311.17   543.48   
144   730.0   10.7146   6.1379   4.3218   1297.87   541.14   
145   750.0   10.8332   6.186   4.3449   1284.58   538.8   
146   760.0   10.7664   6.21   4.3565   1277.93   537.63   
147   809.5   10.9843   6.2424   4.4118   1269.44   531.91   
148   859.0   11.1111   6.2799   4.465   1260.68   526.32   
149   908.5   11.3182   6.3164   4.5162   1251.69   520.83   
150   958.0   11.3897   6.3519   4.5654   1243.02   515.46   
151   1007.5   11.4704   6.386   4.5926   1234.54   510.2   
152   1057.0   11.5493   6.4182   4.6198   1226.52   505.05   
153   1106.5   11.6265   6.4514   4.6467   1217.91   500.0   
154   1156.0   11.702   6.4822   4.6735   1210.02   495.05   
155   1205.5   11.7768   6.5131   4.7001   1202.04   490.2   
156   1255.0   11.8491   6.5431   4.7266   1193.99   485.44   
157   1304.5   11.9208   6.5728   4.7528   1186.06   480.77   
158   1354.0   11.9891   6.6009   4.779   1178.19   476.19   
159   1403.5   12.0571   6.6285   4.805   1170.53   471.7   
160   1453.0   12.1247   6.6554   4.8307   1163.16   467.29   
161   1502.5   12.1912   6.6813   4.8562   1156.04   462.96   
162   1552.0   12.2558   6.707   4.8817   1148.76   458.72   
163   1601.5   12.3181   6.7323   4.9069   1141.32   454.55   
164   1651.0   12.3813   6.7579   4.9321   1134.01   450.45   
165   1700.5   12.4427   6.782   4.957   1127.02   446.43   
166   1750.0   12.503   6.8056   4.9817   1120.09   442.48   
167   1799.5   12.5638   6.8289   5.0062   1108.58   436.68   
168   1849.0   12.6226   6.8517   5.0306   1097.16   431.03   
169   1898.5   12.6807   6.8743   5.0548   1085.97   425.53   
170   1948.0   12.7384   6.8972   5.0789   1070.38   418.41   
171   1997.5   12.7956   6.9194   5.1027   1064.23   414.94   
172   2047.0   12.8524   6.9416   5.1264   1058.03   411.52   
173   2096.5   12.9093   6.9625   5.1499   1048.09   406.5   
174   2146.0   12.9663   6.9852   5.1732   1042.07   403.23   
175   2195.5   13.0226   7.0069   5.1963   1032.14   398.41   
176   2245.0   13.0786   7.0286   5.2192   1018.38   392.16   
177   2294.5   13.1337   7.0504   5.242   1008.79   387.6   
178   2344.0   13.1895   7.0722   5.2646   999.44   383.14   
179   2393.5   13.2465   7.0932   5.287   990.77   378.79   
180   2443.0   13.3017   7.1144   5.3092   985.63   375.94   
181   2492.5   13.3584   7.1368   5.3313   976.81   371.75   
182   2542.0   13.4156   7.1584   5.3531   968.46   367.65   
183   2591.5   13.4741   7.1804   5.3748   960.36   363.64   
184   2640.0   13.5311   7.2031   5.3962   952.0   359.71   
185   2690.0   13.5899   7.2253   5.4176   940.88   354.61   
186   2740.0   13.6498   7.2485   5.4387   933.21   350.88   
187   2740.0   13.6498   7.2485   5.6934   722.73   271.74   
188   2789.67   13.6533   7.2593   5.7196   726.87   273.97   
189   2839.33   13.657   7.27   5.7458   725.11   273.97   
190   2891.5   13.6601   7.2817   5.7721   723.12   273.97   
191   2891.5   8.0   0.0   9.9145   57822.0   0.0   
192   2939.33   8.0382   0.0   9.9942   57822.0   0.0   
193   2989.66   8.1283   0.0   10.0722   57822.0   0.0   
194   3039.99   8.2213   0.0   10.1485   57822.0   0.0   
195   3090.32   8.3122   0.0   10.2233   57822.0   0.0   
196   3140.66   8.4001   0.0   10.2964   57822.0   0.0   
197   3190.99   8.4861   0.0   10.3679   57822.0   0.0   
198   3241.32   8.5692   0.0   10.4378   57822.0   0.0   
199   3291.65   8.6496   0.0   10.5062   57822.0   0.0   
200   3341.98   8.7283   0.0   10.5731   57822.0   0.0   
201   3392.31   8.8036   0.0   10.6385   57822.0   0.0   
202   3442.64   8.8761   0.0   10.7023   57822.0   0.0   
203   3492.97   8.9461   0.0   10.7647   57822.0   0.0   
204   3543.3   9.0138   0.0   10.8257   57822.0   0.0   
205   3593.64   9.0792   0.0   10.8852   57822.0   0.0   
206   3643.97   9.1426   0.0   10.9434   57822.0   0.0   
207   3694.3   9.2042   0.0   11.0001   57822.0   0.0   
208   3744.63   9.2634   0.0   11.0555   57822.0   0.0   
209   3794.96   9.3205   0.0   11.1095   57822.0   0.0   
210   3845.29   9.376   0.0   11.1623   57822.0   0.0   
211   3895.62   9.4297   0.0   11.2137   57822.0   0.0   
212   3945.95   9.4814   0.0   11.2639   57822.0   0.0   
213   3996.28   9.5306   0.0   11.3127   57822.0   0.0   
214   4046.62   9.5777   0.0   11.3604   57822.0   0.0   
215   4096.95   9.6232   0.0   11.4069   57822.0   0.0   
216   4147.28   9.6673   0.0   11.4521   57822.0   0.0   
217   4197.61   9.71   0.0   11.4962   57822.0   0.0   
218   4247.94   9.7513   0.0   11.5391   57822.0   0.0   
219   4298.27   9.7914   0.0   11.5809   57822.0   0.0   
220   4348.6   9.8304   0.0   11.6216   57822.0   0.0   
221   4398.93   9.8682   0.0   11.6612   57822.0   0.0   
222   4449.26   9.9051   0.0   11.6998   57822.0   0.0   
223   4499.6   9.941   0.0   11.7373   57822.0   0.0   
224   4549.93   9.9761   0.0   11.7737   57822.0   0.0   
225   4600.26   10.0103   0.0   11.8092   57822.0   0.0   
226   4650.59   10.0439   0.0   11.8437   57822.0   0.0   
227   4700.92   10.0768   0.0   11.8772   57822.0   0.0   
228   4801.58   10.1415   0.0   11.9414   57822.0   0.0   
229   4851.91   10.1739   0.0   11.9722   57822.0   0.0   
230   4902.24   10.2049   0.0   12.0001   57822.0   0.0   
231   4952.58   10.2329   0.0   12.0311   57822.0   0.0   
232   5002.91   10.2565   0.0   12.0593   57822.0   0.0   
233   5053.24   10.2745   0.0   12.0867   57822.0   0.0   
234   5103.57   10.2854   0.0   12.1133   57822.0   0.0   
235   5153.5   10.289   0.0   12.1391   57822.0   0.0   
236   5153.5   11.0427   3.5043   12.7037   633.26   85.03   
237   5204.61   11.0585   3.5187   12.7289   629.89   85.03   
238   5255.32   11.0718   3.5314   12.753   626.87   85.03   
239   5306.04   11.085   3.5435   12.776   624.08   85.03   
240   5356.75   11.0983   3.5551   12.798   621.5   85.03   
241   5407.46   11.1166   3.5661   12.8188   619.71   85.03   
242   5458.17   11.1316   3.5765   12.8387   617.78   85.03   
243   5508.89   11.1457   3.5864   12.8574   615.93   85.03   
244   5559.6   11.159   3.5957   12.8751   614.21   85.03   
245   5610.31   11.1715   3.6044   12.8917   612.62   85.03   
246   5661.0   11.183   3.613   12.907   611.18   85.03   
247   5711.74   11.1941   3.6202   12.9217   609.74   85.03   
248   5813.16   11.2134   3.6337   12.9474   607.31   85.03   
249   5863.87   11.2219   3.6396   12.9586   606.26   85.03   
250   5914.59   11.2295   3.645   12.9688   605.28   85.03   
251   5965.3   11.2364   3.6498   12.9779   604.44   85.03   
252   6016.01   11.2424   3.654   12.9859   603.69   85.03   
253   6066.72   11.2477   3.6577   12.9929   603.04   85.03   
254   6117.44   11.2521   3.6608   12.9988   602.49   85.03   
255   6168.15   11.2557   3.6633   13.0036   602.05   85.03   
256   6218.86   11.2586   3.6653   13.0074   601.7   85.03   
257   6269.57   11.2606   3.6667   13.01   601.46   85.03   
258   6320.29   11.2618   3.6675   13.0117   601.32   85.03   
259   6371.0   11.2622   3.6678   13.0122   601.27   85.03   
