no   depth[km]   vp[km/s]   vs[km/s]   ro[g/cm^3]   qp   qs   
1   0.0   5.8   3.46   2.72   1368.02   599.99   
2   20.0   5.8   3.46   2.72   1368.02   599.99   
3   20.0   6.5   3.85   2.92   972.77   403.93   
4   35.0   6.5   3.85   2.92   972.77   403.93   
5   35.0   8.04   4.48   3.32   182.03   75.6   
6   77.5   8.045   4.49   3.345   182.03   75.6   
7   120.0   8.0505   4.5   3.4268   182.57   76.06   
8   165.0   8.175   4.509   3.3711   188.72   76.55   
9   210.0   8.3007   4.5184   3.3243   200.97   79.4   
10   210.0   8.3007   4.5184   3.3243   338.47   133.72   
11   260.0   8.4822   4.6094   3.3663   346.37   136.38   
12   310.0   8.665   4.6964   3.411   355.85   139.38   
13   360.0   8.8476   4.7832   3.4577   366.34   142.76   
14   410.0   9.0302   4.8702   3.5068   377.93   146.57   
15   410.0   9.3601   5.0806   3.9317   413.66   162.5   
16   460.0   9.528   5.1864   3.9273   417.32   164.87   
17   510.0   9.6962   5.2922   3.9233   419.94   166.8   
18   560.0   9.817   5.3989   3.9218   422.55   168.78   
19   580.0   9.965   5.4412   3.9213   423.73   169.6   
20   600.0   10.0668   5.4835   3.9208   424.92   170.41   
21   620.0   10.0958   5.5258   3.9205   426.15   171.24   
22   630.0   10.0302   5.547   3.9204   426.78   171.66   
23   630.5   10.0341   5.5477   3.9204   426.81   171.68   
24   631.0   10.0379   5.5485   3.9204   426.83   171.69   
25   631.5   10.0418   5.5493   3.9204   426.85   171.71   
26   632.0   10.0456   5.55   3.9204   426.87   171.73   
27   632.5   10.0494   5.5508   3.9204   426.9   171.74   
28   633.0   10.0533   5.5516   3.9204   426.92   171.76   
29   633.5   10.0567   5.5523   3.9204   426.94   171.77   
30   634.0   10.06   5.5531   3.9204   426.97   171.79   
31   634.5   10.0631   5.5538   3.9204   426.99   171.8   
32   635.0   10.0657   5.5546   3.9204   427.01   171.82   
33   635.5   10.0683   5.5554   3.9204   427.03   171.83   
34   636.0   10.0709   5.5561   3.9204   427.06   171.85   
35   636.5   10.0734   5.5569   3.9204   427.08   171.86   
36   637.0   10.076   5.5577   3.9203   427.1   171.88   
37   637.5   10.0786   5.5584   3.9203   427.13   171.89   
38   638.0   10.0812   5.5592   3.9203   427.15   171.91   
39   638.5   10.0838   5.5599   3.9203   427.17   171.92   
40   639.0   10.0864   5.5607   3.9203   427.19   171.94   
41   639.5   10.089   5.5615   3.9203   427.22   171.95   
42   640.0   10.0916   5.5622   3.9203   427.24   171.97   
43   640.5   10.0942   5.563   3.9203   427.26   171.98   
44   641.0   10.0968   5.5638   3.9203   427.29   172.0   
45   641.5   10.0994   5.5645   3.9203   427.31   172.01   
46   642.0   10.1019   5.5653   3.9203   427.33   172.03   
47   642.5   10.1045   5.566   3.9203   427.36   172.04   
48   643.0   10.1071   5.5668   3.9203   427.38   172.06   
49   643.5   10.1097   5.5676   3.9203   427.4   172.07   
50   644.0   10.1123   5.5683   3.9203   427.42   172.09   
51   644.5   10.1149   5.5691   3.9203   427.45   172.11   
52   645.0   10.1175   5.5698   3.9203   427.47   172.12   
53   645.5   10.1201   5.5706   3.9203   427.49   172.14   
54   646.0   10.1227   5.5714   3.9203   427.52   172.15   
55   646.5   10.1253   5.5721   3.9203   427.54   172.17   
56   647.0   10.1279   5.5729   3.9203   427.56   172.18   
57   647.5   10.1305   5.5737   3.9203   427.58   172.2   
58   648.0   10.1324   5.5744   3.9203   427.61   172.21   
59   648.5   10.1336   5.5752   3.9203   427.63   172.23   
60   649.0   10.1348   5.5759   3.9203   427.65   172.24   
61   649.5   10.136   5.5767   3.9203   427.68   172.26   
62   650.0   10.1372   5.5775   3.9203   427.7   172.27   
63   650.5   10.1384   5.5782   3.9203   427.72   172.29   
64   651.0   10.1396   5.579   3.9202   427.75   172.3   
65   651.5   10.1408   5.5798   3.9202   427.77   172.32   
66   652.0   10.142   5.5805   3.9202   427.79   172.33   
67   652.5   10.1432   5.5813   3.9202   427.81   172.35   
68   653.0   10.1444   5.582   3.9202   427.84   172.36   
69   653.5   10.1456   5.5828   3.9202   427.86   172.38   
70   654.0   10.1468   5.5836   3.9202   427.88   172.39   
71   654.5   10.1479   5.5843   3.9202   427.91   172.41   
72   655.0   10.1486   5.5851   3.9202   427.93   172.42   
73   655.5   10.1493   5.5859   3.9202   427.95   172.44   
74   656.0   10.15   5.5866   3.9202   427.97   172.46   
75   656.5   10.1508   5.5874   3.9202   428.0   172.47   
76   657.0   10.1515   5.5881   3.9202   428.02   172.49   
77   657.5   10.1522   5.5889   3.9202   428.04   172.5   
78   658.0   10.153   5.5897   3.9202   428.07   172.52   
79   658.5   10.1537   5.5904   3.9202   428.09   172.53   
80   659.0   10.1544   5.5912   3.9202   428.11   172.55   
81   659.5   10.1552   5.5919   3.9202   428.13   172.56   
82   660.0   10.1559   5.5927   3.9202   428.16   172.58   
83   660.5   10.1566   5.5935   3.9202   428.18   172.59   
84   661.0   10.1574   5.5942   3.9202   428.2   172.61   
85   661.5   10.1581   5.595   3.9202   428.23   172.62   
86   662.0   10.1588   5.5958   3.9202   428.25   172.64   
87   662.5   10.1596   5.5965   3.9202   428.27   172.65   
88   663.0   10.1603   5.5973   3.9202   428.3   172.67   
89   663.5   10.161   5.598   3.9202   428.32   172.68   
90   664.0   10.1618   5.5988   3.9202   428.34   172.7   
91   664.5   10.1625   5.5996   3.9202   428.36   172.71   
92   665.0   10.1632   5.6003   3.9201   428.39   172.73   
93   665.5   10.1632   5.6011   3.9201   428.41   172.74   
94   666.0   10.1631   5.6019   3.9201   428.43   172.76   
95   666.5   10.1631   5.6026   3.9201   428.46   172.77   
96   667.0   10.1631   5.6034   3.9201   428.48   172.79   
97   667.5   10.1631   5.6041   3.9201   428.5   172.81   
98   668.0   10.1627   5.6049   3.9201   428.52   172.82   
99   668.5   10.1621   5.6057   3.9201   428.55   172.84   
100   669.0   10.1615   5.6064   3.9201   428.57   172.85   
101   669.5   10.1609   5.6072   3.9201   428.59   172.87   
102   670.0   10.1603   5.608   3.9201   428.62   172.88   
103   670.5   10.1597   5.6087   3.9201   428.64   172.9   
104   671.0   10.1591   5.6095   3.9201   428.66   172.91   
105   671.5   10.1585   5.6102   3.9201   428.69   172.93   
106   672.0   10.1579   5.621   3.9297   456.51   184.29   
107   672.5   10.1573   5.6344   3.9419   491.77   198.69   
108   673.0   10.1567   5.6478   3.9541   527.03   213.09   
109   673.5   10.1561   5.6612   3.9663   562.29   227.5   
110   674.0   10.1555   5.6746   3.9785   597.55   241.9   
111   674.5   10.1549   5.688   3.9906   632.81   256.3   
112   675.0   10.1571   5.7014   4.0028   668.07   270.7   
113   675.5   10.1567   5.7148   4.015   703.33   285.1   
114   676.0   10.1605   5.7282   4.0272   738.59   299.51   
115   676.5   10.1776   5.7416   4.0394   773.85   313.91   
116   677.0   10.1993   5.755   4.0516   809.11   328.31   
117   677.5   10.2041   5.7684   4.0638   844.37   342.71   
118   678.0   10.2043   5.7818   4.076   879.64   357.11   
119   678.5   10.2044   5.7952   4.0881   914.9   371.52   
120   679.0   10.2065   5.8086   4.1003   950.16   385.92   
121   679.5   10.2414   5.822   4.1125   985.42   400.32   
122   680.0   10.2499   5.8354   4.1247   1020.68   414.72   
123   680.5   10.2637   5.8488   4.1369   1055.94   429.12   
124   681.0   10.2651   5.8622   4.1491   1091.2   443.53   
125   681.5   10.2664   5.8756   4.1613   1126.46   457.93   
126   682.0   10.2741   5.8889   4.1734   1161.72   472.33   
127   682.5   10.2747   5.9023   4.1856   1196.98   486.73   
128   683.0   10.323   5.9157   4.1978   1232.24   501.13   
129   683.5   10.3717   5.9291   4.21   1267.5   515.53   
130   684.0   10.4207   5.9425   4.2222   1302.77   529.94   
131   684.5   10.447   5.9559   4.2344   1338.03   544.34   
132   685.0   10.4677   5.9654   4.2409   1349.11   549.23   
133   685.5   10.4883   5.9727   4.2443   1346.89   548.9   
134   686.0   10.509   5.98   4.2476   1344.66   548.56   
135   686.5   10.5296   5.9872   4.251   1342.44   548.22   
136   687.0   10.5503   5.9945   4.2544   1340.22   547.89   
137   687.5   10.571   6.0018   4.2578   1338.0   547.55   
138   688.0   10.5916   6.0091   4.2612   1335.78   547.21   
139   688.5   10.6123   6.0164   4.2645   1333.56   546.88   
140   689.0   10.6329   6.0237   4.2679   1331.34   546.54   
141   689.5   10.6236   6.0309   4.2713   1329.12   546.2   
142   690.0   10.6049   6.0382   4.2746   1326.92   545.87   
143   710.0   10.9342   6.0898   4.2986   1311.17   543.48   
144   730.0   10.9475   6.1379   4.3218   1297.87   541.14   
145   750.0   10.8494   6.186   4.3449   1284.58   538.8   
146   760.0   10.9032   6.21   4.3565   1277.93   537.63   
147   809.5   11.0064   6.2424   4.4118   1269.44   531.91   
148   859.0   11.0934   6.2799   4.465   1260.68   526.32   
149   908.5   11.175   6.3164   4.5162   1251.69   520.83   
150   958.0   11.3897   6.3519   4.5654   1243.02   515.46   
151   1007.5   11.4704   6.386   4.5926   1234.54   510.2   
152   1057.0   11.5493   6.4182   4.6198   1226.52   505.05   
153   1106.5   11.6265   6.4514   4.6467   1217.91   500.0   
154   1156.0   11.702   6.4822   4.6735   1210.02   495.05   
155   1205.5   11.7768   6.5131   4.7001   1202.04   490.2   
156   1255.0   11.8491   6.5431   4.7266   1193.99   485.44   
157   1304.5   11.9208   6.5728   4.7528   1186.06   480.77   
158   1354.0   11.9891   6.6009   4.779   1178.19   476.19   
159   1403.5   12.0571   6.6285   4.805   1170.53   471.7   
160   1453.0   12.1247   6.6554   4.8307   1163.16   467.29   
161   1502.5   12.1912   6.6813   4.8562   1156.04   462.96   
162   1552.0   12.2558   6.707   4.8817   1148.76   458.72   
163   1601.5   12.3181   6.7323   4.9069   1141.32   454.55   
164   1651.0   12.3813   6.7579   4.9321   1134.01   450.45   
165   1700.5   12.4427   6.782   4.957   1127.02   446.43   
166   1750.0   12.503   6.8056   4.9817   1120.09   442.48   
167   1799.5   12.5638   6.8289   5.0062   1108.58   436.68   
168   1849.0   12.6226   6.8517   5.0306   1097.16   431.03   
169   1898.5   12.6807   6.8743   5.0548   1085.97   425.53   
170   1948.0   12.7384   6.8972   5.0789   1070.38   418.41   
171   1997.5   12.7956   6.9194   5.1027   1064.23   414.94   
172   2047.0   12.8524   6.9416   5.1264   1058.03   411.52   
173   2096.5   12.9093   6.9625   5.1499   1048.09   406.5   
174   2146.0   12.9663   6.9852   5.1732   1042.07   403.23   
175   2195.5   13.0226   7.0069   5.1963   1032.14   398.41   
176   2245.0   13.0786   7.0286   5.2192   1018.38   392.16   
177   2294.5   13.1337   7.0504   5.242   1008.79   387.6   
178   2344.0   13.1895   7.0722   5.2646   999.44   383.14   
179   2393.5   13.2465   7.0932   5.287   990.77   378.79   
180   2443.0   13.3017   7.1144   5.3092   985.63   375.94   
181   2492.5   13.3584   7.1368   5.3313   976.81   371.75   
182   2542.0   13.4156   7.1584   5.3531   968.46   367.65   
183   2591.5   13.4741   7.1804   5.3748   960.36   363.64   
184   2640.0   13.5311   7.2031   5.3962   952.0   359.71   
185   2690.0   13.5899   7.2253   5.4176   940.88   354.61   
186   2740.0   13.6498   7.2485   5.4387   933.21   350.88   
187   2740.0   13.6498   7.2485   5.6934   722.73   271.74   
188   2789.67   13.6533   7.2593   5.7196   726.87   273.97   
189   2839.33   13.657   7.27   5.7458   725.11   273.97   
190   2891.5   13.6601   7.2817   5.7721   723.12   273.97   
191   2891.5   8.0   0.0   9.9145   57822.0   0.0   
192   2939.33   8.0382   0.0   9.9942   57822.0   0.0   
193   2989.66   8.1283   0.0   10.0722   57822.0   0.0   
194   3039.99   8.2213   0.0   10.1485   57822.0   0.0   
195   3090.32   8.3122   0.0   10.2233   57822.0   0.0   
196   3140.66   8.4001   0.0   10.2964   57822.0   0.0   
197   3190.99   8.4861   0.0   10.3679   57822.0   0.0   
198   3241.32   8.5692   0.0   10.4378   57822.0   0.0   
199   3291.65   8.6496   0.0   10.5062   57822.0   0.0   
200   3341.98   8.7283   0.0   10.5731   57822.0   0.0   
201   3392.31   8.8036   0.0   10.6385   57822.0   0.0   
202   3442.64   8.8761   0.0   10.7023   57822.0   0.0   
203   3492.97   8.9461   0.0   10.7647   57822.0   0.0   
204   3543.3   9.0138   0.0   10.8257   57822.0   0.0   
205   3593.64   9.0792   0.0   10.8852   57822.0   0.0   
206   3643.97   9.1426   0.0   10.9434   57822.0   0.0   
207   3694.3   9.2042   0.0   11.0001   57822.0   0.0   
208   3744.63   9.2634   0.0   11.0555   57822.0   0.0   
209   3794.96   9.3205   0.0   11.1095   57822.0   0.0   
210   3845.29   9.376   0.0   11.1623   57822.0   0.0   
211   3895.62   9.4297   0.0   11.2137   57822.0   0.0   
212   3945.95   9.4814   0.0   11.2639   57822.0   0.0   
213   3996.28   9.5306   0.0   11.3127   57822.0   0.0   
214   4046.62   9.5777   0.0   11.3604   57822.0   0.0   
215   4096.95   9.6232   0.0   11.4069   57822.0   0.0   
216   4147.28   9.6673   0.0   11.4521   57822.0   0.0   
217   4197.61   9.71   0.0   11.4962   57822.0   0.0   
218   4247.94   9.7513   0.0   11.5391   57822.0   0.0   
219   4298.27   9.7914   0.0   11.5809   57822.0   0.0   
220   4348.6   9.8304   0.0   11.6216   57822.0   0.0   
221   4398.93   9.8682   0.0   11.6612   57822.0   0.0   
222   4449.26   9.9051   0.0   11.6998   57822.0   0.0   
223   4499.6   9.941   0.0   11.7373   57822.0   0.0   
224   4549.93   9.9761   0.0   11.7737   57822.0   0.0   
225   4600.26   10.0103   0.0   11.8092   57822.0   0.0   
226   4650.59   10.0439   0.0   11.8437   57822.0   0.0   
227   4700.92   10.0768   0.0   11.8772   57822.0   0.0   
228   4801.58   10.1415   0.0   11.9414   57822.0   0.0   
229   4851.91   10.1739   0.0   11.9722   57822.0   0.0   
230   4902.24   10.2049   0.0   12.0001   57822.0   0.0   
231   4952.58   10.2329   0.0   12.0311   57822.0   0.0   
232   5002.91   10.2565   0.0   12.0593   57822.0   0.0   
233   5053.24   10.2745   0.0   12.0867   57822.0   0.0   
234   5103.57   10.2854   0.0   12.1133   57822.0   0.0   
235   5153.5   10.289   0.0   12.1391   57822.0   0.0   
236   5153.5   11.0427   3.5043   12.7037   633.26   85.03   
237   5204.61   11.0585   3.5187   12.7289   629.89   85.03   
238   5255.32   11.0718   3.5314   12.753   626.87   85.03   
239   5306.04   11.085   3.5435   12.776   624.08   85.03   
240   5356.75   11.0983   3.5551   12.798   621.5   85.03   
241   5407.46   11.1166   3.5661   12.8188   619.71   85.03   
242   5458.17   11.1316   3.5765   12.8387   617.78   85.03   
243   5508.89   11.1457   3.5864   12.8574   615.93   85.03   
244   5559.6   11.159   3.5957   12.8751   614.21   85.03   
245   5610.31   11.1715   3.6044   12.8917   612.62   85.03   
246   5661.0   11.183   3.613   12.907   611.18   85.03   
247   5711.74   11.1941   3.6202   12.9217   609.74   85.03   
248   5813.16   11.2134   3.6337   12.9474   607.31   85.03   
249   5863.87   11.2219   3.6396   12.9586   606.26   85.03   
250   5914.59   11.2295   3.645   12.9688   605.28   85.03   
251   5965.3   11.2364   3.6498   12.9779   604.44   85.03   
252   6016.01   11.2424   3.654   12.9859   603.69   85.03   
253   6066.72   11.2477   3.6577   12.9929   603.04   85.03   
254   6117.44   11.2521   3.6608   12.9988   602.49   85.03   
255   6168.15   11.2557   3.6633   13.0036   602.05   85.03   
256   6218.86   11.2586   3.6653   13.0074   601.7   85.03   
257   6269.57   11.2606   3.6667   13.01   601.46   85.03   
258   6320.29   11.2618   3.6675   13.0117   601.32   85.03   
259   6371.0   11.2622   3.6678   13.0122   601.27   85.03   
