T_sec   15.0   15.5   16.0   16.5   17.0   17.5   18.0   18.5   19.0   19.5   20.0   20.5   21.0   21.5   22.0   22.5   23.0   23.5   24.0   24.5   25.0   25.5   26.0   26.5   27.0   27.5   28.0   28.5   29.0   29.5   30.0   30.5   31.0   31.5   32.0   32.5   33.0   33.5   34.0   34.5   35.0   35.5   36.0   36.5   37.0   37.5   38.0   38.5   39.0   39.5   40.0   40.5   41.0   41.5   42.0   42.5   43.0   43.5   44.0   44.5   45.0   45.5   46.0   46.5   47.0   47.5   48.0   48.5   49.0   49.5   50.0   50.5   51.0   51.5   52.0   52.5   53.0   53.5   54.0   54.5   55.0   
U0   0   0   0   0   0   0   0   0   0   0   0   0   0   0   0   0   0   0   0   0   0   0   0   0   0   0   0   0   0   0   0   0   0   0   0   0   0   0   0   0   0   0   0   0   0   0   0   0   0   0   0   0   0   0   0   0   0   0   0   0   0   0   0   0   0   0   0   0   0   0   0   0   0   0   0   0   0   0   0   0   0   
T_sec   15.0   15.5   16.0   16.5   17.0   17.5   18.0   18.5   19.0   19.5   20.0   20.5   21.0   21.5   22.0   22.5   23.0   23.5   24.0   24.5   25.0   25.5   26.0   26.5   27.0   27.5   28.0   28.5   29.0   29.5   30.0   30.5   31.0   31.5   32.0   32.5   33.0   33.5   34.0   34.5   35.0   35.5   36.0   36.5   37.0   37.5   38.0   38.5   39.0   39.5   40.0   40.5   41.0   41.5   42.0   42.5   43.0   43.5   44.0   44.5   45.0   45.5   46.0   46.5   47.0   47.5   48.0   48.5   49.0   49.5   50.0   50.5   51.0   51.5   52.0   52.5   53.0   53.5   54.0   54.5   55.0   
U1   -0.046989785283590636   0.10542674308674768   0.10126092428645259   0.1545033695685472   0.23415064947540984   0.12045114006356021   -0.01096354484323235   -0.03421658175728994   0.04847795545437881   -0.3876657511675107   0.1005427041300819   -0.18618359156251538   0.39614116824118084   -0.08683337296401422   -0.0289565739579989   -0.2766365081677435   0.02747536639476341   0.021502026688804216   0.0790350782684681   0.08844049100226883   0.05418228385525794   -0.23776076988170813   0.11278512712413441   0.027194536406817283   -0.05524597344687463   0.15752682070864593   0.17884523435001348   0.16133695136883788   -0.1579415390974639   -0.03859502403604715   -0.023571831051162496   -0.14463272088953896   -0.24707147968276222   0.04965146298150366   0.1471231571953426   0.27845176307686687   -0.1399937599057088   0.05089513478289207   -0.1874891519411664   0.2650607727401308   0.06860204697756692   0.08590853707526626   -0.07727620757326145   0.25090792804344747   0.10923103383649832   0.4832849924091059   1.0   0.31868685597832125   0.08830834859548611   -0.29808572885756873   -0.117869640286142   0.07228113493608661   0.24658247515945644   0.30576839976785436   -0.11550512879032855   -0.1991095491441119   -0.0052901252170423525   -0.1714252394534982   -0.0960440371048836   -0.03047115611688487   0.11775226937314116   -0.06825373497411355   0.27235719308182976   0.12643693206401416   0.041119846663533945   0.06822590358803962   -0.018614388013461776   -0.3044521063622122   -0.05715812194582821   0.033703366204124965   0.08362977050644708   0.24405739881464483   0.012318031290250487   0.10117063083762022   0.11878717662213745   -0.2850599286228509   -0.24709115692392336   -0.17939112451078684   -0.09557411510950146   -0.21609538695693184   -0.22614058998304315   
T_sec   15.0   15.5   16.0   16.5   17.0   17.5   18.0   18.5   19.0   19.5   20.0   20.5   21.0   21.5   22.0   22.5   23.0   23.5   24.0   24.5   25.0   25.5   26.0   26.5   27.0   27.5   28.0   28.5   29.0   29.5   30.0   30.5   31.0   31.5   32.0   32.5   33.0   33.5   34.0   34.5   35.0   35.5   36.0   36.5   37.0   37.5   38.0   38.5   39.0   39.5   40.0   40.5   41.0   41.5   42.0   42.5   43.0   43.5   44.0   44.5   45.0   45.5   46.0   46.5   47.0   47.5   48.0   48.5   49.0   49.5   50.0   50.5   51.0   51.5   52.0   52.5   53.0   53.5   54.0   54.5   55.0   
U2   -0.14419384801301027   -0.10304413564372226   0.004824910951721565   0.07550566827390282   -0.27740368686612604   0.20869685787848136   -0.19697980502939952   0.24060140515906886   -0.1907969217712044   0.09094555852005917   -0.015186196932320904   0.329886734822412   0.22507876863579454   -0.14443425500879936   -0.09041407513492879   -0.2007751449873386   -0.08965534353198143   -0.008804843193649395   -0.08009402313255813   0.213506565187323   0.12197931901638306   0.16535395135349404   0.030375068966692533   -0.1870868618919204   -0.03668044739333496   0.08517429394516919   0.005919864555728857   0.05378122367828021   0.013890648222603934   0.2363214745532728   -0.161276738584233   -0.18353182540809207   -0.1219784610266488   -0.0073921691892138205   0.08390578404077163   0.032319700309873634   0.20345866089638812   0.16313252620173   -0.09537231473937459   0.0022331945262971434   0.08730556374621043   0.2671981335318147   0.1857306066053431   0.05392648163050922   0.22515946939281484   0.2717327556669285   1.0   0.9560983176317842   0.3624358768919402   0.2966148406697456   -0.0665107363860598   0.21274376449023583   0.3258637432088929   0.19452922971172149   -0.35626899201102746   -0.249850233289162   0.15070023752864256   -0.38246947957984345   -0.0355488474866807   0.007637661162197679   0.35308385398746067   0.18484251930661405   0.3269823597712569   -0.06627536747924463   -0.01175314664654789   -0.25716478835359624   -0.05873954393365306   -0.057659734863076   -0.12238957006587928   -0.16981888382120439   -0.08529209767965605   -0.00804869740373986   -0.08091693395585739   -0.3191843431319008   -0.17730764961709525   -0.021296425381117357   -0.033647237884704   0.01735177901799606   -0.02877779242579586   -0.24966366069825977   -0.27426702455486746   
T_sec   15.0   15.5   16.0   16.5   17.0   17.5   18.0   18.5   19.0   19.5   20.0   20.5   21.0   21.5   22.0   22.5   23.0   23.5   24.0   24.5   25.0   25.5   26.0   26.5   27.0   27.5   28.0   28.5   29.0   29.5   30.0   30.5   31.0   31.5   32.0   32.5   33.0   33.5   34.0   34.5   35.0   35.5   36.0   36.5   37.0   37.5   38.0   38.5   39.0   39.5   40.0   40.5   41.0   41.5   42.0   42.5   43.0   43.5   44.0   44.5   45.0   45.5   46.0   46.5   47.0   47.5   48.0   48.5   49.0   49.5   50.0   50.5   51.0   51.5   52.0   52.5   53.0   53.5   54.0   54.5   55.0   
U3   0.36143438104831055   0.09661844996981278   0.03164231988574652   -0.19103739111398535   -0.12495860791804687   -0.1753971588600382   -0.23008552427853124   0.023585318396886722   -0.30471333701136966   -0.050992750838303576   0.22512363570396882   0.28892587235882733   0.18363590354004455   0.385023467100945   0.06310768039954241   0.1959634464244169   0.23614516385661524   0.4811140249994405   -0.043950175134256156   -0.10830444128774468   0.1513518107575991   -0.09401295516292095   -0.19738978055159567   -0.23299559607033316   0.06320407691408783   -0.23409972614982125   -0.3912438145015992   0.08976219221813672   -0.21466899403739026   -0.21002727311669875   -0.11596805062618812   0.18394442546871215   0.010242943708414007   0.12004077076660671   -0.19914865232470091   -0.36157808983344214   0.012402279811842918   0.21795339243898354   0.015622083668832628   0.36177027069186257   0.0417417386027215   0.07264447763851543   0.21001758931654718   -0.27193535415384873   -0.08350576872145916   0.43801624159540004   0.9069239230589756   1.0   0.4257023864754072   0.45437543719777307   0.10730766250845386   0.390237198798678   0.23954957268076923   -0.01734918137500021   -0.09600915572081468   -0.08105410201067094   -0.05181691315221217   0.025581151357522477   -0.014256420514581779   0.12951857260385902   0.23614240950332638   0.4221782734842072   0.18574942158160676   0.06446799359568475   -0.016390161252318045   -0.4414603475758576   0.1559335627031919   0.04275785748748817   -0.10641401860115995   0.1716688696163377   0.049707483611267624   0.158220787473058   0.023438650279641423   -0.047226562467057   -0.039001287251334574   -0.06736056085733841   0.17088903531132957   0.11123129522957001   0.033299822590658   -0.32671883147436637   -0.044171296363513836   
T_sec   15.0   15.5   16.0   16.5   17.0   17.5   18.0   18.5   19.0   19.5   20.0   20.5   21.0   21.5   22.0   22.5   23.0   23.5   24.0   24.5   25.0   25.5   26.0   26.5   27.0   27.5   28.0   28.5   29.0   29.5   30.0   30.5   31.0   31.5   32.0   32.5   33.0   33.5   34.0   34.5   35.0   35.5   36.0   36.5   37.0   37.5   38.0   38.5   39.0   39.5   40.0   40.5   41.0   41.5   42.0   42.5   43.0   43.5   44.0   44.5   45.0   45.5   46.0   46.5   47.0   47.5   48.0   48.5   49.0   49.5   50.0   50.5   51.0   51.5   52.0   52.5   53.0   53.5   54.0   54.5   55.0   
U4   -0.02763578607737378   -0.00300678282362662   0.12160786309712722   0.14616142127278944   -0.09835060775117989   -0.26018952416194935   0.18153473147313243   0.04019597979663184   -0.021719022878044857   -0.1023470773335428   -0.05908342485473489   -0.013320494289289877   -0.0481793915966424   0.20962116551007515   0.016290179282263225   0.1739962471721187   0.06018618030915256   -0.009084010971213866   0.061250497691452785   -0.10826909881070441   0.029548729503897406   0.11081585567772063   -0.09017621261818494   0.25760878666575016   0.4060648176803699   -0.11199326389459817   0.14267506267367505   0.042455007541735694   0.07297712544784757   -0.13439354837883763   0.0525766724881861   -0.010988150367294164   -0.10973054359137782   -0.10268002939602187   0.24726689329687898   -0.07666298836994441   -0.06326932918050361   0.24357854635717588   -0.08424969436364976   -0.14000422489601602   -0.11282583247035877   -0.071086986192863   -0.07972833814075013   -0.10623520511817966   0.38837254207053534   0.28768638446609146   0.44111123804637653   1.0   0.5077770041594606   0.37811381633482816   0.3065632152018428   0.546672998578654   0.21619209144861684   -0.1774695529755195   0.16839268127329332   0.2262039607796267   -0.2169627308945534   0.24360357665789506   0.2518323819818959   0.194297287407901   0.23241625011030395   0.09833542045519136   -0.12345553131152627   -0.2644636143519537   -0.23120789435202038   0.04340873003907276   -0.21098761548939296   -0.21690268212987468   -0.22184038442477   0.07251000338702877   -0.028940242840810215   -0.16394136841054993   0.16440208474709334   -0.2076946562706419   -0.10301175121899603   0.1390404398301103   0.015974514849219648   -0.2970953184291959   -0.1921801212901645   -0.11579553298067194   -0.11645451141394324   
T_sec   15.0   15.5   16.0   16.5   17.0   17.5   18.0   18.5   19.0   19.5   20.0   20.5   21.0   21.5   22.0   22.5   23.0   23.5   24.0   24.5   25.0   25.5   26.0   26.5   27.0   27.5   28.0   28.5   29.0   29.5   30.0   30.5   31.0   31.5   32.0   32.5   33.0   33.5   34.0   34.5   35.0   35.5   36.0   36.5   37.0   37.5   38.0   38.5   39.0   39.5   40.0   40.5   41.0   41.5   42.0   42.5   43.0   43.5   44.0   44.5   45.0   45.5   46.0   46.5   47.0   47.5   48.0   48.5   49.0   49.5   50.0   50.5   51.0   51.5   52.0   52.5   53.0   53.5   54.0   54.5   55.0   
U5   0.16247320141913035   0.4102171672068844   -0.31600498165534147   -0.00031721376042729687   0.3236633108027888   0.041603522405412825   -0.11526671658679409   0.09337819971494324   0.3214884275611656   -0.15219837374636383   -0.11262261383638884   0.15335144204038445   -0.03693447910167597   -0.13497640590480858   0.1630069414686085   0.051928352659475326   -0.2908852092787031   0.057187205541654275   0.47434430738857647   0.29338214039757776   -0.036336016297736584   -0.0004758789165152327   -0.191092263099672   -0.10712599375899548   0.23714294467892802   0.06642317062125903   -0.1308882297859693   0.0889668390349067   -0.12354762297949023   -0.1062642239260174   0.03065839450668708   0.13312127734183435   0.22237091939683298   0.24200735556342934   0.02724731084962169   0.04627586477316671   0.25427602571742336   0.03844625036094669   0.16198501177792812   0.31112390367724335   -0.007709347639591738   0.07802579638860115   0.20956402998531157   0.03525978657745464   0.08019914708016977   -0.0709297242547245   0.054154249416923074   0.6527522148753755   1.0   0.42658352085133106   0.5963273608048117   0.38499949946579054   0.45438860654175045   -0.21051684137068827   -0.265357399722464   -0.031132675734739792   0.06880120912374706   0.13434292164982198   0.3856987654152648   0.28280574267241526   0.002091768512786903   -0.1882322000663475   -0.14118618251239862   0.07419193853994681   -0.31963526379149415   -0.022035088667852684   0.12478076942705815   0.01585283476438575   -0.0833286892832915   -0.24841735649361724   -0.11142092253242303   -0.09587712518971665   0.14789694868547054   -0.10721291656670333   0.018981432794902154   -0.5251604627408794   -0.13617390883425023   -0.1643316792435559   -0.0550420310187939   0.04744032654537572   -0.27693624648669674   
T_sec   15.0   15.5   16.0   16.5   17.0   17.5   18.0   18.5   19.0   19.5   20.0   20.5   21.0   21.5   22.0   22.5   23.0   23.5   24.0   24.5   25.0   25.5   26.0   26.5   27.0   27.5   28.0   28.5   29.0   29.5   30.0   30.5   31.0   31.5   32.0   32.5   33.0   33.5   34.0   34.5   35.0   35.5   36.0   36.5   37.0   37.5   38.0   38.5   39.0   39.5   40.0   40.5   41.0   41.5   42.0   42.5   43.0   43.5   44.0   44.5   45.0   45.5   46.0   46.5   47.0   47.5   48.0   48.5   49.0   49.5   50.0   50.5   51.0   51.5   52.0   52.5   53.0   53.5   54.0   54.5   55.0   
U6   0.2460891775053338   0.13379239687435726   0.026582209263820815   -0.10807228530520421   0.14429174235005085   -0.12031482370574338   0.1840503571881154   -0.08360773969426313   -0.07738926743700283   -0.019261298519512186   -0.16245467922155202   -0.01853845008643994   -0.06872799648174267   0.10169082591154371   0.009986224938943604   -0.09132452981156276   0.02640245862717075   0.033419475363263035   -0.0665288183265462   -0.0616294539762718   -0.018357637058005177   -0.23208334335918518   0.09981033962216708   0.062137539586331135   -0.20965114600304768   -0.023383528500857637   -0.0752862487183114   0.009178164715549832   -0.0420313740786373   -0.1304355590804647   -0.03404297164463725   0.31252938813986847   -0.1380987138411135   0.056460627769210056   0.20632351453284387   0.147152978983173   0.1324203312953191   0.03131718965272099   0.12868901950271286   0.004515447313223186   0.0027808773352759964   0.044217020999002994   -0.06313695781833158   -0.08966391899562798   0.012489375030068302   0.1572099420406655   0.1608065923734442   0.21674684654266108   0.8884260906421607   1.0   0.5405514595107205   0.8289320208819881   0.4471834441849164   -0.23451340850383565   -0.25968638650947234   0.1321714130385323   0.2652843066733636   0.7165921951354393   0.29807372225491285   -0.4556858710900655   -0.9023647832325816   -0.43824032851072264   0.025818616452710372   -0.1646066071110152   -0.38055273840134685   -0.1035789785600486   -0.18847323131053426   0.013213369498525447   -0.20992252590494517   -0.05634902465393507   -0.20012948230594793   0.052575769589230256   0.17584470116027848   0.1104229536553413   -0.05732050057941311   -0.10297540608535105   -0.020443567861017767   -0.029394440319272554   -0.2942639606155098   -0.04599854021447892   -0.3782423752394175   
T_sec   15.0   15.5   16.0   16.5   17.0   17.5   18.0   18.5   19.0   19.5   20.0   20.5   21.0   21.5   22.0   22.5   23.0   23.5   24.0   24.5   25.0   25.5   26.0   26.5   27.0   27.5   28.0   28.5   29.0   29.5   30.0   30.5   31.0   31.5   32.0   32.5   33.0   33.5   34.0   34.5   35.0   35.5   36.0   36.5   37.0   37.5   38.0   38.5   39.0   39.5   40.0   40.5   41.0   41.5   42.0   42.5   43.0   43.5   44.0   44.5   45.0   45.5   46.0   46.5   47.0   47.5   48.0   48.5   49.0   49.5   50.0   50.5   51.0   51.5   52.0   52.5   53.0   53.5   54.0   54.5   55.0   
U7   0   0   0   0   0   0   0   0   0   0   0   0   0   0   0   0   0   0   0   0   0   0   0   0   0   0   0   0   0   0   0   0   0   0   0   0   0   0   0   0   0   0   0   0   0   0   0   0   0   0   0   0   0   0   0   0   0   0   0   0   0   0   0   0   0   0   0   0   0   0   0   0   0   0   0   0   0   0   0   0   0   
T_sec   15.0   15.5   16.0   16.5   17.0   17.5   18.0   18.5   19.0   19.5   20.0   20.5   21.0   21.5   22.0   22.5   23.0   23.5   24.0   24.5   25.0   25.5   26.0   26.5   27.0   27.5   28.0   28.5   29.0   29.5   30.0   30.5   31.0   31.5   32.0   32.5   33.0   33.5   34.0   34.5   35.0   35.5   36.0   36.5   37.0   37.5   38.0   38.5   39.0   39.5   40.0   40.5   41.0   41.5   42.0   42.5   43.0   43.5   44.0   44.5   45.0   45.5   46.0   46.5   47.0   47.5   48.0   48.5   49.0   49.5   50.0   50.5   51.0   51.5   52.0   52.5   53.0   53.5   54.0   54.5   55.0   
U8   0.056579328902270014   0.06748382726088846   0.02451967846446732   0.3231854536812727   -0.0349096124990451   -0.18729392283254714   -0.013978963641181383   0.20493208572682622   -0.009995037158813868   -0.15828772934291238   -0.07197820168584314   -0.3295450077412276   0.051793636654483284   -0.06302693305388184   -0.003843492241931373   0.06230786306593055   -0.19895523572636412   -0.0791541426811671   0.08992313486933362   -0.027716966496241925   0.02447609175951077   0.3324147879565481   0.10126647799063336   0.09546159795326888   -0.10748684541110852   -0.13469198748843514   -0.11562848033870646   -0.07197889328509326   0.05308690843505431   0.01982984459015111   -0.15967523341128267   0.10956895513992619   -0.13888784951391484   0.030939384464279553   0.011792650392590294   0.0553386063340558   0.0027460192242609476   -0.1364388936981707   -0.025843055050094103   -0.03938140519838093   -0.042233109987249336   -0.08249069285987967   0.18558380628278345   0.02256089935131115   0.01423420114489657   -0.01783022813099814   0.052260925716387595   -0.00018716314470795583   0.11752575150635658   0.5879729473821375   1.0   0.7879514080357191   0.323289902572756   -0.26968496971634087   0.07245512911276938   0.641008103658668   0.6368074836899793   -0.03649213044368024   -0.28263773321706986   -0.22816179025682246   0.2249075908862534   -0.13047364529476888   -0.13438276788057196   -0.25230455147699704   -0.12504219708894113   0.08862053899191388   -0.23138136414011315   0.057241214105108414   -0.10652898541938462   0.06532590850651362   0.05076910354701093   -0.07378117657855368   -0.11622735024878754   0.007689547262428653   -0.28739888253359364   0.05330745843850005   -0.1288098507596991   0.0249677212497623   -0.24960623884356542   -0.2866003324169228   0.0748621144924263   
T_sec   15.0   15.5   16.0   16.5   17.0   17.5   18.0   18.5   19.0   19.5   20.0   20.5   21.0   21.5   22.0   22.5   23.0   23.5   24.0   24.5   25.0   25.5   26.0   26.5   27.0   27.5   28.0   28.5   29.0   29.5   30.0   30.5   31.0   31.5   32.0   32.5   33.0   33.5   34.0   34.5   35.0   35.5   36.0   36.5   37.0   37.5   38.0   38.5   39.0   39.5   40.0   40.5   41.0   41.5   42.0   42.5   43.0   43.5   44.0   44.5   45.0   45.5   46.0   46.5   47.0   47.5   48.0   48.5   49.0   49.5   50.0   50.5   51.0   51.5   52.0   52.5   53.0   53.5   54.0   54.5   55.0   
U9   0.006713875543431034   0.08347198657256188   0.1020049273184998   0.08350537649445929   -0.060387186241072   -0.045031386132804656   0.032632009657626526   0.2829018323293946   -0.06429849429497628   0.36731505386434204   -0.02172153973540041   -0.2396758161846942   0.47642550128981764   -0.17905757287431273   -0.07822341430811916   -0.08064316572996098   -0.2915859908873177   -0.2979007121721165   0.12557829959747838   -0.1082223730126477   -0.29294430188867765   -0.1760702863315959   0.07967578337187177   0.13493827580705148   -0.2909036838024001   0.22776229060845504   -0.047110560199928334   0.16162135845357647   0.034414137220630296   -0.04175041772914273   0.012752550334465986   0.0645190859710513   0.07430587232045137   0.26715796333056613   -0.07605445183313272   0.31354510591853096   0.2647617938282846   -0.048828932782994494   -0.04073827474493437   -0.14116322768759543   0.09998603965948313   0.1663889679608972   -0.21666736612337475   0.07879218065116139   -0.03138336125985104   0.1735114552576176   0.14015130281127275   0.10096770906325044   0.12459749549872627   0.4085429237928847   0.8418229071171034   1.0   0.40691114432301945   -0.20191803282265053   0.27662816180318656   0.8293840104784695   0.05729862593118465   -0.5983044630499774   0.015158013046408514   -0.3694669796876428   -0.10276757258614501   -0.1539454943344567   -0.1830929436093028   -0.3442139831834544   0.005395486773538433   0.05952473933083655   0.20810929137223338   -0.032694928942184266   -0.2540123266900721   -0.03317308103529091   0.11435517116742719   -0.1188491183079881   -0.3200531745737485   0.1620888555269418   -0.027551476045225943   -0.20637304304526588   -0.15166310582398654   -0.1861612523629566   -0.0877295979670069   -0.23168722769990407   0.07510637259563432   
T_sec   15.0   15.5   16.0   16.5   17.0   17.5   18.0   18.5   19.0   19.5   20.0   20.5   21.0   21.5   22.0   22.5   23.0   23.5   24.0   24.5   25.0   25.5   26.0   26.5   27.0   27.5   28.0   28.5   29.0   29.5   30.0   30.5   31.0   31.5   32.0   32.5   33.0   33.5   34.0   34.5   35.0   35.5   36.0   36.5   37.0   37.5   38.0   38.5   39.0   39.5   40.0   40.5   41.0   41.5   42.0   42.5   43.0   43.5   44.0   44.5   45.0   45.5   46.0   46.5   47.0   47.5   48.0   48.5   49.0   49.5   50.0   50.5   51.0   51.5   52.0   52.5   53.0   53.5   54.0   54.5   55.0   
U10   0   0   0   0   0   0   0   0   0   0   0   0   0   0   0   0   0   0   0   0   0   0   0   0   0   0   0   0   0   0   0   0   0   0   0   0   0   0   0   0   0   0   0   0   0   0   0   0   0   0   0   0   0   0   0   0   0   0   0   0   0   0   0   0   0   0   0   0   0   0   0   0   0   0   0   0   0   0   0   0   0   
T_sec   15.0   15.5   16.0   16.5   17.0   17.5   18.0   18.5   19.0   19.5   20.0   20.5   21.0   21.5   22.0   22.5   23.0   23.5   24.0   24.5   25.0   25.5   26.0   26.5   27.0   27.5   28.0   28.5   29.0   29.5   30.0   30.5   31.0   31.5   32.0   32.5   33.0   33.5   34.0   34.5   35.0   35.5   36.0   36.5   37.0   37.5   38.0   38.5   39.0   39.5   40.0   40.5   41.0   41.5   42.0   42.5   43.0   43.5   44.0   44.5   45.0   45.5   46.0   46.5   47.0   47.5   48.0   48.5   49.0   49.5   50.0   50.5   51.0   51.5   52.0   52.5   53.0   53.5   54.0   54.5   55.0   
U11   0   0   0   0   0   0   0   0   0   0   0   0   0   0   0   0   0   0   0   0   0   0   0   0   0   0   0   0   0   0   0   0   0   0   0   0   0   0   0   0   0   0   0   0   0   0   0   0   0   0   0   0   0   0   0   0   0   0   0   0   0   0   0   0   0   0   0   0   0   0   0   0   0   0   0   0   0   0   0   0   0   
T_sec   15.0   15.5   16.0   16.5   17.0   17.5   18.0   18.5   19.0   19.5   20.0   20.5   21.0   21.5   22.0   22.5   23.0   23.5   24.0   24.5   25.0   25.5   26.0   26.5   27.0   27.5   28.0   28.5   29.0   29.5   30.0   30.5   31.0   31.5   32.0   32.5   33.0   33.5   34.0   34.5   35.0   35.5   36.0   36.5   37.0   37.5   38.0   38.5   39.0   39.5   40.0   40.5   41.0   41.5   42.0   42.5   43.0   43.5   44.0   44.5   45.0   45.5   46.0   46.5   47.0   47.5   48.0   48.5   49.0   49.5   50.0   50.5   51.0   51.5   52.0   52.5   53.0   53.5   54.0   54.5   55.0   
U12   -0.024998446397913793   -0.0482798463346752   0.12603172871008245   -0.18630279272140327   0.16215547922909054   -0.18162993585978474   -0.001203364899753581   -0.012510026909058489   0.1930149903862665   -0.4037846665944943   0.16942673810900444   -0.043405377167068084   -0.03922339675662164   -0.09218216958079069   0.014367894463813655   -0.07870715268758505   -0.13253221079645536   0.034430870795592594   -0.00502024010036104   0.0011699399738212691   0.09162538573741112   0.07790867095815777   0.06319113546007822   0.03772077474116477   0.017925079124273897   -0.2991819345657751   -0.12614272003693763   0.19451885920381412   0.003853391356245655   -0.22264672672257355   0.049492748971999734   0.012159798309480536   0.13878765189203512   0.2878879930539193   -0.19749229331816795   -0.13258697848348774   0.05739224367710998   0.001295112973702826   0.11674276487698304   0.30470479372091225   0.055905194848204554   0.09840047462288426   0.09953873998735743   -0.002851557880850658   0.137145213318831   0.14213498537403077   0.09812243777390706   0.14542356587786476   0.1787992855561591   0.12724051441405854   0.18455686286056272   0.7306585083496311   1.0   0.7061972629155215   0.41151916084080453   -0.21150900664526015   -0.39503096522012976   -0.5104264519026879   -0.14230071900026853   -0.2575977545501925   0.008004849166189026   0.12218965508468721   0.01099373283319169   -0.005678968722375157   -0.0720874320826639   0.19788111727601657   -0.15453902440223896   -0.2871325537952315   0.1311265213803947   -0.16936409036695285   -0.08247451077384495   -0.163524203840789   -0.056294549898057454   0.12189691740786933   0.03866301556973154   -0.06647669968851416   -0.006928676408252329   -0.07955726390437817   0.017997256449524015   -0.08466732228020875   -0.14305793628949776   
T_sec   15.0   15.5   16.0   16.5   17.0   17.5   18.0   18.5   19.0   19.5   20.0   20.5   21.0   21.5   22.0   22.5   23.0   23.5   24.0   24.5   25.0   25.5   26.0   26.5   27.0   27.5   28.0   28.5   29.0   29.5   30.0   30.5   31.0   31.5   32.0   32.5   33.0   33.5   34.0   34.5   35.0   35.5   36.0   36.5   37.0   37.5   38.0   38.5   39.0   39.5   40.0   40.5   41.0   41.5   42.0   42.5   43.0   43.5   44.0   44.5   45.0   45.5   46.0   46.5   47.0   47.5   48.0   48.5   49.0   49.5   50.0   50.5   51.0   51.5   52.0   52.5   53.0   53.5   54.0   54.5   55.0   
U13   -0.13482683067578455   -0.10041543567559584   0.3362133475320329   -0.11585963996884717   0.30403076093049075   -0.15315584002055158   0.034239548514235524   0.0360722812153243   -0.08088385718709075   -0.09946698996193121   -0.0263893353326397   -0.07986824868352482   0.1843278785170538   -0.07546059457954295   -0.007140424187093571   -0.10865836232815712   -0.034524737536281117   -0.2504126634842753   0.06209869032409608   0.10812440389134917   -0.09898173920982373   -0.26126889665145864   -0.16942402901609271   0.36645334044296063   -0.029260373986828316   -0.06947002108505938   -0.047084978742656526   0.05898902481600728   -0.28820663614746506   0.1265122230866324   0.14701467714156058   0.06464358179396656   -0.005335463971570353   0.2736321890777889   0.0270441573060921   0.09288614490531363   0.12421311439078181   -0.0019419797522008263   0.34345456914860006   -0.06956759668611004   -0.40648136755944014   -0.21870570751275617   0.2086772916042834   -0.14342025618529636   0.012071319079040476   -0.01238058777544956   0.1509849834649478   -0.0807133249279011   0.2208109374913591   -0.07465339127524842   0.42396503185393725   0.6975849990917267   1.0   0.8774935241041825   0.02350495566198896   -0.38964318572789597   -0.14588438995871927   -0.1048052764866864   0.038161769500071545   -0.38008050143653177   -0.19108212894359256   -0.18359646119106812   0.036183820296213455   0.08918251186591594   -0.15429412850915233   -0.04508212829982412   0.21868012578887946   0.34738170873942875   0.14904238646104098   0.01657729265950047   0.0452881258595126   -0.28195569368016665   0.18945132956104457   0.16530973109343894   0.09864920543566964   0.1333955904509624   0.17609121931239485   0.06043274987660187   -0.06287785849688729   -0.10349972637063623   -0.14049441515006322   
T_sec   15.0   15.5   16.0   16.5   17.0   17.5   18.0   18.5   19.0   19.5   20.0   20.5   21.0   21.5   22.0   22.5   23.0   23.5   24.0   24.5   25.0   25.5   26.0   26.5   27.0   27.5   28.0   28.5   29.0   29.5   30.0   30.5   31.0   31.5   32.0   32.5   33.0   33.5   34.0   34.5   35.0   35.5   36.0   36.5   37.0   37.5   38.0   38.5   39.0   39.5   40.0   40.5   41.0   41.5   42.0   42.5   43.0   43.5   44.0   44.5   45.0   45.5   46.0   46.5   47.0   47.5   48.0   48.5   49.0   49.5   50.0   50.5   51.0   51.5   52.0   52.5   53.0   53.5   54.0   54.5   55.0   
U14   0   0   0   0   0   0   0   0   0   0   0   0   0   0   0   0   0   0   0   0   0   0   0   0   0   0   0   0   0   0   0   0   0   0   0   0   0   0   0   0   0   0   0   0   0   0   0   0   0   0   0   0   0   0   0   0   0   0   0   0   0   0   0   0   0   0   0   0   0   0   0   0   0   0   0   0   0   0   0   0   0   
T_sec   15.0   15.5   16.0   16.5   17.0   17.5   18.0   18.5   19.0   19.5   20.0   20.5   21.0   21.5   22.0   22.5   23.0   23.5   24.0   24.5   25.0   25.5   26.0   26.5   27.0   27.5   28.0   28.5   29.0   29.5   30.0   30.5   31.0   31.5   32.0   32.5   33.0   33.5   34.0   34.5   35.0   35.5   36.0   36.5   37.0   37.5   38.0   38.5   39.0   39.5   40.0   40.5   41.0   41.5   42.0   42.5   43.0   43.5   44.0   44.5   45.0   45.5   46.0   46.5   47.0   47.5   48.0   48.5   49.0   49.5   50.0   50.5   51.0   51.5   52.0   52.5   53.0   53.5   54.0   54.5   55.0   
U15   0.241824518082846   0.048763076482129374   0.19936557624516044   -0.14034198137294884   -0.11838043063769037   -0.03266585058841105   -0.054244228383052956   -0.1620242513552911   -0.25227526325072347   -0.08348289587991975   0.13058292171938193   0.1540479692985507   0.14414765450749814   -0.22610830064781212   0.3969307373541026   0.13987657936788261   -0.19295908638028944   -0.03352033427162618   0.039895988807337655   -0.05556236958419098   -0.09172464957149114   0.29554146145470644   0.038996815287779325   0.0613800032543195   0.10010332990432579   0.14812800167269471   0.029521374883180834   -0.08074290457380479   -0.272636449337352   0.08427593723884416   0.2288263087630643   -0.017263425190735045   0.21613493665012412   -0.03961540166628367   0.16284613330867836   0.13482447239891807   0.049494215666297914   -0.09722068611668781   -0.057128820146590105   -0.03740140316736483   0.08261145189777463   0.23805004856811493   -0.04334446761294303   -0.24095566104989719   -0.2955594726286751   -0.12684442737500948   -0.03471170210016561   -0.06093014693860431   -0.08070678750919208   0.34353958713700133   0.4472474202341068   1.0   0.8056101233308266   0.9680598297548243   -0.0604583636327004   0.01751652969432854   -0.2604895527286391   0.07487269551876143   0.23765746298547671   -0.19281289485899197   -0.08240182127364741   -0.014454958465716684   -0.06184212930378362   0.17021619503506524   -0.12153337888669484   -0.03458541833316223   0.1542577142063982   0.05619838323207272   -0.07235259431674418   -0.22844671361209304   -0.006895142552269193   0.1892369668679796   -0.12865054761565403   0.16087551680606438   -0.037027666663617724   0.07884244231892873   -0.2357339628228387   0.05912706766178695   0.06740839721836123   -0.1567044319650491   0.0632100633383835   
T_sec   15.0   15.5   16.0   16.5   17.0   17.5   18.0   18.5   19.0   19.5   20.0   20.5   21.0   21.5   22.0   22.5   23.0   23.5   24.0   24.5   25.0   25.5   26.0   26.5   27.0   27.5   28.0   28.5   29.0   29.5   30.0   30.5   31.0   31.5   32.0   32.5   33.0   33.5   34.0   34.5   35.0   35.5   36.0   36.5   37.0   37.5   38.0   38.5   39.0   39.5   40.0   40.5   41.0   41.5   42.0   42.5   43.0   43.5   44.0   44.5   45.0   45.5   46.0   46.5   47.0   47.5   48.0   48.5   49.0   49.5   50.0   50.5   51.0   51.5   52.0   52.5   53.0   53.5   54.0   54.5   55.0   
U16   0.3064328412937474   0.268382594495627   0.18733489879162962   -0.3203759359431325   -0.007026493122282835   -0.15935912115262085   0.2190084312957751   -0.3703712211179187   -0.056785893059410036   -0.008088528300327474   -0.15426784972531865   0.0292086768683314   -0.13532399706704246   -0.09497611449342672   0.03891109744382009   0.028983320643300024   -0.13747866402071612   0.05048237155954923   0.07689157728712184   0.041261435959756815   -0.1207196499473849   -0.035420372004432654   0.2166527216280259   -0.28686254732240485   0.12004428653258482   -0.2883449267630988   -0.06054596870058483   -0.010022986255472767   -0.22547938637648443   0.06900625088528266   -0.21283811352306412   -0.006918121201183219   -0.14992136888430826   0.3192329566546447   -0.015728623943962496   -0.26303411116330894   0.030785371846134987   0.3910049450805767   0.0139954826839243   0.127599078893821   -0.012949843385366977   -0.23140221595775784   0.1291997822008289   0.2833191466813696   0.21723400638985907   -0.10531180407627358   -0.137110540233789   -0.1443091955661662   0.20794675321780642   0.4916630544004379   0.5995903547403343   0.8151858952200635   0.8339976152260442   1.0   -0.3123530041240311   -0.4671723878991491   -0.37527561918324204   -0.1921632963772652   -0.2943403840234277   -0.15134106887443666   -0.3368647495672287   0.057706371302890934   0.0388149668107508   -0.2066292754077791   -0.20326012831046147   -0.22429514652694646   0.05605302050921751   -0.3552582707334293   -0.07842912267452813   -0.17229603760071546   -0.29285692168527916   -0.0993255554709168   0.14656562267464063   0.027438443858296652   0.046626459477938934   0.3237344202191536   -0.06070590527416791   -0.13212390729554233   -0.19603783816756956   -0.523310637202834   -0.04124814791144782   
T_sec   15.0   15.5   16.0   16.5   17.0   17.5   18.0   18.5   19.0   19.5   20.0   20.5   21.0   21.5   22.0   22.5   23.0   23.5   24.0   24.5   25.0   25.5   26.0   26.5   27.0   27.5   28.0   28.5   29.0   29.5   30.0   30.5   31.0   31.5   32.0   32.5   33.0   33.5   34.0   34.5   35.0   35.5   36.0   36.5   37.0   37.5   38.0   38.5   39.0   39.5   40.0   40.5   41.0   41.5   42.0   42.5   43.0   43.5   44.0   44.5   45.0   45.5   46.0   46.5   47.0   47.5   48.0   48.5   49.0   49.5   50.0   50.5   51.0   51.5   52.0   52.5   53.0   53.5   54.0   54.5   55.0   
U17   0.06526480623036376   -0.028890299529946605   -0.05434558632191816   0.1221060584300359   0.2564910411887329   0.06270218555824246   0.25657998443894275   0.02037906522890402   0.015941275236696112   -0.04857549822614311   0.11465203850132365   -0.06443300559949977   -0.10905407648305317   -0.1762668795663232   -0.09263619379131262   0.014233035736287685   -0.017005947705185494   0.043948736405469785   -0.12741753909122994   -0.14082875486788848   0.00698646014778469   -0.03468199629473287   -0.051132666686882   0.08804043842403965   -0.053578075805657786   0.07998897667049956   -0.09953387534278607   0.12496461713048596   0.047345670703388416   -0.0789214926236567   -0.12244951985589571   -0.043749665570369106   -0.13850321085081488   0.13479001798121454   0.04042539266791292   0.01899001595058182   0.08204060903494173   0.015197046381538749   0.0493705816276246   0.020513935431222558   -0.0823715519424349   0.10210795301544168   0.20829560295418348   0.20977345376939308   0.08372314725779235   -0.1169990491172665   0.16268353384528736   0.22149053516352984   0.7926930908325902   0.6462502948567116   0.390292660773089   0.7427055837573419   1.0   0.7528168454509917   0.30641503182243923   -0.20991551721924473   -0.4788637245778171   -0.3234537034140782   -0.1915117417687194   -0.20161490240525065   -0.06714836312158036   0.03417032593010072   -0.1922093775391574   0.01490624462285955   -0.3883409911432912   -0.27436566750971936   0.07531405189220201   -0.1677700963678342   -0.3440486901977016   -0.36836638187348447   -0.1768372398459417   -0.029590257138939986   0.04690901467743029   -0.09570749873954597   0.14748107641314487   0.04429656243476739   -0.05308852746597216   0.008995316229986663   0.07346507313554813   -0.13168496142622824   -0.0157857274246606   
T_sec   15.0   15.5   16.0   16.5   17.0   17.5   18.0   18.5   19.0   19.5   20.0   20.5   21.0   21.5   22.0   22.5   23.0   23.5   24.0   24.5   25.0   25.5   26.0   26.5   27.0   27.5   28.0   28.5   29.0   29.5   30.0   30.5   31.0   31.5   32.0   32.5   33.0   33.5   34.0   34.5   35.0   35.5   36.0   36.5   37.0   37.5   38.0   38.5   39.0   39.5   40.0   40.5   41.0   41.5   42.0   42.5   43.0   43.5   44.0   44.5   45.0   45.5   46.0   46.5   47.0   47.5   48.0   48.5   49.0   49.5   50.0   50.5   51.0   51.5   52.0   52.5   53.0   53.5   54.0   54.5   55.0   
U18   0.21764274580314397   0.06827884479222911   0.002849357160324575   -0.01710497475643678   -0.04084437569035449   -0.008073111258237148   -0.008685257154574064   0.06727084266431951   0.004635696392460564   0.04817701889514061   -0.07834432750605079   0.24035103819244957   0.04365005158514945   0.0442326850339218   -0.02668566213142556   -0.04568911345175014   -0.007374795071288691   -0.12646501119126424   0.01806818024887395   -0.020106928134028097   0.037259914061817334   -0.08989675621605579   0.08873424726429283   -0.046542651552685874   -0.014363743226962539   -0.07159041473249439   -0.1015132276778854   0.14247366953236257   -0.009637831087303416   0.0462146907511831   0.058331521197840276   -0.024895466809930725   -0.07727712551131662   0.08113517240328313   0.1466739053795438   -0.0276194085229028   -0.03599385639527972   -0.026324288089451444   0.16026741046073736   -0.06829350878651867   -0.08775224889143857   -0.013197461062165043   0.17635347536309476   0.00759418954617351   -0.11591575592051875   0.1369623942855842   0.040842551065019175   0.3539998427764339   0.7498510004181027   0.5473377221489089   0.4713541753835316   0.7554086087735175   1.0   0.6446667543086634   0.07708224389426135   -0.36363061174767797   -0.33968510036738575   -0.409908042462659   -0.31115614866672536   0.09156135176101136   -0.02500473164538124   -0.045432284419830576   -0.1158605613502678   -0.12434406952381959   0.027303889261000875   -0.16212949576321373   -0.3104668625445856   -0.06662352975825642   0.14177235517474998   -0.192218695975308   -0.1679467517157331   0.009622314609546042   0.09778174846276606   0.1180318102922743   0.04455946591122418   -0.08025773948841697   0.008009653497601674   0.14695955379319126   -0.1110917420471044   -0.09189283066482876   0.021644562973728423   
T_sec   15.0   15.5   16.0   16.5   17.0   17.5   18.0   18.5   19.0   19.5   20.0   20.5   21.0   21.5   22.0   22.5   23.0   23.5   24.0   24.5   25.0   25.5   26.0   26.5   27.0   27.5   28.0   28.5   29.0   29.5   30.0   30.5   31.0   31.5   32.0   32.5   33.0   33.5   34.0   34.5   35.0   35.5   36.0   36.5   37.0   37.5   38.0   38.5   39.0   39.5   40.0   40.5   41.0   41.5   42.0   42.5   43.0   43.5   44.0   44.5   45.0   45.5   46.0   46.5   47.0   47.5   48.0   48.5   49.0   49.5   50.0   50.5   51.0   51.5   52.0   52.5   53.0   53.5   54.0   54.5   55.0   
U19   0   0   0   0   0   0   0   0   0   0   0   0   0   0   0   0   0   0   0   0   0   0   0   0   0   0   0   0   0   0   0   0   0   0   0   0   0   0   0   0   0   0   0   0   0   0   0   0   0   0   0   0   0   0   0   0   0   0   0   0   0   0   0   0   0   0   0   0   0   0   0   0   0   0   0   0   0   0   0   0   0   
T_sec   15.0   15.5   16.0   16.5   17.0   17.5   18.0   18.5   19.0   19.5   20.0   20.5   21.0   21.5   22.0   22.5   23.0   23.5   24.0   24.5   25.0   25.5   26.0   26.5   27.0   27.5   28.0   28.5   29.0   29.5   30.0   30.5   31.0   31.5   32.0   32.5   33.0   33.5   34.0   34.5   35.0   35.5   36.0   36.5   37.0   37.5   38.0   38.5   39.0   39.5   40.0   40.5   41.0   41.5   42.0   42.5   43.0   43.5   44.0   44.5   45.0   45.5   46.0   46.5   47.0   47.5   48.0   48.5   49.0   49.5   50.0   50.5   51.0   51.5   52.0   52.5   53.0   53.5   54.0   54.5   55.0   
U20   -0.11470879360703268   -0.08224629041477076   -0.08142498230953608   -0.005361194989596729   -0.038447210070217314   -0.10332658469182635   0.12338118350203701   0.08381852933023443   -0.0755231496172263   0.037745870921351746   0.24250979953147075   0.1846970214826416   0.13649744272904   -0.4322800381388889   0.03589785727296112   -0.035666941104061246   0.18108379816309939   0.09185764873704166   0.019971216984357335   -0.03831883820496341   0.06126959836164925   0.07501505672837623   0.07877585201834174   0.14226428577679937   0.06268532242701694   -0.13008144415246983   0.0007472671714378509   0.22404826569247743   0.09490831407595729   -0.20158506277044455   0.0571433923216275   -0.09426507294200613   -0.09934463360430341   0.21158973153309604   0.12546301404455817   -0.12688002169942553   -0.09199393787578294   -0.06075938974824003   -0.10396117710105725   0.11830680384279871   0.14880779891725213   -0.02230673626735226   0.09852410942442504   -0.20514983439973367   0.11869754295365184   0.32275164842976944   1.0   0.37967785639548735   0.19128593044368492   0.5955362651072843   0.6026443529969349   0.7955607383320674   0.5754778136553745   0.17406488127996356   0.0711996261031262   -0.11429035418782084   -0.6578764590882549   -0.11465452768920663   0.013794025438571215   -0.3725550988699676   0.04762689238389746   -0.15888447427288951   -0.279640874642146   -0.32374812053569907   -0.026215558970449672   -0.16989404512156184   -0.11921916970976586   -0.1702745210393605   -0.1641968375999979   -0.037223764314099385   -0.19974370669762023   -0.025899811560178974   0.22380406629122168   0.04975823745995937   -0.0625176714975265   -0.0919509721407292   -0.010497031145283338   0.3529808488251261   0.09562682626737067   0.06426722061265991   -0.32443054329465365   
T_sec   15.0   15.5   16.0   16.5   17.0   17.5   18.0   18.5   19.0   19.5   20.0   20.5   21.0   21.5   22.0   22.5   23.0   23.5   24.0   24.5   25.0   25.5   26.0   26.5   27.0   27.5   28.0   28.5   29.0   29.5   30.0   30.5   31.0   31.5   32.0   32.5   33.0   33.5   34.0   34.5   35.0   35.5   36.0   36.5   37.0   37.5   38.0   38.5   39.0   39.5   40.0   40.5   41.0   41.5   42.0   42.5   43.0   43.5   44.0   44.5   45.0   45.5   46.0   46.5   47.0   47.5   48.0   48.5   49.0   49.5   50.0   50.5   51.0   51.5   52.0   52.5   53.0   53.5   54.0   54.5   55.0   
U21   0   0   0   0   0   0   0   0   0   0   0   0   0   0   0   0   0   0   0   0   0   0   0   0   0   0   0   0   0   0   0   0   0   0   0   0   0   0   0   0   0   0   0   0   0   0   0   0   0   0   0   0   0   0   0   0   0   0   0   0   0   0   0   0   0   0   0   0   0   0   0   0   0   0   0   0   0   0   0   0   0   
T_sec   15.0   15.5   16.0   16.5   17.0   17.5   18.0   18.5   19.0   19.5   20.0   20.5   21.0   21.5   22.0   22.5   23.0   23.5   24.0   24.5   25.0   25.5   26.0   26.5   27.0   27.5   28.0   28.5   29.0   29.5   30.0   30.5   31.0   31.5   32.0   32.5   33.0   33.5   34.0   34.5   35.0   35.5   36.0   36.5   37.0   37.5   38.0   38.5   39.0   39.5   40.0   40.5   41.0   41.5   42.0   42.5   43.0   43.5   44.0   44.5   45.0   45.5   46.0   46.5   47.0   47.5   48.0   48.5   49.0   49.5   50.0   50.5   51.0   51.5   52.0   52.5   53.0   53.5   54.0   54.5   55.0   
U22   0.5464471871891253   0.21499868300313274   0.2254970187564853   -0.03871647640791569   0.24672998810823568   -0.21840973352358545   -0.23611550872882078   -0.13526504123390376   0.011952937119239204   -0.01841813667940181   -0.016122388859401867   -0.07633807214541544   0.372768168910267   -0.09122360323303147   0.015167393983846564   -0.4538890803808934   0.03907489651274557   0.28083505722025964   -0.023202345730853953   0.15424809393476133   0.20091529831811422   0.030216769842554687   -0.11878190113696567   0.14495880664647334   -0.025694626671791104   -0.20256630443901927   -0.004481459920547938   0.02595511137164627   -0.01567685478841874   0.11690096897819334   0.2803600602780015   0.050210248496223193   0.21514955726847212   0.09614421404525965   0.12448065265004601   0.053444834246515784   0.16810186921871417   -0.19015777688410876   0.03725490371049425   0.07943083443800843   0.03255571816838808   -0.179711887546962   0.2889630151594303   0.48577246167886057   1.0   0.7217413789112305   0.659941308575372   0.8158393954266125   0.6912483237535668   0.5209618656657421   0.8008954502317144   0.6343677292859667   0.5493917611610024   0.005337716847779687   -0.4669380637085612   -0.06515376656029699   0.048210526355893506   -0.43509880418838137   -0.2998858840025828   -0.28191901969910893   -0.2290692430375263   -0.0281444003315443   -0.2765464758747942   -0.4479455845839041   -0.30172726167259184   -0.24511382449447788   -0.08166832693619358   -0.0027095173831428944   -0.03821807191669274   0.233744698624419   0.03041113565545447   -0.2671084102100871   0.11385095136028969   -0.1071598970714064   -0.054511834531658886   0.17235111773854983   -0.15592584922604882   -0.04873211799234856   -0.21387509528682644   0.01902370987908778   -0.11491487114820956   
T_sec   15.0   15.5   16.0   16.5   17.0   17.5   18.0   18.5   19.0   19.5   20.0   20.5   21.0   21.5   22.0   22.5   23.0   23.5   24.0   24.5   25.0   25.5   26.0   26.5   27.0   27.5   28.0   28.5   29.0   29.5   30.0   30.5   31.0   31.5   32.0   32.5   33.0   33.5   34.0   34.5   35.0   35.5   36.0   36.5   37.0   37.5   38.0   38.5   39.0   39.5   40.0   40.5   41.0   41.5   42.0   42.5   43.0   43.5   44.0   44.5   45.0   45.5   46.0   46.5   47.0   47.5   48.0   48.5   49.0   49.5   50.0   50.5   51.0   51.5   52.0   52.5   53.0   53.5   54.0   54.5   55.0   
U23   -0.06604292304150566   -0.010477364875258376   0.14478655816628774   -0.029486983239462947   -0.27616439791796155   -0.026375376064727733   -0.14372377634363945   -0.02806439285742789   -0.1565206681235947   -0.15221423375321996   0.16934776349260897   0.04988299261277254   0.09682505377531216   0.23406825071804954   0.0158297451604913   0.08106450115217634   0.14267029491511526   -0.06050891683201878   -0.006779998421011706   0.14083308857112042   0.12734027503465203   0.01182258084168197   -0.42528296805069193   -0.10989583295390098   0.10373644713666144   -0.11621073114055008   0.18114991568745073   0.2561513715846608   -0.2835120976588373   -0.07919347256835191   0.2282111022688877   0.3418828204137617   -0.034117274127284304   -0.12233600941436171   -0.019854135672749795   0.04651086552920011   0.0327124325713169   0.18722399514974494   -0.020982546687506595   -0.1552370955479296   -0.22971830568037843   0.1786761988783418   0.6390288788887295   1.0   0.4410152484732049   0.6270678822170884   0.8092105193853867   0.44410771394966325   0.1252649368884596   0.08370444293349596   0.2850080602234113   0.5397146571316246   0.190055617817766   0.025822281704216344   -0.7160731895611122   0.05910743659490515   0.07169750714024152   -0.02705410215233379   -0.28214236212469085   -0.181074038114802   -0.19683971313180493   -0.27910538383821876   -0.1284159532162724   -0.32723448744072436   -0.3974809600578004   -0.38700304085549375   0.051993388277444264   0.39211696391576023   0.08937867458618946   -0.1504914750522147   -0.029871777611435092   -0.3395317816073791   -0.01380644801701877   -0.18519172380303864   0.13278448343494498   0.12945140777085407   0.1405637694828325   0.20916943235876267   0.0003732410365530524   -0.14423282937641332   -0.2626619882093529   
T_sec   15.0   15.5   16.0   16.5   17.0   17.5   18.0   18.5   19.0   19.5   20.0   20.5   21.0   21.5   22.0   22.5   23.0   23.5   24.0   24.5   25.0   25.5   26.0   26.5   27.0   27.5   28.0   28.5   29.0   29.5   30.0   30.5   31.0   31.5   32.0   32.5   33.0   33.5   34.0   34.5   35.0   35.5   36.0   36.5   37.0   37.5   38.0   38.5   39.0   39.5   40.0   40.5   41.0   41.5   42.0   42.5   43.0   43.5   44.0   44.5   45.0   45.5   46.0   46.5   47.0   47.5   48.0   48.5   49.0   49.5   50.0   50.5   51.0   51.5   52.0   52.5   53.0   53.5   54.0   54.5   55.0   
U24   -0.09063922313517149   -0.04121594246193147   -0.06747749210090631   -0.1562972449610308   -0.21410526106796063   -0.08535181153338749   -0.22051129860149613   0.04441194169476937   -0.03952779880289982   -0.12058862765457479   0.17954210715822752   0.03440030600990136   -0.01488953824496366   -0.04859391959737025   -0.23438286129170094   0.1516813404221795   0.101137252392965   0.15701947838465838   0.02485087962992776   -0.02191950878721064   0.1110006341301892   0.01194670352413297   0.03462544330755563   -0.1064226297591854   0.04553324960681772   -0.06022218902284011   -0.25076449200696616   -0.1446167111993278   -0.16524171958572642   -0.14720431367942644   0.11313434770055314   -0.26487468922687324   0.03966562607945794   0.15733973133966134   0.07770495909252922   -0.007574442796576116   0.02118231440369142   0.11074258560137126   -0.18590959244566493   0.18542154036711977   0.2480448786800441   1.0   0.6352575460013499   0.48086840818516513   0.6329387860483686   0.5639449552179692   -0.06563829944237444   0.058255357032059085   0.10420889070569675   0.0807538651527638   0.08477387537030188   0.3860170485445543   -0.010556058329312081   -0.3475101881404742   -0.23511557696232865   -0.009874120325060996   0.21808073608020206   0.09714208975228551   -0.15304004551340641   0.0959982707736912   -0.056146711183634984   -0.25495511727738546   -0.29281568440819356   0.005180753263052102   -0.008739345641072793   -0.07663016257939861   0.031983391657201675   -0.017758509917122103   0.10145547931221   -0.07287635602190486   0.19636119242729544   -0.0055014661374273065   0.2907084878323104   -0.05044652995493559   -0.24602496575838842   -0.25991496312693124   0.0019354074455359366   -0.07127094468319012   0.18473248107298954   -0.03829271717134008   -0.12067899596389502   
T_sec   15.0   15.5   16.0   16.5   17.0   17.5   18.0   18.5   19.0   19.5   20.0   20.5   21.0   21.5   22.0   22.5   23.0   23.5   24.0   24.5   25.0   25.5   26.0   26.5   27.0   27.5   28.0   28.5   29.0   29.5   30.0   30.5   31.0   31.5   32.0   32.5   33.0   33.5   34.0   34.5   35.0   35.5   36.0   36.5   37.0   37.5   38.0   38.5   39.0   39.5   40.0   40.5   41.0   41.5   42.0   42.5   43.0   43.5   44.0   44.5   45.0   45.5   46.0   46.5   47.0   47.5   48.0   48.5   49.0   49.5   50.0   50.5   51.0   51.5   52.0   52.5   53.0   53.5   54.0   54.5   55.0   
U25   0   0   0   0   0   0   0   0   0   0   0   0   0   0   0   0   0   0   0   0   0   0   0   0   0   0   0   0   0   0   0   0   0   0   0   0   0   0   0   0   0   0   0   0   0   0   0   0   0   0   0   0   0   0   0   0   0   0   0   0   0   0   0   0   0   0   0   0   0   0   0   0   0   0   0   0   0   0   0   0   0   
T_sec   15.0   15.5   16.0   16.5   17.0   17.5   18.0   18.5   19.0   19.5   20.0   20.5   21.0   21.5   22.0   22.5   23.0   23.5   24.0   24.5   25.0   25.5   26.0   26.5   27.0   27.5   28.0   28.5   29.0   29.5   30.0   30.5   31.0   31.5   32.0   32.5   33.0   33.5   34.0   34.5   35.0   35.5   36.0   36.5   37.0   37.5   38.0   38.5   39.0   39.5   40.0   40.5   41.0   41.5   42.0   42.5   43.0   43.5   44.0   44.5   45.0   45.5   46.0   46.5   47.0   47.5   48.0   48.5   49.0   49.5   50.0   50.5   51.0   51.5   52.0   52.5   53.0   53.5   54.0   54.5   55.0   
U26   -0.09935918966676908   -0.20986484732163824   -0.08504329824484645   -0.24783223889649458   -0.09134358010684215   -0.07281310391913161   -0.02318124617373482   0.13702079234304856   0.24157187130883837   -0.07965729744858531   -0.15414408036847066   -0.09256759795617742   -0.045382706780906744   -0.13908837485838174   -0.05981901449276767   -0.1396250453081103   0.05996799764079673   0.08298339348952599   0.15337140438188132   0.07947255191108166   0.04969186306675018   -0.11830156594296899   0.08184882651685714   -0.011393918281890849   -0.12543563877240976   -0.15889865744647627   -0.08152910865363347   -0.15387079920379118   0.1544145935908729   0.1114791653296212   0.047477737748293336   0.14611625961249528   0.10871944932646155   -0.06202675227497874   0.08794623538608975   0.0783448705914506   0.03569956712568238   0.28516710943504886   0.5665290210261199   0.9016044922770025   1.0   0.37934610673656133   0.25983399488892767   0.0939051342436551   0.030885840314443525   -0.010024264022715442   0.20900772966796433   0.035068909382514196   0.09262692804061057   0.17012825864069223   -0.13270304578190367   0.08801885845037022   -0.09695171333201832   -0.1960693328444649   0.01757458035965508   0.18612900582954386   0.25463429516724345   0.14203358755363285   0.23193181481273528   -0.10751205784963429   -0.26440208135911064   0.1696927289338448   0.003948575034842998   0.02294998968921493   0.2422962893131457   -0.3447683445798029   7.636703495276763e-05   -0.028986716188360264   -0.12319916930152874   0.09912034672131842   -0.23093818668023008   0.09092706449220787   0.01135849330621873   0.013085166705400447   -0.0938836816508991   0.24923255645009104   0.00015888099461506   -0.16896339474925073   0.1184319117391607   -0.13316510634169204   -0.0011904645459962727   
T_sec   15.0   15.5   16.0   16.5   17.0   17.5   18.0   18.5   19.0   19.5   20.0   20.5   21.0   21.5   22.0   22.5   23.0   23.5   24.0   24.5   25.0   25.5   26.0   26.5   27.0   27.5   28.0   28.5   29.0   29.5   30.0   30.5   31.0   31.5   32.0   32.5   33.0   33.5   34.0   34.5   35.0   35.5   36.0   36.5   37.0   37.5   38.0   38.5   39.0   39.5   40.0   40.5   41.0   41.5   42.0   42.5   43.0   43.5   44.0   44.5   45.0   45.5   46.0   46.5   47.0   47.5   48.0   48.5   49.0   49.5   50.0   50.5   51.0   51.5   52.0   52.5   53.0   53.5   54.0   54.5   55.0   
U27   0   0   0   0   0   0   0   0   0   0   0   0   0   0   0   0   0   0   0   0   0   0   0   0   0   0   0   0   0   0   0   0   0   0   0   0   0   0   0   0   0   0   0   0   0   0   0   0   0   0   0   0   0   0   0   0   0   0   0   0   0   0   0   0   0   0   0   0   0   0   0   0   0   0   0   0   0   0   0   0   0   
T_sec   15.0   15.5   16.0   16.5   17.0   17.5   18.0   18.5   19.0   19.5   20.0   20.5   21.0   21.5   22.0   22.5   23.0   23.5   24.0   24.5   25.0   25.5   26.0   26.5   27.0   27.5   28.0   28.5   29.0   29.5   30.0   30.5   31.0   31.5   32.0   32.5   33.0   33.5   34.0   34.5   35.0   35.5   36.0   36.5   37.0   37.5   38.0   38.5   39.0   39.5   40.0   40.5   41.0   41.5   42.0   42.5   43.0   43.5   44.0   44.5   45.0   45.5   46.0   46.5   47.0   47.5   48.0   48.5   49.0   49.5   50.0   50.5   51.0   51.5   52.0   52.5   53.0   53.5   54.0   54.5   55.0   
U28   0   0   0   0   0   0   0   0   0   0   0   0   0   0   0   0   0   0   0   0   0   0   0   0   0   0   0   0   0   0   0   0   0   0   0   0   0   0   0   0   0   0   0   0   0   0   0   0   0   0   0   0   0   0   0   0   0   0   0   0   0   0   0   0   0   0   0   0   0   0   0   0   0   0   0   0   0   0   0   0   0   
T_sec   15.0   15.5   16.0   16.5   17.0   17.5   18.0   18.5   19.0   19.5   20.0   20.5   21.0   21.5   22.0   22.5   23.0   23.5   24.0   24.5   25.0   25.5   26.0   26.5   27.0   27.5   28.0   28.5   29.0   29.5   30.0   30.5   31.0   31.5   32.0   32.5   33.0   33.5   34.0   34.5   35.0   35.5   36.0   36.5   37.0   37.5   38.0   38.5   39.0   39.5   40.0   40.5   41.0   41.5   42.0   42.5   43.0   43.5   44.0   44.5   45.0   45.5   46.0   46.5   47.0   47.5   48.0   48.5   49.0   49.5   50.0   50.5   51.0   51.5   52.0   52.5   53.0   53.5   54.0   54.5   55.0   
U29   0.26970571553628486   -0.27130527809437693   0.18001304118700492   -0.04921688247568307   -0.09198722079351745   0.05230660829420075   0.2910794657085186   -0.05139808272029969   0.12036331616804002   0.11935131756765234   -0.0877391947582734   -0.04031928327981763   0.13144156988288916   0.11670349692917449   0.07944680564682009   0.06503201408467331   0.003621708265570403   -0.016375089772981393   -0.012154843491538296   0.018731979625738693   -0.030368572165057173   0.07257700346731569   -0.10923882744031158   -0.07153418457236566   -0.07309937347917475   -0.023659791498705104   -0.10847205996017482   0.12115631520305392   -0.14302267786985573   -0.05201705683290627   -0.07468293015582264   -0.09491400240512067   0.15762571661925415   -0.043661845512975805   0.3254406637535419   0.6957492326361302   1.0   0.3443335438692194   -0.04589660814259348   -0.21871404676368744   -0.04241316645426147   0.09318554565344322   0.011616962058485924   -0.025829597143012396   0.011069852650748408   0.04137360506958488   0.27405104928582447   0.0025998228558663295   -0.2086584058788346   -0.12651570826060096   -0.20910187158640808   -0.18411715162900144   -0.11385307562432892   -0.2561763398998007   0.1405229154968535   -0.30154566263893845   -0.20252706503190743   -0.06814517990499006   -0.29529359862516275   -0.018383973200542917   0.20467288175868528   -0.14664388335598624   -0.09189442116778887   -0.39108076450960844   0.09160210032040228   -0.16827535838976634   0.06411753492281398   -0.06098754061398039   0.06394195519254452   0.02833354904743408   -0.027299807855325365   -0.3829016250651417   0.08073281219358659   -0.013353968772924624   -0.1455884155204464   0.015078591357354218   0.0991109609646784   0.060046160354439194   -0.18175674572030281   0.049987964033651154   0.015931197893675097   
T_sec   15.0   15.5   16.0   16.5   17.0   17.5   18.0   18.5   19.0   19.5   20.0   20.5   21.0   21.5   22.0   22.5   23.0   23.5   24.0   24.5   25.0   25.5   26.0   26.5   27.0   27.5   28.0   28.5   29.0   29.5   30.0   30.5   31.0   31.5   32.0   32.5   33.0   33.5   34.0   34.5   35.0   35.5   36.0   36.5   37.0   37.5   38.0   38.5   39.0   39.5   40.0   40.5   41.0   41.5   42.0   42.5   43.0   43.5   44.0   44.5   45.0   45.5   46.0   46.5   47.0   47.5   48.0   48.5   49.0   49.5   50.0   50.5   51.0   51.5   52.0   52.5   53.0   53.5   54.0   54.5   55.0   
U30   0.032261597096714265   -0.33194031447399625   -0.0892520596218994   0.21504826126983104   -0.006050234717717101   0.20381770223285972   -0.3360725272652978   -0.37045285780388854   0.013655057251854655   0.21213285464728904   -0.335617846194997   -0.08931371671779645   -0.00472258549483899   0.01644527098093307   -0.1963303894133825   -0.27328266769641296   -0.05260094769747138   0.002303875358495244   0.09867672831245042   0.26449579912220894   -0.04152662397473002   -0.1955739600516322   -0.22951894346858895   0.2286127640389945   0.2262350736350227   -0.1335307448597154   -0.08700057698214135   -0.2469978522685526   -0.14900930160731168   -0.022004466378191232   0.21659734804196806   0.09318747039332725   0.13726554054080084   0.39301289386992855   0.317265739032184   1.0   0.5346092907864524   -0.3283296737434222   -0.5206736016029672   -0.12434523586250988   0.0278274440543584   -0.05668994782305554   0.04882588028614636   0.2660566275088561   0.17516902530786652   0.10650049545054131   -0.022064177852622303   0.13522629237008565   -0.14329734617553994   0.28644435676040564   0.49071224670721075   0.1428350988563478   -0.1027080387559267   -0.2223060575538881   -0.08089228125419407   0.2582027070423763   0.28455866956416154   -0.01121908081858185   0.35482446411222446   0.020916094986129657   0.09712504696986883   -0.29848363626824376   -0.12231076806240421   0.09726938698754217   -0.25119145149600125   0.03907042709128817   0.07781524644193345   -0.1859823494882544   0.16140159035975396   -0.32235141349848095   -0.1180080233603848   -0.09370945441745142   -0.04789160112505037   0.14703706273714973   -0.1906793253440495   -0.04433859487597382   0.005342127389646777   0.12811803470064148   0.15501413417801768   -0.11920119302714197   0.27791581850808955   
T_sec   15.0   15.5   16.0   16.5   17.0   17.5   18.0   18.5   19.0   19.5   20.0   20.5   21.0   21.5   22.0   22.5   23.0   23.5   24.0   24.5   25.0   25.5   26.0   26.5   27.0   27.5   28.0   28.5   29.0   29.5   30.0   30.5   31.0   31.5   32.0   32.5   33.0   33.5   34.0   34.5   35.0   35.5   36.0   36.5   37.0   37.5   38.0   38.5   39.0   39.5   40.0   40.5   41.0   41.5   42.0   42.5   43.0   43.5   44.0   44.5   45.0   45.5   46.0   46.5   47.0   47.5   48.0   48.5   49.0   49.5   50.0   50.5   51.0   51.5   52.0   52.5   53.0   53.5   54.0   54.5   55.0   
U31   0.05576662701059625   0.3757638206054889   0.05691885166908661   0.13697724221038324   -0.2477073594992398   -0.11315579890839732   0.04841599672616913   0.08524662271910599   -5.4573425990114e-05   0.018815368973850166   0.12461643274868468   0.02168160575447686   0.17222462387315504   0.20942402281907666   0.20801514514819916   -0.01579069309029965   0.004487236243280762   0.5096360369156265   -0.1478017451713182   0.214992519756717   0.10510005449333815   -0.23921336532864534   -0.16670446464884955   -0.12229217010514438   -0.2162417946418187   -0.07832740824286712   -0.2503400675425042   -0.177578285183321   -0.005723493707150798   -0.029111614474858445   -0.21405194688309037   -0.0776458322704293   0.11281183541115221   0.5432698863863786   1.0   0.2634168284231842   -0.3649221768091814   -0.1993497678165579   0.18818965079918282   0.044117152155612196   0.07424442144302743   -0.12438440514989352   0.18425250755166173   0.23285316887022536   0.06849257020416731   -0.011933208970973545   -0.16323535949965357   0.05045225629994214   0.35771305650219953   0.4531011715803876   0.09092100664628631   0.05763743349334949   -0.015792782609800646   -0.12093490012040396   0.30267227958624543   -0.2916368294820243   -0.01289534483491864   -0.36538988336696837   -0.10935697482852104   -0.34026461635948135   -0.12614839331705238   -0.25363551262841083   -0.08093105312770381   -0.16167579202108953   -0.30835868426507956   -0.08027699546081021   0.005327085936754139   -0.05709040478304843   0.18272440028812814   0.13872799022434573   0.12841993723164577   -0.06746294205551703   -0.011272058220341215   -0.03822002153362214   0.019114971063630595   0.10274746863555692   0.09369584689856514   0.10055095535153839   0.14846397336853265   0.1210574099321494   0.16607320078158466   
T_sec   15.0   15.5   16.0   16.5   17.0   17.5   18.0   18.5   19.0   19.5   20.0   20.5   21.0   21.5   22.0   22.5   23.0   23.5   24.0   24.5   25.0   25.5   26.0   26.5   27.0   27.5   28.0   28.5   29.0   29.5   30.0   30.5   31.0   31.5   32.0   32.5   33.0   33.5   34.0   34.5   35.0   35.5   36.0   36.5   37.0   37.5   38.0   38.5   39.0   39.5   40.0   40.5   41.0   41.5   42.0   42.5   43.0   43.5   44.0   44.5   45.0   45.5   46.0   46.5   47.0   47.5   48.0   48.5   49.0   49.5   50.0   50.5   51.0   51.5   52.0   52.5   53.0   53.5   54.0   54.5   55.0   
U32   -0.05790800740619159   -0.3101029301286424   0.1869058181881358   0.43733581538028954   0.2859864196045277   0.100260397236386   -0.07829226953063682   0.05655295328670469   -0.1274909195120995   0.13952840583541656   -0.15110919529828354   0.1610453620486277   0.01413425373593879   0.09216068217444089   -0.021777431504171916   0.05717269762269393   -0.11145754795674327   -0.036524513728735906   0.09865486811835697   0.021373838522538564   0.0015403480841479531   -0.3098785444810392   0.13673505697762622   0.23665111811355738   -0.05189842035712267   0.10595632738985844   0.14858882963843803   0.3055103499711707   0.04374964164681571   0.3761132934871796   0.4111140095023467   0.5143471064669307   1.0   0.3629535668260648   -0.18517126682083057   -0.4330576541258573   -0.23537056662405179   0.3255187740128481   -0.11515665899851832   0.355281837121298   -0.22575730255757737   -0.023377037867934373   0.0547934525429203   0.20917162276848622   -0.032110069428654416   -0.09421421991494415   0.06857527935741144   0.15173583316695846   0.004449410162954856   -0.4217743793826152   -0.018829864969779207   0.08406134714453697   -0.07858065777333567   -0.4869073947686657   0.3656928708350293   0.21778772689918202   0.11929622247330295   -0.07916291164243733   0.15330696278320508   0.045313792240573435   0.12758051485033536   -0.08792988235085558   0.20131035038345524   -0.09545470242229573   0.13061123490882887   -0.10945299010999492   0.00860661464261075   0.07028530988937733   0.026359743164507815   -0.1436315592961844   0.3013185942466548   -0.27140056720206635   -0.09216688333713526   0.055269827914083546   -0.1530227285709689   -0.18720955163939423   0.13092941243214742   0.0005927175910004153   0.34660007546916594   -0.032158666747305574   0.15754621796530496   
T_sec   15.0   15.5   16.0   16.5   17.0   17.5   18.0   18.5   19.0   19.5   20.0   20.5   21.0   21.5   22.0   22.5   23.0   23.5   24.0   24.5   25.0   25.5   26.0   26.5   27.0   27.5   28.0   28.5   29.0   29.5   30.0   30.5   31.0   31.5   32.0   32.5   33.0   33.5   34.0   34.5   35.0   35.5   36.0   36.5   37.0   37.5   38.0   38.5   39.0   39.5   40.0   40.5   41.0   41.5   42.0   42.5   43.0   43.5   44.0   44.5   45.0   45.5   46.0   46.5   47.0   47.5   48.0   48.5   49.0   49.5   50.0   50.5   51.0   51.5   52.0   52.5   53.0   53.5   54.0   54.5   55.0   
U33   -0.11535035413508042   0.11377959928555754   -0.14094451414311993   -0.25332685024207696   -0.24542686018033588   0.3772314189695311   0.2729089329239492   -0.24780058878377528   0.29346377191787404   0.021873012757504414   0.35628540482256776   0.2777154049447698   -0.048859893171898296   0.08134154823385831   -0.6146911252783874   0.14405124042008394   0.22763345924573983   0.1696574568222741   0.03564872339466974   0.4460311247978019   0.2058680553121657   0.1095631522748777   -0.29646305693408204   0.1096496422030208   0.040101960294952284   0.25164239910852376   -0.27484659336902856   -0.2599650651410967   0.23505501494769507   0.703589047214501   1.0   0.8189964468120998   -0.04791017823146815   -0.07050053982583729   -0.35553651038832496   0.34468706691719886   0.03448237894703935   0.14842809561795434   0.26211015986244574   0.038924025139326884   0.21962067433493807   0.019273970170447227   -0.08298724398777894   0.1132451941941471   0.11899991395285545   0.035682607482880234   0.02265340584817725   -0.1358107477167163   -0.2606181013724674   -0.11257838294985031   -0.3219184248044763   0.3404281620145319   0.2799171252964347   0.22006636655655587   0.3318614082284521   0.05207014054520135   -0.031425246900199766   0.20732259051965318   0.04062402759346739   -0.1630587006457009   0.12824876947813182   0.02584377407257824   0.07632665652001665   -0.3458611904311774   -0.17829736676859742   -0.10254050123189067   0.4478386629090211   0.03778759269717375   -0.03989901709903157   0.04679837720917028   0.18391152011364448   0.050862103186584254   0.21741436425301533   -0.22832849610966297   -0.12312094726337926   -0.10229824496761056   0.3343582142015592   -0.115382159455641   -0.16838330164335066   -0.2729753148300059   0.08868274635183039   
T_sec   15.0   15.5   16.0   16.5   17.0   17.5   18.0   18.5   19.0   19.5   20.0   20.5   21.0   21.5   22.0   22.5   23.0   23.5   24.0   24.5   25.0   25.5   26.0   26.5   27.0   27.5   28.0   28.5   29.0   29.5   30.0   30.5   31.0   31.5   32.0   32.5   33.0   33.5   34.0   34.5   35.0   35.5   36.0   36.5   37.0   37.5   38.0   38.5   39.0   39.5   40.0   40.5   41.0   41.5   42.0   42.5   43.0   43.5   44.0   44.5   45.0   45.5   46.0   46.5   47.0   47.5   48.0   48.5   49.0   49.5   50.0   50.5   51.0   51.5   52.0   52.5   53.0   53.5   54.0   54.5   55.0   
U34   0.08843715850440305   0.33465672727692625   -0.17722906794563248   -0.09682668929823124   -0.052257001608147335   0.13137552355592438   0.03582507993043841   0.07835814584674712   0.015002964741347295   0.021164651710188546   0.12118534764066992   0.018412790756296253   -0.17059593933571485   0.08751919837995316   -0.09844349378223795   -0.04208930172173722   0.10761075636961936   -0.05672047598077581   -0.3217779082886564   0.1772672264407102   0.1713829923672554   0.28181915358747217   0.05050799722653424   0.09762639132090342   -0.16139161110908223   -0.31868878304619047   0.030808084998588545   0.2333322596573557   0.8677607075583721   1.0   -0.20921226299343101   -0.23696857811411068   -0.20952233440035845   -0.12001206082681663   0.036701821149001924   -0.11254901796608294   -0.10712888686827193   0.30550568269507794   0.05893036650823183   0.04383102548929991   -0.11787653820893318   0.048826201963161404   -0.00524304770317559   0.07744428001662167   0.06869782306067736   0.05909093337479095   0.12207760316289036   -0.3428919511612624   0.27432128116081683   -0.2908222524855065   0.230706108136327   0.08671494855441787   -0.1959952992165959   -0.006882576678445547   0.05233746659108333   -0.06467786966341076   0.161569424790656   0.27634065559238113   0.3075160134480487   0.21324434680979404   -0.025052895589563993   0.232532235198835   -0.18706059224613006   -0.08145864421721302   -0.1629857074319262   -0.19571262605774087   -0.1498336776230829   -0.05962792823524649   -0.13817400951277417   -0.06132521758428487   -0.1612159285614462   0.07654103564976172   -0.04176563419017924   -0.39990179474879434   0.002359961750579878   -0.17558764876955604   -0.15096913798626158   -0.02359191087013659   0.1796143936052842   -0.016297557320821436   0.20975765538095897   
T_sec   15.0   15.5   16.0   16.5   17.0   17.5   18.0   18.5   19.0   19.5   20.0   20.5   21.0   21.5   22.0   22.5   23.0   23.5   24.0   24.5   25.0   25.5   26.0   26.5   27.0   27.5   28.0   28.5   29.0   29.5   30.0   30.5   31.0   31.5   32.0   32.5   33.0   33.5   34.0   34.5   35.0   35.5   36.0   36.5   37.0   37.5   38.0   38.5   39.0   39.5   40.0   40.5   41.0   41.5   42.0   42.5   43.0   43.5   44.0   44.5   45.0   45.5   46.0   46.5   47.0   47.5   48.0   48.5   49.0   49.5   50.0   50.5   51.0   51.5   52.0   52.5   53.0   53.5   54.0   54.5   55.0   
U35   -0.2530764765878818   0.08762014855030613   0.08312601855619416   -0.10901328278522288   0.06745793958079731   0.11595817144063537   -0.1557417760883506   -0.12391644469963989   0.08183278209405549   0.1959643398817109   -0.06668728774983736   -0.09912581458483394   0.007267454127012353   -0.2940621082971995   0.1041736097118799   -0.14987962761767487   0.16204565470212762   -0.010620356508928432   0.08617926934298492   -0.07507977028461665   0.14594024669509845   -0.052514579760293396   -0.09445079275010591   -0.1722144300061744   0.03127910790592148   0.1198385267768288   0.40820913424678534   1.0   0.8586887951444522   0.17358180228514364   -0.056588906015963794   -0.2660130692741822   -0.0539537090742731   -0.26510987144308046   0.14915547606692445   0.07581182351395788   -0.1030361036513916   0.020906507563871916   -0.06342185955886498   0.1581004104430552   -0.033712666125818774   0.24373411024648425   0.12530920420800018   -0.2920969290318836   -0.09533117793863245   -0.371484796740459   -0.03047003891433696   0.07874153424163481   -0.2077988533690877   0.15378246455524333   -0.08944046691828879   -0.03735108906891492   -0.119398217512877   0.05193818277732555   0.27803751698929224   -0.06723751335504306   0.073021174313718   0.22428420869323037   0.05194883261769085   0.1770327262520404   0.12355753882651688   0.11337545980171354   0.04736764684610546   -0.02166106222352646   0.08018096916749505   0.24915480649178792   0.14782016389971353   0.1495328035988306   -0.04078351122752459   0.10059978050283094   -0.12794107719782435   -0.027271748759621975   -0.0853518628548305   -0.06212708855992362   0.04100372534113284   -0.0694109914765084   -0.19588125332248807   0.06033689387124337   -0.019437403237503564   0.09448851481382778   0.027375131469691272   
T_sec   15.0   15.5   16.0   16.5   17.0   17.5   18.0   18.5   19.0   19.5   20.0   20.5   21.0   21.5   22.0   22.5   23.0   23.5   24.0   24.5   25.0   25.5   26.0   26.5   27.0   27.5   28.0   28.5   29.0   29.5   30.0   30.5   31.0   31.5   32.0   32.5   33.0   33.5   34.0   34.5   35.0   35.5   36.0   36.5   37.0   37.5   38.0   38.5   39.0   39.5   40.0   40.5   41.0   41.5   42.0   42.5   43.0   43.5   44.0   44.5   45.0   45.5   46.0   46.5   47.0   47.5   48.0   48.5   49.0   49.5   50.0   50.5   51.0   51.5   52.0   52.5   53.0   53.5   54.0   54.5   55.0   
U36   0.1749670772472349   -0.027929810735417938   0.07335310006671393   -0.08098628833920256   0.10334424046470125   0.26746847168331   0.16985205405264076   -0.12401869989750262   -0.03948880540690549   -0.07339312817882139   -0.04063096898634301   -0.198630199004952   -0.05160577788282586   -0.16440172003676923   -0.04095305896047569   0.11547555191887453   0.06176752846288718   0.05484244283883389   0.2168794209329735   0.2025066675062966   0.16802025486696753   0.05818094014388852   0.36828557217958147   0.16850633472745397   0.21459489420302785   0.5666110570384695   1.0   0.4659223726102094   0.0005541356135829363   -0.03988487457366031   -0.05514623238210951   0.0918733942686044   0.21945239616295664   0.05945815253231677   0.19432960579248892   0.3251438804451914   0.19207638324535867   0.009606672921132679   -0.017469941434566132   0.2857437469230514   0.1379413350222696   0.011880478681877905   -0.14285857202901664   -0.17127543051699068   0.03372657345641793   -0.04514196091504088   0.042299076497411   0.09534369105309   -0.11100307972613463   -0.048154180426880334   0.31776083089918783   0.0384347174237124   0.05505459452089373   0.0729154801295836   -0.18363144665576708   0.1241646103646139   -0.09015662867344086   -0.19992674383853293   0.08545964571683215   -0.0598300444036116   0.169905270535532   -0.11841394570179616   0.20170838190087625   0.08865064753328541   -0.33432252849496286   -0.08726835695106809   -0.2095944839739699   0.013559868404392088   0.0485604395602978   0.16852070584840848   -0.30343337993760616   -0.016365208105565607   0.09526651464230554   0.07407551312074223   0.027143819711662964   -0.021064484993372466   -0.05245811611859052   0.058943503554994475   0.14283038607395446   -0.053079957107809675   -0.008754214526322093   
T_sec   15.0   15.5   16.0   16.5   17.0   17.5   18.0   18.5   19.0   19.5   20.0   20.5   21.0   21.5   22.0   22.5   23.0   23.5   24.0   24.5   25.0   25.5   26.0   26.5   27.0   27.5   28.0   28.5   29.0   29.5   30.0   30.5   31.0   31.5   32.0   32.5   33.0   33.5   34.0   34.5   35.0   35.5   36.0   36.5   37.0   37.5   38.0   38.5   39.0   39.5   40.0   40.5   41.0   41.5   42.0   42.5   43.0   43.5   44.0   44.5   45.0   45.5   46.0   46.5   47.0   47.5   48.0   48.5   49.0   49.5   50.0   50.5   51.0   51.5   52.0   52.5   53.0   53.5   54.0   54.5   55.0   
U37   0.3002378640323315   0.32683752041964764   0.2203577276907938   -0.17988913647586757   -0.2995558438560629   0.06028083587574859   0.00482261060055463   -0.1390664623895336   0.2974618085863377   -0.041758506612338764   0.3046318336234353   0.051350529654957844   -0.0177426238020134   -0.12750041381345673   0.1308484400108425   -0.17305371109436465   0.26290997094674456   -0.04851789829289222   -0.0876760865911798   0.07584377527735676   -0.0036183566717048737   0.21914266830254062   -0.00400064485784933   0.39505478201879307   1.0   0.661152827096652   0.5343909167756277   -0.3209795236126902   -0.11984463597970098   -0.25232713122043143   -0.03354034878465007   0.32973528501121496   -0.09901502765156707   0.12031713131909147   0.03025780382854214   -0.06279847088746403   -0.1069921960079209   0.3717764191759725   -0.053891650326362596   0.28782793875739854   -0.011850112810032329   0.04534696631727265   0.3302420955345088   -0.12033574199306372   -0.03590720072540688   0.26364945712607374   0.006577898665603767   0.17295356086875907   0.46527019710281126   0.08853123504986564   0.0924636668397717   0.026077890520147192   -0.2911421589996256   0.019365138656410954   0.10775353889070154   -0.00832439440944791   0.11122883045030171   -0.015808692597018798   -0.27832639680592514   -0.18630390312952103   0.1576210868434891   0.15541089597993327   0.04009363627211369   0.13757689670185103   0.1498907992502341   -0.11271488953493634   0.07502678686991421   -0.07969473094898401   -0.36329464347947693   -0.0860277756324643   -0.07439881791742749   0.042990843030945636   -0.16753642394813828   -0.03183128176296988   0.054176913115686   0.22697468456714895   -0.23435609330277835   0.09448901117185794   0.3855209888103524   0.13304197417644217   -0.04508920700965783   
T_sec   15.0   15.5   16.0   16.5   17.0   17.5   18.0   18.5   19.0   19.5   20.0   20.5   21.0   21.5   22.0   22.5   23.0   23.5   24.0   24.5   25.0   25.5   26.0   26.5   27.0   27.5   28.0   28.5   29.0   29.5   30.0   30.5   31.0   31.5   32.0   32.5   33.0   33.5   34.0   34.5   35.0   35.5   36.0   36.5   37.0   37.5   38.0   38.5   39.0   39.5   40.0   40.5   41.0   41.5   42.0   42.5   43.0   43.5   44.0   44.5   45.0   45.5   46.0   46.5   47.0   47.5   48.0   48.5   49.0   49.5   50.0   50.5   51.0   51.5   52.0   52.5   53.0   53.5   54.0   54.5   55.0   
U38   0.10424043363879106   0.28821046614143697   -0.0061854385561963795   -0.2042880560003594   0.054141354531792446   0.10919684668776879   -0.1412570220229523   0.008796669759970673   -0.026039693758618157   0.09968114727265084   -0.12530358153031407   0.018132953983928047   -0.23403539720075572   -0.009496093249047433   0.11194431261439901   -0.2580491109893143   0.25536289443800525   0.10296770722601901   0.15897429104978777   0.034044916449896566   0.20569194881673944   0.3376181104446051   0.8146649331910326   0.9861638593837049   1.0   0.5562871888471923   -0.19817380435252338   0.05893872478823596   -0.3024540998720651   -0.12884329632441793   -0.07852601152242725   0.4261872599414937   -0.21108497295733142   -0.02796768640026446   0.0173898056141227   0.1374794073279768   -0.07965256534922331   0.18480474157249546   -0.05397237552417288   0.24368168825710104   -0.10410285832616152   0.12329967078094557   -0.057525429071100996   -0.12473839436999062   -0.0006289992200219615   0.21382250346804693   0.3024109931801498   0.20128026486117248   0.3573560143396628   0.1619574887977851   0.18161356699234635   -0.614587096181419   0.16657075184819942   -0.14473020576247925   0.26125054509219375   -0.043861559134899836   -0.03867811460670293   0.044676782665648514   -0.14930803738002602   0.12709137445940077   -0.1206442628183434   0.0024533503802041585   -0.004534566858739377   -0.13161901963997555   -0.2626835392642393   0.019032642020357694   0.049416587630972425   -0.2230833427526163   0.24334730444636146   -0.15244822420965276   0.053520650131991046   7.34552492780917e-05   -0.12289399622264856   -0.015836292892956547   0.29885435329496196   -0.01421069721333663   -0.054782544777939535   -0.06276783996173958   0.3121350304908246   -0.12993440660989095   -0.25318756306837176   
T_sec   15.0   15.5   16.0   16.5   17.0   17.5   18.0   18.5   19.0   19.5   20.0   20.5   21.0   21.5   22.0   22.5   23.0   23.5   24.0   24.5   25.0   25.5   26.0   26.5   27.0   27.5   28.0   28.5   29.0   29.5   30.0   30.5   31.0   31.5   32.0   32.5   33.0   33.5   34.0   34.5   35.0   35.5   36.0   36.5   37.0   37.5   38.0   38.5   39.0   39.5   40.0   40.5   41.0   41.5   42.0   42.5   43.0   43.5   44.0   44.5   45.0   45.5   46.0   46.5   47.0   47.5   48.0   48.5   49.0   49.5   50.0   50.5   51.0   51.5   52.0   52.5   53.0   53.5   54.0   54.5   55.0   
U39   -0.03767600334808603   -0.09008708219336269   0.025169930467867224   -0.13183577787960274   -0.4025858351866155   0.14981814412207117   0.053913714938800386   -0.27078667952937574   -0.1008904984863813   0.18190312138691933   0.0874463891416677   -0.1569724933472548   -0.17636086787970462   -0.1490964512747161   0.021782861035041307   -0.048604520209129344   -0.09486804464217236   0.29671746886132283   0.13399589403808823   0.40881035551242273   1.0   0.5319724345921956   0.8798181896927808   0.5944902662239923   -0.1442329089937772   -0.01123600905484842   -0.09117833704007378   0.0065367007838802995   0.2754568897275203   0.3153224278210861   0.09846723062469045   0.33195745494772266   0.17153570246992125   0.025070822992235228   0.12347205346828605   -0.05027221182164478   0.13805052709455723   0.028392405297366707   -0.0699406031828826   0.12981003633690705   -0.5774807609185422   -0.1557021389439419   0.39125622194187154   0.16306362945114944   0.16501179095455626   0.42495605973050726   0.19896608418005496   0.3490432288872956   0.2851779637981326   -0.143037654612835   0.24899755799275372   -0.0600083236458636   -0.1998483678250195   0.3487454715597792   0.29835298304689456   0.22229068686589643   -0.0185315127518997   0.13876195551336817   -0.04953690851408552   -0.049415332850776005   -0.22372342052594651   -0.06197713583110973   -0.07280025987624346   -0.23043908098475477   -0.30439024579729096   0.20716041274753502   -0.07908791463019091   -0.13131538814826058   0.1318977448313128   -0.17108082654708276   0.12746579920559722   0.03431806440654202   -0.22738115363784098   -0.08805732136708241   0.07150615585827101   -0.16004920748429566   0.02501792384298121   0.10766265988842423   0.2103464721638748   -0.1275393783516539   0.13684938425316795   
T_sec   15.0   15.5   16.0   16.5   17.0   17.5   18.0   18.5   19.0   19.5   20.0   20.5   21.0   21.5   22.0   22.5   23.0   23.5   24.0   24.5   25.0   25.5   26.0   26.5   27.0   27.5   28.0   28.5   29.0   29.5   30.0   30.5   31.0   31.5   32.0   32.5   33.0   33.5   34.0   34.5   35.0   35.5   36.0   36.5   37.0   37.5   38.0   38.5   39.0   39.5   40.0   40.5   41.0   41.5   42.0   42.5   43.0   43.5   44.0   44.5   45.0   45.5   46.0   46.5   47.0   47.5   48.0   48.5   49.0   49.5   50.0   50.5   51.0   51.5   52.0   52.5   53.0   53.5   54.0   54.5   55.0   
U40   0.09986758045673198   -0.04328924115856021   -0.04915676738039218   -0.039472856368257765   -0.0575248299261808   0.1774234835056556   0.050169358589458604   0.23134108108719503   0.3001707176227725   0.012551509775594022   0.09769531288528799   0.08875460213385745   0.11386585424736502   -0.028968168099426067   -0.062418646932673114   0.2329318475493684   0.2238154444020132   0.8115728102711576   1.0   0.40211445730279277   0.7125745473169364   0.7920406183482718   0.1901921450657122   0.014041976634394316   0.11770770527492155   -0.43226775407699386   0.1166664797960249   0.22388794603619214   0.13215067171139194   0.08905481145882198   0.13498805584601423   0.20449544521221755   0.23288632354657132   0.12759559759429592   -0.21141988185915309   -0.010085201776150968   -0.0033104781837187324   0.02369333359121305   0.16070465453094565   -0.07753560810512233   0.08107384397282931   0.17491741644525752   0.2113004161565389   -0.022960576441965478   -0.03725636504903609   0.19927779374917115   0.05527573643373541   -0.09110872455389492   0.15758511782518844   0.23590667144365407   0.07128272431452864   0.029381123345011972   -0.18003805141889354   -0.1847335341897047   0.20672178316243972   -0.10237877660355833   -0.14167802304572102   -0.006520344268725933   -0.16199523616932554   -0.22661794134792926   -0.10779685996604135   -0.05599199820251639   0.08761216335032426   -0.07998623499932798   -0.12384668520182145   0.09894086888062141   -0.14217653502432673   -0.03780529813262554   0.03293341154483006   0.03226722943426816   -0.26647175974993526   -0.30192656487387814   -0.10060281556291738   0.17351951254375708   0.18419727194473667   0.1718330411065768   -0.07430233221849336   0.26035314147355315   0.39206469946292627   0.12496476400558984   -0.012377292094283388   
sta_location:9.669173394052669,10.256810194673045,10.72682567539604,11.012294002739967,11.588495010120864,12.105602908410988,12.926285371454894,13.499037511779765,13.977840607998711,14.492584562777147,14.54769674628344,15.027239783444674,15.719936195463209,16.389024044636788,16.864479716761082,17.442553345174524,17.535503561291733,18.475300969551938,18.668159732615848,19.264680418008062,19.591983559792506,20.390712633756674,20.526580048170935,21.165817330588744,21.759817977943122,22.300187933617874,22.99082571438208,23.393169555924175,23.703398883915515,24.282650874315554,24.612268615136646,25.012878430472238,25.69292949787733,26.382044947341733,26.84302865408601,27.311172565773656,27.682069329734524,28.1535839503424,28.541173382688473,29.339846002361195,29.987675011560484,
rebuild_index:0,1,2,3,4,5,6,7,8,9,10,11,12,13,14,15,16,17,18,19,20,21,22,23,24,25,26,27,28,29,30,31,32,33,34,35,36,37,38,39,40,
use_index:1,2,3,4,5,6,8,9,12,13,15,16,17,18,20,22,23,24,26,29,30,31,32,33,34,35,36,37,38,39,40,
rebuild_locdata:9.75,10.256810194673045,10.72682567539604,11.012294002739967,11.588495010120864,12.105602908410988,12.926285371454894,13.25,13.977840607998711,14.492584562777147,14.75,15.25,15.719936195463209,16.389024044636788,16.75,17.442553345174524,17.535503561291733,18.475300969551938,18.668159732615848,19.25,19.591983559792506,20.25,20.526580048170935,21.165817330588744,21.759817977943122,22.25,22.99082571438208,23.25,23.75,24.282650874315554,24.612268615136646,25.012878430472238,25.69292949787733,26.382044947341733,26.84302865408601,27.311172565773656,27.682069329734524,28.1535839503424,28.541173382688473,29.339846002361195,29.987675011560484,
cut_start_time:15---cut_windows:40---reduction_v:10---move_time_window_all:0.0
move_time_window:0.0,0.0,0.0,0.0,0.0,0.0,0.0,0.0,0.0,0.0,0.0,0.0,0.0,0.0,0.0,0.0,0.0,0.0,0.0,0.0,0.0,0.0,0.0,0.0,0.0,0.0,0.0,0.0,0.0,0.0,0.0,0.0,0.0,0.0,0.0,0.0,0.0,0.0,0.0,0.0,0.0,
sta_noise_mean:0,0,0,0,0,0,0,0,0,0,0,0,0,0,0,0,0,0,0,0,0,0,0,0,0,0,0,0,0,0,0,0,0,0,0,0,0,0,0,0,0,
sta_noise_sigma:0.15,0.15,0.15,0.15,0.15,0.15,0.15,0.15,0.15,0.15,0.15,0.15,0.15,0.15,0.15,0.15,0.15,0.15,0.15,0.15,0.15,0.15,0.15,0.15,0.15,0.15,0.15,0.15,0.15,0.15,0.15,0.15,0.15,0.15,0.15,0.15,0.15,0.15,0.15,0.15,0.15,
add_noise_region_move_range:0,0,0,0,0,0,0,0,0,0,0,0,0,0,0,0,0,0,0,0,0,0,0,0,0,0,0,0,0,0,0,0,0,0,0,0,0,0,0,0,0,