T_sec   15.0   15.5   16.0   16.5   17.0   17.5   18.0   18.5   19.0   19.5   20.0   20.5   21.0   21.5   22.0   22.5   23.0   23.5   24.0   24.5   25.0   25.5   26.0   26.5   27.0   27.5   28.0   28.5   29.0   29.5   30.0   30.5   31.0   31.5   32.0   32.5   33.0   33.5   34.0   34.5   35.0   35.5   36.0   36.5   37.0   37.5   38.0   38.5   39.0   39.5   40.0   40.5   41.0   41.5   42.0   42.5   43.0   43.5   44.0   44.5   45.0   45.5   46.0   46.5   47.0   47.5   48.0   48.5   49.0   49.5   50.0   50.5   51.0   51.5   52.0   52.5   53.0   53.5   54.0   54.5   55.0   
U0   -0.19863649044122905   0.09807681181552418   0.027669484258857256   0.20314520320653198   -0.13213363104723158   -0.004790788175933458   0.20951314317565198   -0.009100660137841703   0.0020765766987988796   0.04163053800990346   -0.18355075120466696   0.3083403999707916   0.1106125525767258   0.38767673597290264   -0.029789325397062125   0.150047240207394   0.1077212545762308   0.28986185196899983   -0.3183904787218555   0.07569817360164392   0.057414575173389985   0.012298345454648286   0.06691680980699756   0.3188624680503229   -0.03648830539579085   0.02307070250576101   -0.01352449906565852   -0.04731486287185452   -0.09062988572527217   0.0760037100982757   -0.03122672370766188   0.03712946261881037   -0.12503780676509352   -0.018447380964485574   0.0032942882086802283   0.04120558571288849   0.1058343931563732   0.039621045035828695   0.03783280652454651   0.07024782407416205   -0.10734326585943395   0.10350225665641336   0.2947675787468625   -0.14819754355911902   0.269217704269077   1.0   0.9061420789519634   0.0028187979319027525   0.20558732302235957   -0.2980205288807969   -0.11058731723572411   -0.12162366718699354   0.24085737538157923   0.2637315067280686   -0.12064358861492755   -0.3793454587140985   -0.17105304390639298   -0.18075228458058312   -0.26855960869690715   -0.026481114809699273   -0.16615199969109815   -0.01993043770044381   -0.13485240449606925   -0.07380560577970735   0.35675623300086917   0.03508281373097671   0.059327614889993954   0.15020819702957877   0.09320045063864923   -0.054647899781952315   -0.29608966621067945   0.005270430523032261   -0.07682760192012923   -0.09170898497087715   -0.053656288185871245   -0.023097370107817674   -0.004089765061263668   0.16536665800412118   -0.030219384955209573   -0.1374349606718273   -0.1365225155120445   
T_sec   15.0   15.5   16.0   16.5   17.0   17.5   18.0   18.5   19.0   19.5   20.0   20.5   21.0   21.5   22.0   22.5   23.0   23.5   24.0   24.5   25.0   25.5   26.0   26.5   27.0   27.5   28.0   28.5   29.0   29.5   30.0   30.5   31.0   31.5   32.0   32.5   33.0   33.5   34.0   34.5   35.0   35.5   36.0   36.5   37.0   37.5   38.0   38.5   39.0   39.5   40.0   40.5   41.0   41.5   42.0   42.5   43.0   43.5   44.0   44.5   45.0   45.5   46.0   46.5   47.0   47.5   48.0   48.5   49.0   49.5   50.0   50.5   51.0   51.5   52.0   52.5   53.0   53.5   54.0   54.5   55.0   
U1   0.075785072018703   0.03661003410182062   -0.26985158475581217   0.24998204347311304   -0.0695087007059293   -0.07669490292801455   -0.14959841591864165   -0.0935264434243607   -0.08360979616756069   -0.006671453867861694   0.09858968668857475   -0.13837323983376829   -0.0907993905721423   0.05693742076544397   0.005052615595693097   0.21144378636318484   0.02300746176318445   0.06681824119483672   -0.12660542395030194   0.1729047537473965   -0.10131690455933873   -0.07135091825418391   0.00965195377640573   -0.10463479891351661   -0.16439316504321644   0.09387113046046203   0.18214900713940863   -0.22641370803255895   -0.10246607421163922   -0.06866291493716213   -0.03222949347849037   -0.013711909045595   -0.21975182403082624   -0.17618497095359592   0.13138910124554218   0.0556517811650826   0.07310779260661042   -0.05373881338725194   0.16301985945988506   -0.11572656067750525   -0.02272396916590541   0.20983699070573283   0.045996148690556855   -0.050919710486989685   0.08204334774500831   0.24504844913207227   1.0   0.05509688848620077   0.14283886810847052   0.17004752608617374   0.09551733068538205   0.15791258672610234   0.40121863768217886   0.2978392803442512   -0.24877189538844208   -0.3179766075550109   -0.08464286279051125   -0.19840789665294176   -0.023762207403920106   0.004170082855542409   -0.04078618359310024   0.20143178055495647   0.04750130767794592   0.3037539255583279   0.18380488005345466   0.3671632200174907   0.1597360386991782   -0.051102347736804665   0.22456680576995164   -0.061890022756243564   -0.3351899142571407   -0.17774029446327863   -0.19467470773115228   -0.015072031770084655   -0.12513487573053217   -0.15983538083622206   -0.018153575893162712   0.05098331047093866   -0.162762558348185   -0.1799961885212035   -0.14049180011268247   
T_sec   15.0   15.5   16.0   16.5   17.0   17.5   18.0   18.5   19.0   19.5   20.0   20.5   21.0   21.5   22.0   22.5   23.0   23.5   24.0   24.5   25.0   25.5   26.0   26.5   27.0   27.5   28.0   28.5   29.0   29.5   30.0   30.5   31.0   31.5   32.0   32.5   33.0   33.5   34.0   34.5   35.0   35.5   36.0   36.5   37.0   37.5   38.0   38.5   39.0   39.5   40.0   40.5   41.0   41.5   42.0   42.5   43.0   43.5   44.0   44.5   45.0   45.5   46.0   46.5   47.0   47.5   48.0   48.5   49.0   49.5   50.0   50.5   51.0   51.5   52.0   52.5   53.0   53.5   54.0   54.5   55.0   
U2   0.12847123757528656   0.14630857250976165   -0.09322165981322027   0.22001330136092204   0.24751754502142567   -0.22663193487030547   -0.14916878536556677   -0.2838794423235033   0.047272507382785614   -0.07787787052787991   0.05328532069191423   -0.12613136826712587   -0.08337212495761387   -0.1446942822778802   0.277290743285391   0.0011379659264433683   0.15910407329993292   0.22446427131669863   -0.2534872468425537   -0.019135948056155695   -0.19314411888116542   -0.10968570797186818   0.1607021999277409   -0.09532263010506054   0.14438684827572068   0.1383885019962438   0.028938275638784948   -0.0654695993479895   -0.07185362268896417   0.1036450081668319   -0.014917044038231155   -0.05110893386829306   0.2014407116125791   -0.4148701035922891   0.2126308234644302   -0.18121986167407206   -0.28191386668233215   -0.182552764494571   0.39704241625348796   0.10486861739312689   0.27183952895432995   0.04745529796031212   0.1311598883254327   -0.11216779367549677   0.10486591113568114   0.18504842195502716   1.0   0.8014817061769529   0.14351955822093776   0.01705258661691801   0.14779812433899175   0.38029912163555163   0.5267745114769288   0.0574990591339931   -0.45729503710844904   -0.06875633674614666   -0.15561526615355525   -0.03322312373921164   0.2917864635548548   0.28640066598114305   0.2499402942836458   0.4211761496975637   0.14902855869902523   0.2805455606158695   -0.1773521176928473   -0.5270184172227466   -0.26189267131944305   -0.4634443894178209   0.10830430619922833   -0.21782413838556067   -0.179205697091285   0.04102889970376431   0.12311487460595602   -0.3586774152879778   -0.36350791835514173   0.07920321324484607   -0.06577624586659304   0.05612135475117429   -0.06158071827503285   -0.1784059002530918   -0.04134523607026911   
T_sec   15.0   15.5   16.0   16.5   17.0   17.5   18.0   18.5   19.0   19.5   20.0   20.5   21.0   21.5   22.0   22.5   23.0   23.5   24.0   24.5   25.0   25.5   26.0   26.5   27.0   27.5   28.0   28.5   29.0   29.5   30.0   30.5   31.0   31.5   32.0   32.5   33.0   33.5   34.0   34.5   35.0   35.5   36.0   36.5   37.0   37.5   38.0   38.5   39.0   39.5   40.0   40.5   41.0   41.5   42.0   42.5   43.0   43.5   44.0   44.5   45.0   45.5   46.0   46.5   47.0   47.5   48.0   48.5   49.0   49.5   50.0   50.5   51.0   51.5   52.0   52.5   53.0   53.5   54.0   54.5   55.0   
U3   0   0   0   0   0   0   0   0   0   0   0   0   0   0   0   0   0   0   0   0   0   0   0   0   0   0   0   0   0   0   0   0   0   0   0   0   0   0   0   0   0   0   0   0   0   0   0   0   0   0   0   0   0   0   0   0   0   0   0   0   0   0   0   0   0   0   0   0   0   0   0   0   0   0   0   0   0   0   0   0   0   
T_sec   15.0   15.5   16.0   16.5   17.0   17.5   18.0   18.5   19.0   19.5   20.0   20.5   21.0   21.5   22.0   22.5   23.0   23.5   24.0   24.5   25.0   25.5   26.0   26.5   27.0   27.5   28.0   28.5   29.0   29.5   30.0   30.5   31.0   31.5   32.0   32.5   33.0   33.5   34.0   34.5   35.0   35.5   36.0   36.5   37.0   37.5   38.0   38.5   39.0   39.5   40.0   40.5   41.0   41.5   42.0   42.5   43.0   43.5   44.0   44.5   45.0   45.5   46.0   46.5   47.0   47.5   48.0   48.5   49.0   49.5   50.0   50.5   51.0   51.5   52.0   52.5   53.0   53.5   54.0   54.5   55.0   
U4   0.2660548726271396   0.1866723302144316   0.13049664093917368   -0.02253754243709214   0.20805662012013804   0.04584666666081649   -0.2130102692457796   0.033009897679460706   -0.1376579441100269   -0.22233114519173092   0.1659621115459791   0.03733083507638495   -0.3152498758499093   -0.20934117755957893   0.06687768389952954   -0.19879556145185048   0.015203285489108409   -0.027528711420972025   0.17095147491332435   0.057322739180610476   0.20735685942041607   -0.17083825994247215   0.17152282551503367   0.22350276093903174   0.07353545387582847   0.12592222407570977   -0.0035866486173685348   -0.1795465439137133   0.20191196540010722   0.2376809258882847   0.047165672863809106   0.2583272563035593   0.06390795003027801   0.14487121562568372   -0.08990000687680529   0.12379235847310062   0.09729708845607485   0.03732251968248139   0.07667561725890662   0.02883929995014925   0.10841756765349063   -0.19349655332763788   -0.03737790571809246   0.0777931451444711   -0.12516769313755205   -0.012327514617182319   0.2576039213121955   1.0   0.7310759350617739   0.295149428106697   0.38308175903434744   0.12307634546157269   0.43855812984203263   -0.011165796092822951   0.04311488822275232   -0.18963515657430483   -0.4465052455556313   0.1478077418758235   -0.09705500943796772   0.1350587014739354   0.3675422115063767   0.1322201568544368   -0.12763635109321098   -0.32502642742960364   -0.2712473626074493   -0.01974678960891621   -0.08434536189123443   -0.2663043397803139   -0.323279606171056   0.17824802564123893   0.14951640946663614   -0.11979976479684208   0.3017990970476772   0.17051200099493574   -0.2256561665566499   -0.1847811087250891   -0.00020926623093821562   0.3078867292262083   -0.18974763913688855   -0.3413967933395508   0.12152667783380328   
T_sec   15.0   15.5   16.0   16.5   17.0   17.5   18.0   18.5   19.0   19.5   20.0   20.5   21.0   21.5   22.0   22.5   23.0   23.5   24.0   24.5   25.0   25.5   26.0   26.5   27.0   27.5   28.0   28.5   29.0   29.5   30.0   30.5   31.0   31.5   32.0   32.5   33.0   33.5   34.0   34.5   35.0   35.5   36.0   36.5   37.0   37.5   38.0   38.5   39.0   39.5   40.0   40.5   41.0   41.5   42.0   42.5   43.0   43.5   44.0   44.5   45.0   45.5   46.0   46.5   47.0   47.5   48.0   48.5   49.0   49.5   50.0   50.5   51.0   51.5   52.0   52.5   53.0   53.5   54.0   54.5   55.0   
U5   0   0   0   0   0   0   0   0   0   0   0   0   0   0   0   0   0   0   0   0   0   0   0   0   0   0   0   0   0   0   0   0   0   0   0   0   0   0   0   0   0   0   0   0   0   0   0   0   0   0   0   0   0   0   0   0   0   0   0   0   0   0   0   0   0   0   0   0   0   0   0   0   0   0   0   0   0   0   0   0   0   
T_sec   15.0   15.5   16.0   16.5   17.0   17.5   18.0   18.5   19.0   19.5   20.0   20.5   21.0   21.5   22.0   22.5   23.0   23.5   24.0   24.5   25.0   25.5   26.0   26.5   27.0   27.5   28.0   28.5   29.0   29.5   30.0   30.5   31.0   31.5   32.0   32.5   33.0   33.5   34.0   34.5   35.0   35.5   36.0   36.5   37.0   37.5   38.0   38.5   39.0   39.5   40.0   40.5   41.0   41.5   42.0   42.5   43.0   43.5   44.0   44.5   45.0   45.5   46.0   46.5   47.0   47.5   48.0   48.5   49.0   49.5   50.0   50.5   51.0   51.5   52.0   52.5   53.0   53.5   54.0   54.5   55.0   
U6   -0.18154227582695637   -0.28145701668052625   -0.0573360867447761   0.26514802623946854   -0.024078295635855076   0.17247530038937844   -0.1980304503510674   0.1885379792198386   0.009174035131100967   0.08361850194685332   -0.057472353073635   0.227933019503908   0.07464825474976267   0.1296364588381938   -0.3085333122420258   0.04891584361897198   -0.07963303052765668   0.06523303078030339   0.270928652475865   -0.3269944271205941   0.13933355125676014   0.06237035113114102   -0.25329890286231427   0.07664442125590747   -0.17950974284645438   -0.007951566520958252   -0.005339511983548751   -0.17955663338685773   0.024956170196755164   -0.11414862721187463   0.08125733888807278   -0.008298846939959035   0.06291184421795076   -0.006233082879910484   0.014790872087992148   0.1487169900822926   -0.21279904857514423   -0.13262766476679055   -0.14098470384532452   0.1341388019725198   -0.043724585029717364   0.10115242778967876   -0.02352475390874923   -0.1947869212013821   0.28743957682743393   0.14638731132839303   0.05857095732148477   0.6540622716507557   1.0   0.8447871974180258   0.7931990859274254   0.7811510585070598   0.13909486644965038   -0.6127644630969452   -0.145714861801711   0.17133153251914895   0.36489438013040554   0.6498629414124936   0.6800645294180867   -0.2607258899525577   -0.4914037034875234   -0.22161389962548478   -0.015538824345312022   -0.1094666314229833   -0.008011491649180464   -0.04617436189325551   -0.31052654305365784   -0.07392839908649439   -0.16414131807307225   -0.06815495865395378   -0.1896934225834733   0.12530984900124675   0.10727715809380153   0.3425574544885531   -0.08774354362393297   0.19355075332402535   -0.4169397857422695   -0.3423562573175656   -0.20414307262824827   0.006327230110237921   -0.21688978895136538   
T_sec   15.0   15.5   16.0   16.5   17.0   17.5   18.0   18.5   19.0   19.5   20.0   20.5   21.0   21.5   22.0   22.5   23.0   23.5   24.0   24.5   25.0   25.5   26.0   26.5   27.0   27.5   28.0   28.5   29.0   29.5   30.0   30.5   31.0   31.5   32.0   32.5   33.0   33.5   34.0   34.5   35.0   35.5   36.0   36.5   37.0   37.5   38.0   38.5   39.0   39.5   40.0   40.5   41.0   41.5   42.0   42.5   43.0   43.5   44.0   44.5   45.0   45.5   46.0   46.5   47.0   47.5   48.0   48.5   49.0   49.5   50.0   50.5   51.0   51.5   52.0   52.5   53.0   53.5   54.0   54.5   55.0   
U7   -0.0018539814528608799   -0.01985967464161206   0.015911524140496392   0.045438243487184324   0.1611928124071034   0.02222751740236973   0.25224758798810376   -0.24417765735261773   0.06721832399555427   -0.016206015266205073   0.10391272456402435   0.11829226472123389   0.13071584062457506   -0.10658005360411935   0.10697350809000977   0.058470379589109986   -0.3969710601057094   0.08391887844659585   0.07385869800298098   0.05212950135927265   -0.08621397252866503   -0.05894413589408325   0.10789501050412278   -0.04705011963057317   -0.10445446662405057   -0.06323375875322498   -0.16557400433408997   -0.06464372576779004   -0.03590439503590646   0.0884224482906459   0.1762700913094754   -0.1358466343371232   0.12347386460310292   -0.004512742375823936   -0.026026723749961206   0.11915929701116054   -0.022461583753825575   -0.06291332887493396   0.06439635137848639   -0.043067821159662005   0.3342397906450191   -0.030438270686188082   -0.18816404321157518   0.2085485363156446   -0.046655819300985744   0.10631490842900142   -0.054394945719666264   -0.11111725649330603   -0.05087339617831018   1.0   0.6668994650114354   0.9145192152675943   0.2195142495534131   -0.4587515693873178   0.24118237096745088   -0.17628602007016014   0.48036598947916664   0.5637961044841862   -0.23506014483217763   -0.189817251976722   -0.0493491792209532   -0.13106092052005847   0.07054607221174158   -0.07707025865164295   0.1511540649615434   0.028557816739310467   -0.2989556323153948   -0.2930049993088356   -0.47526925453163205   -0.1673771195877773   -0.10359980352303659   0.011065756888238307   -0.14240723223931484   0.02787549269383744   -0.16184606575525215   -0.04566998448039727   -0.32895582508793164   0.04677658495919835   0.15736611762142175   -0.15781719369043615   -0.08779067621863695   
T_sec   15.0   15.5   16.0   16.5   17.0   17.5   18.0   18.5   19.0   19.5   20.0   20.5   21.0   21.5   22.0   22.5   23.0   23.5   24.0   24.5   25.0   25.5   26.0   26.5   27.0   27.5   28.0   28.5   29.0   29.5   30.0   30.5   31.0   31.5   32.0   32.5   33.0   33.5   34.0   34.5   35.0   35.5   36.0   36.5   37.0   37.5   38.0   38.5   39.0   39.5   40.0   40.5   41.0   41.5   42.0   42.5   43.0   43.5   44.0   44.5   45.0   45.5   46.0   46.5   47.0   47.5   48.0   48.5   49.0   49.5   50.0   50.5   51.0   51.5   52.0   52.5   53.0   53.5   54.0   54.5   55.0   
U8   0.2773505782458562   -0.37909315880379696   -0.09488709548425235   0.20441262756675155   0.0031106956927538453   -0.12383837007458076   -0.025980574182730237   0.13750750905153977   0.1085116739682178   -0.2656619316649782   0.08960201357268868   -0.1699290992897058   -0.09156793440095734   0.22070404994324125   0.02731433585820867   -0.1346728443621243   -0.10333154899563783   -0.031855625941123684   -0.21222014512125784   -0.22274382840841642   0.1881122469052188   -0.15475084137903955   -0.01641583015011336   0.1633596911898627   0.03186745786601946   0.44547115960273354   0.0855618397482476   0.22327701166129732   -0.031689199029896996   -0.003934262837327383   -0.059675879230900924   0.07512102301148114   -0.23509639298345808   0.07653592703986575   -0.001799650121008437   -0.28231011221803043   -0.038616597586834986   0.1338899170692766   0.14202005218723743   0.16486031856820227   -0.33975403277170857   0.00733672336792551   0.08268767849169403   -0.06867733925322539   0.021825354865019894   0.13446343425037482   -0.16158067462813916   -0.027672744379777372   0.10296966970461865   0.82549089699889   0.9751565757647893   1.0   0.3722723322983453   0.10684822691856598   -0.062443811187937466   0.5438067600069967   0.930684761124716   0.09675451480603522   -0.28123800601454024   -0.04594691102787533   0.08619447343904489   -0.22480437838776043   -0.03828758384732813   -0.21856649449145993   -0.10908109145314555   -0.2449753839543448   0.046923016311316415   0.08180092729038539   -0.10845741042521329   -0.2768789312122421   -0.21867561685858392   -0.33729561787701184   -0.11808410289722235   -0.1605442357399152   -0.1056224222114979   -0.2275571576161604   0.02175543419238341   -0.20970845070546634   -0.14350782460773912   -0.2659884055358376   0.11519684822543291   
T_sec   15.0   15.5   16.0   16.5   17.0   17.5   18.0   18.5   19.0   19.5   20.0   20.5   21.0   21.5   22.0   22.5   23.0   23.5   24.0   24.5   25.0   25.5   26.0   26.5   27.0   27.5   28.0   28.5   29.0   29.5   30.0   30.5   31.0   31.5   32.0   32.5   33.0   33.5   34.0   34.5   35.0   35.5   36.0   36.5   37.0   37.5   38.0   38.5   39.0   39.5   40.0   40.5   41.0   41.5   42.0   42.5   43.0   43.5   44.0   44.5   45.0   45.5   46.0   46.5   47.0   47.5   48.0   48.5   49.0   49.5   50.0   50.5   51.0   51.5   52.0   52.5   53.0   53.5   54.0   54.5   55.0   
U9   0   0   0   0   0   0   0   0   0   0   0   0   0   0   0   0   0   0   0   0   0   0   0   0   0   0   0   0   0   0   0   0   0   0   0   0   0   0   0   0   0   0   0   0   0   0   0   0   0   0   0   0   0   0   0   0   0   0   0   0   0   0   0   0   0   0   0   0   0   0   0   0   0   0   0   0   0   0   0   0   0   
T_sec   15.0   15.5   16.0   16.5   17.0   17.5   18.0   18.5   19.0   19.5   20.0   20.5   21.0   21.5   22.0   22.5   23.0   23.5   24.0   24.5   25.0   25.5   26.0   26.5   27.0   27.5   28.0   28.5   29.0   29.5   30.0   30.5   31.0   31.5   32.0   32.5   33.0   33.5   34.0   34.5   35.0   35.5   36.0   36.5   37.0   37.5   38.0   38.5   39.0   39.5   40.0   40.5   41.0   41.5   42.0   42.5   43.0   43.5   44.0   44.5   45.0   45.5   46.0   46.5   47.0   47.5   48.0   48.5   49.0   49.5   50.0   50.5   51.0   51.5   52.0   52.5   53.0   53.5   54.0   54.5   55.0   
U10   0.13347495018738983   0.20910076439209116   0.08708423848366456   -0.11908293336988554   0.04811528955019066   0.02122394135822745   0.18689753782421406   -0.0181468004277616   -0.11157697600376787   -0.057923792968845096   -0.2284413469520704   -0.013091238074850114   0.06870522906083341   0.04324800602309664   0.2759380434717364   -0.001933852243312691   0.12922657687910818   0.1409168174118971   0.22911898239912815   0.23920141699970068   0.19162266872011488   0.25840449895321477   -0.15385627797768914   -0.06957385657809032   -0.24800053399863306   -0.08394203623469526   0.12739121134300857   0.21736317486027895   0.10853238038679087   -0.006303808885018261   -0.08996033174444512   0.044095584168679536   -0.250538482930962   -0.09062804227613933   -0.08434409311058715   -0.00041003257681498256   0.030401584905755043   -0.030738066367079882   -0.010956620934868253   -0.32874301811424894   -0.06208175852098163   -0.07631967335318093   0.03480525197347816   0.0029215091799367323   0.08741386223298821   0.21710324699769162   -0.15906297630977193   0.06689693354806744   0.12235509529222809   0.37742238050829097   0.6891353554724434   0.880474363835067   0.41905523020640495   0.0158717631471832   0.2104506217813078   1.0   -0.08849839160166095   -0.3116815208861657   -0.3753571633706049   -0.15197951516683678   -0.2086718300668303   0.03480520452919638   0.07042717508668876   -0.26121895558725794   0.009656849754758792   -0.033607348376015575   -0.2899677814051622   -0.061811911662939256   -0.013175913759079906   -0.3354541372330294   0.04434227664052036   -0.10431913513510378   -0.0533669300724719   -0.0111012660372028   -0.13493363411630444   0.025008941355928335   0.02495065042337806   -0.0917744950432239   0.060527107094313845   -0.10921972257087076   -0.05752683810621787   
T_sec   15.0   15.5   16.0   16.5   17.0   17.5   18.0   18.5   19.0   19.5   20.0   20.5   21.0   21.5   22.0   22.5   23.0   23.5   24.0   24.5   25.0   25.5   26.0   26.5   27.0   27.5   28.0   28.5   29.0   29.5   30.0   30.5   31.0   31.5   32.0   32.5   33.0   33.5   34.0   34.5   35.0   35.5   36.0   36.5   37.0   37.5   38.0   38.5   39.0   39.5   40.0   40.5   41.0   41.5   42.0   42.5   43.0   43.5   44.0   44.5   45.0   45.5   46.0   46.5   47.0   47.5   48.0   48.5   49.0   49.5   50.0   50.5   51.0   51.5   52.0   52.5   53.0   53.5   54.0   54.5   55.0   
U11   -0.09245252608408226   -0.028371048552669708   -0.2019680434276607   0.20949997006780238   0.012182579461845313   -0.04706188943628396   0.056006848830103505   0.22992767525173202   -0.1129315104873129   -0.28660746914108204   0.09121449921487847   0.043326074473291794   0.025054699709419325   0.003840202729237226   -0.05326900569013841   0.03525345787133084   0.1407114029962926   -0.012287290474779253   -0.05428611445087989   -0.049447660502417584   0.057139588341890944   -0.061823795090802186   -0.05681833634477202   -0.05885662674364153   -0.055367325456588616   -0.29347292881231607   -0.054090676059385466   0.014516291361190684   -0.1564570840288987   0.1762483645764163   -0.1326933926213598   -0.21553664721282093   -0.0023822436037041254   -0.03994577380958848   0.06772626957316172   -0.04225290788029911   -0.18322657632827605   -0.08946891412880639   0.02753686505327198   0.1011585414094673   0.06278654208928365   0.00842092135062771   0.1269670568785777   0.2523021503184195   -0.17444118139094408   -0.0043722723905175575   -0.0016404340756157457   -0.20699498265641916   -0.1575080366080601   0.12193646603118381   0.4847356418930409   1.0   0.4071250095551826   0.1158482722648361   0.6562473110044829   0.465727973798545   -0.511451449575466   -0.2359538513713298   -0.31328830539382957   -0.1193447242055201   -0.34040400395916043   -0.18351289268722856   0.11968361347521199   -0.14656539975383306   0.03850626793047007   0.07070487209848114   0.000706250186866522   0.01866217609100214   0.04724603793652734   -0.11328491414026377   0.03591293697922878   -0.22590899528674643   0.06996762556735683   -0.2768956198631574   -0.22155833087624777   0.12013171065029707   -0.020241684756672613   -0.146118739636509   0.03343769458624526   -0.08619335112317873   0.004949815365417161   
T_sec   15.0   15.5   16.0   16.5   17.0   17.5   18.0   18.5   19.0   19.5   20.0   20.5   21.0   21.5   22.0   22.5   23.0   23.5   24.0   24.5   25.0   25.5   26.0   26.5   27.0   27.5   28.0   28.5   29.0   29.5   30.0   30.5   31.0   31.5   32.0   32.5   33.0   33.5   34.0   34.5   35.0   35.5   36.0   36.5   37.0   37.5   38.0   38.5   39.0   39.5   40.0   40.5   41.0   41.5   42.0   42.5   43.0   43.5   44.0   44.5   45.0   45.5   46.0   46.5   47.0   47.5   48.0   48.5   49.0   49.5   50.0   50.5   51.0   51.5   52.0   52.5   53.0   53.5   54.0   54.5   55.0   
U12   -0.06282009288323903   -0.11906160270874734   -0.2628908950006404   0.07256343982338648   0.07313720989233649   -0.07747360613167394   0.16581848883482464   -0.20299839534011485   -0.10141343601602999   -0.05930434452516091   0.22850931857757112   0.12479601973304921   -0.13494233905018901   0.18603812956168583   -0.13470168156741089   0.017742221814318608   0.02655783984877329   -0.053887298303883564   0.0585636427930994   -0.13163256808771484   -0.07848075880779294   -0.01764746744197881   0.5016218582141688   0.14646795222309697   0.143168302624101   -0.01762272725026742   0.35904234334722485   -0.24228989746309001   0.18286839347446524   -0.060316809624948384   -0.015284917237430777   -0.007091570003807653   0.13150515257393658   0.043563354540414295   0.030390249981676817   -0.1990100106867997   -0.21049228398716685   0.2120361892708199   -0.04121378671164819   0.24232944613479834   -0.0427330875983327   -0.08240960321707973   -0.05564252850432263   0.14995764457455554   -0.10065261738259978   0.055051034618565094   -0.027057905117754723   -0.14353444292675605   0.0711709315253609   0.06119131517395856   0.0710858800944115   0.6873937086431655   1.0   0.7942382617940718   0.5634617859916831   -0.3440325624755475   -0.5171059170127804   -0.39373372288244657   -0.14550690685086232   -0.21027091402699286   -0.15800806992747546   -0.021804001787644654   -0.10827078707913877   -0.06823588192206832   0.2775643058352873   0.127684837308694   -0.26493098467349263   0.1369261606462606   -0.0884272528127254   -0.07226821518370503   0.18457173335626914   0.24281126107151194   -0.07887830601734497   -0.07037356142214156   -0.10660763615272811   -0.05872665117772472   0.12013600873614136   0.0756441546818599   -0.09248443572426938   0.11918620782168202   0.05393298163983268   
T_sec   15.0   15.5   16.0   16.5   17.0   17.5   18.0   18.5   19.0   19.5   20.0   20.5   21.0   21.5   22.0   22.5   23.0   23.5   24.0   24.5   25.0   25.5   26.0   26.5   27.0   27.5   28.0   28.5   29.0   29.5   30.0   30.5   31.0   31.5   32.0   32.5   33.0   33.5   34.0   34.5   35.0   35.5   36.0   36.5   37.0   37.5   38.0   38.5   39.0   39.5   40.0   40.5   41.0   41.5   42.0   42.5   43.0   43.5   44.0   44.5   45.0   45.5   46.0   46.5   47.0   47.5   48.0   48.5   49.0   49.5   50.0   50.5   51.0   51.5   52.0   52.5   53.0   53.5   54.0   54.5   55.0   
U13   -0.312320160713912   -0.20163251987946926   0.12517125772500265   0.029024316673166302   -0.2428655423507271   -0.0588401211954572   0.060269078473815206   0.015044251552137771   0.19069302608114558   0.2916299411480373   0.21219478366358405   0.21664333313312395   -0.19211402163111996   0.23265434404466306   0.11334739882021927   0.10540662274030844   -0.21479435365911942   -0.12149519480453727   -0.021683172018253438   0.03759023959204561   -0.06573591495527586   0.12010876785638282   -0.21777722795932214   -0.02664792292452973   -0.04354137715494987   -0.17185537328571546   -0.11883273104282654   0.04205713588051112   -0.08366058737755662   -0.23730886869472145   -0.23875759775445526   -0.14040414471553084   0.30911816094530725   -0.031358676402690154   -0.050919010893047414   0.04905513403954121   0.20259484835149905   -0.17513185686291208   0.08946791712314338   -0.06884753954982926   0.331594290537165   -0.06571436932161243   0.11860130869588235   -0.3687574547654914   0.20203401693557838   0.08414727045281331   0.08475390075850174   -0.07038316447296407   -0.26456083395037816   0.004296515285523038   0.022118885185867836   0.6584375143449581   1.0   0.7102445954670006   0.04974840911749112   -0.40071096087980523   -0.10941882487821356   -0.38669289143476393   -0.1338978446096969   -0.297490867565109   -0.2760659293596286   -0.29205664371941026   -0.11476220394080898   -0.12554194780046418   -0.2581514044817473   -0.01553924079243148   -0.2583625902393995   -0.03136442763667184   0.04810841857812893   -0.3331388905593774   0.1209434763382178   0.20972784642901066   -0.07306040454454174   0.036310226725415076   0.01911392533584436   0.089392812246589   -0.3537762110227925   0.20653382437187048   0.04152394402451262   0.029624798434519   0.13636423785748097   
T_sec   15.0   15.5   16.0   16.5   17.0   17.5   18.0   18.5   19.0   19.5   20.0   20.5   21.0   21.5   22.0   22.5   23.0   23.5   24.0   24.5   25.0   25.5   26.0   26.5   27.0   27.5   28.0   28.5   29.0   29.5   30.0   30.5   31.0   31.5   32.0   32.5   33.0   33.5   34.0   34.5   35.0   35.5   36.0   36.5   37.0   37.5   38.0   38.5   39.0   39.5   40.0   40.5   41.0   41.5   42.0   42.5   43.0   43.5   44.0   44.5   45.0   45.5   46.0   46.5   47.0   47.5   48.0   48.5   49.0   49.5   50.0   50.5   51.0   51.5   52.0   52.5   53.0   53.5   54.0   54.5   55.0   
U14   0.30627948934602894   0.11653279774441991   -0.11777021497122044   -0.26725665510748736   0.31658422969958694   0.016304222542058   -0.2308341384068589   -0.087903916894046   0.3160711386240531   0.04573221347353453   0.28784382322421104   -0.08055609236306557   -0.23376325407493953   -0.3080078845765879   -0.1990144345122072   0.004286261376654416   0.11519349338149698   -0.1498393078853632   -0.21517867819230851   0.03530252521150204   -0.07552413302916731   -0.22837053891790185   -0.11785468896901441   -0.0017409432353152519   0.17341393513156617   0.0535630869536238   0.007894556095699315   0.18558478674740522   0.16933667769176022   -0.04292590346074699   -0.017252322428655136   0.018633183723470247   -0.057280001369570115   0.03119097533497877   -0.1501938685204808   -0.1606799046036824   0.08632791315095939   -0.18810727587429282   0.06826044273832861   -0.08484747736305437   -0.12348100366439733   -0.013587435127434013   0.1050625010651008   -0.09197429407051726   0.1582533054971542   0.22688252887836394   0.0862805342532142   0.18350010536848618   0.0346170873917359   0.0029137027279899108   0.2265970225379023   0.5305892631076127   1.0   0.7642794713653952   -0.14062832515484364   -0.1696424488843871   -0.06506377507669779   -0.3512962982585075   -0.03738276453954635   0.15627727986610226   0.16836578523907433   -0.24435162414751327   -0.014909855717248727   0.18831267904428384   -0.057930038969798446   -0.0630062456900285   0.07216151728098871   -0.09065996117346356   -0.27716223205802215   -0.12381796983829839   0.2217588027399988   -0.0023710831037155287   -0.3339304551298428   0.0021825424123374936   -0.029766492202807998   -0.36380290673252735   0.04055810426867925   -0.16318379805782526   0.11765976047775671   0.1100841906440931   -0.26857395174593246   
T_sec   15.0   15.5   16.0   16.5   17.0   17.5   18.0   18.5   19.0   19.5   20.0   20.5   21.0   21.5   22.0   22.5   23.0   23.5   24.0   24.5   25.0   25.5   26.0   26.5   27.0   27.5   28.0   28.5   29.0   29.5   30.0   30.5   31.0   31.5   32.0   32.5   33.0   33.5   34.0   34.5   35.0   35.5   36.0   36.5   37.0   37.5   38.0   38.5   39.0   39.5   40.0   40.5   41.0   41.5   42.0   42.5   43.0   43.5   44.0   44.5   45.0   45.5   46.0   46.5   47.0   47.5   48.0   48.5   49.0   49.5   50.0   50.5   51.0   51.5   52.0   52.5   53.0   53.5   54.0   54.5   55.0   
U15   -0.0526048221589279   -0.17449246219358608   -0.20058928492052563   0.20536258122875348   -0.16743637596950026   0.09688226064933987   0.018551308684121935   0.09227774683824655   -0.03477340074042759   -0.12075937355920387   -0.0972337206341571   -0.16574135234660992   0.022006722653688082   -0.15147918502878915   0.06188982656574091   -0.1802193003282645   -0.11428543419589189   -0.008781925541596184   0.16284443959468767   0.13110818368102117   -0.06357536320746984   -0.1664314072709711   -0.0122571697305674   0.10474530836809985   -0.031573556147333384   -0.034493420515792246   0.20279777112699637   -0.09296430610033624   0.12311981733400039   0.007277855361268744   -0.21985435091714248   0.07006687346862442   0.007690524731909063   0.03349309828870992   0.31227585311210426   0.24444484063081576   -0.05849243329770525   0.003407453716861786   0.17147104256740517   -0.02840903617409884   -0.06555717917950238   -0.08149151052961809   0.3088905755845865   0.12430742995489769   0.03111316092318702   0.11981418972460668   0.12242924638795588   -0.12599369366251137   0.12627289132159505   0.1571991813863953   0.9118356491706506   0.61242752680439   1.0   0.6204761602486729   -0.26763038506368514   -0.4881824995279447   -0.33679273030131707   -0.08132050341204675   -0.24004623228962885   -0.40312618596536426   0.10865312472637222   -0.4287664235968625   -0.25581011489905997   0.14640326191964134   0.13585901009638995   0.026399952094792435   -0.2939505528245636   -0.2678818919488411   -0.116922750180202   -0.04084444163579735   -0.14610749301770146   -0.21575762136639182   0.016638497099674663   0.06332371494611953   0.015479635830365383   0.2976462758173725   0.15084964456843641   0.1814349430460102   -0.010245626869992454   0.13905838744206753   0.023291246428981394   
T_sec   15.0   15.5   16.0   16.5   17.0   17.5   18.0   18.5   19.0   19.5   20.0   20.5   21.0   21.5   22.0   22.5   23.0   23.5   24.0   24.5   25.0   25.5   26.0   26.5   27.0   27.5   28.0   28.5   29.0   29.5   30.0   30.5   31.0   31.5   32.0   32.5   33.0   33.5   34.0   34.5   35.0   35.5   36.0   36.5   37.0   37.5   38.0   38.5   39.0   39.5   40.0   40.5   41.0   41.5   42.0   42.5   43.0   43.5   44.0   44.5   45.0   45.5   46.0   46.5   47.0   47.5   48.0   48.5   49.0   49.5   50.0   50.5   51.0   51.5   52.0   52.5   53.0   53.5   54.0   54.5   55.0   
U16   0.039946523888709826   -0.05117377584314336   0.0004017567672083292   0.17140761266534854   0.3381347332801102   -0.008326315466178607   -0.03732578155501966   0.06099788231066355   -0.022866372741745678   -0.007507009957997831   -0.05995942323117522   0.09463133126468345   0.1690652752247613   -0.09462513385554308   -0.0787099367141119   0.0867089076387058   -0.0382778247279142   0.10538093577210669   -0.029321373800803196   0.11768587599303885   -0.07804378219153568   -0.10440979300464892   -0.015319559206784452   0.008768398139166666   -0.05894518772149182   -0.19578435117121304   0.10943385852386284   -0.029020236434924136   0.03225621325979625   0.28748423201073325   -0.04045029258782605   -0.07946355181898775   0.20201401270503097   -0.03081348926474161   0.19411296653489388   0.12031683430915871   -0.10853108439413207   0.07147414677595902   -0.03317057510969544   -0.11718774557883972   0.009465028090267943   -0.15059653791996133   -0.04396859658194775   -0.16780937941267024   -0.07624254375609092   -0.030071158905381163   0.11109052098641005   0.2956527985225691   0.15690483648506312   0.2428239825714555   0.8475596544446421   1.0   0.9477557871338504   0.816088509225512   -0.1288779667696549   -0.2954500535431523   -0.2446951230056117   -0.14014255386747995   0.18217303178543204   -0.14923613548335599   0.13470214837753594   -0.3068314838692408   -0.20449566496751584   0.133068770239378   -0.3160245275564028   -0.07814189420053927   0.09257995428474518   -0.011109475681605908   -0.27096259275514356   -0.13102807802198488   -0.15818208066260794   -0.2988522740751786   0.14859396134830474   -0.11368824700507259   0.3006954629250416   -0.0769033441223666   -0.0676229075371235   -0.0797390946949024   0.09678177692086448   0.019571247805999722   -0.3448352919017132   
T_sec   15.0   15.5   16.0   16.5   17.0   17.5   18.0   18.5   19.0   19.5   20.0   20.5   21.0   21.5   22.0   22.5   23.0   23.5   24.0   24.5   25.0   25.5   26.0   26.5   27.0   27.5   28.0   28.5   29.0   29.5   30.0   30.5   31.0   31.5   32.0   32.5   33.0   33.5   34.0   34.5   35.0   35.5   36.0   36.5   37.0   37.5   38.0   38.5   39.0   39.5   40.0   40.5   41.0   41.5   42.0   42.5   43.0   43.5   44.0   44.5   45.0   45.5   46.0   46.5   47.0   47.5   48.0   48.5   49.0   49.5   50.0   50.5   51.0   51.5   52.0   52.5   53.0   53.5   54.0   54.5   55.0   
U17   0   0   0   0   0   0   0   0   0   0   0   0   0   0   0   0   0   0   0   0   0   0   0   0   0   0   0   0   0   0   0   0   0   0   0   0   0   0   0   0   0   0   0   0   0   0   0   0   0   0   0   0   0   0   0   0   0   0   0   0   0   0   0   0   0   0   0   0   0   0   0   0   0   0   0   0   0   0   0   0   0   
T_sec   15.0   15.5   16.0   16.5   17.0   17.5   18.0   18.5   19.0   19.5   20.0   20.5   21.0   21.5   22.0   22.5   23.0   23.5   24.0   24.5   25.0   25.5   26.0   26.5   27.0   27.5   28.0   28.5   29.0   29.5   30.0   30.5   31.0   31.5   32.0   32.5   33.0   33.5   34.0   34.5   35.0   35.5   36.0   36.5   37.0   37.5   38.0   38.5   39.0   39.5   40.0   40.5   41.0   41.5   42.0   42.5   43.0   43.5   44.0   44.5   45.0   45.5   46.0   46.5   47.0   47.5   48.0   48.5   49.0   49.5   50.0   50.5   51.0   51.5   52.0   52.5   53.0   53.5   54.0   54.5   55.0   
U18   -0.17501075943249234   -0.033839447943318134   0.005280511034550753   0.003300929437595554   -0.08314686133917436   -0.24424585795230552   -0.15552803016031902   -0.006166481628215193   0.030141970235622335   0.09506485553298918   -0.0595546988456859   0.047195212964589124   0.20652137742171817   -0.13884526937848096   0.14546921452801065   0.04793005259066897   0.05452068801431505   0.07411168363393783   0.06502817821218555   0.1272196457530963   -0.03552479979255298   0.07653480534363072   -0.13066185972493224   -0.12863452459411212   0.16207277011355203   -0.19969973890344586   0.02214458002771469   0.22178918521345706   -0.12878540039127873   -0.16067065326527702   -0.16100749050382826   -0.26946191872194114   -0.004510081728043043   -0.2668359222169553   0.04742852348036306   -0.0795753628389978   -0.015966870196241937   0.2611783109271374   0.06193269011899192   0.11038893437775978   0.15324771234349918   -0.054102396595084534   -0.226532024242656   -0.11864753569082465   0.02572538519945672   0.016373872613826237   0.21624353254042897   0.6967733680670342   0.9706748998555937   1.0   0.2865014707781833   0.6987212754060218   0.9322410234298464   0.7466362025901019   -0.07079991688670846   -0.06911354564043118   -0.6802973013277279   -0.274768110026089   -0.3633709429479307   -0.050847658673525926   -0.2642973401962943   -0.07766686895865986   -0.2933683537790621   0.21744000012505046   -0.17783389733873206   -0.020389701870819482   0.07322110688837913   0.04876988909276803   -0.2706488635789657   -0.26323366095380896   -0.2717268029437729   0.3588542283724159   -0.05602734529385331   0.11381515767508317   -0.048023336772738255   -0.180773427236903   0.05564464337480013   0.07019657006656106   0.3252580287350919   -0.027833223491908685   0.15658415635820244   
T_sec   15.0   15.5   16.0   16.5   17.0   17.5   18.0   18.5   19.0   19.5   20.0   20.5   21.0   21.5   22.0   22.5   23.0   23.5   24.0   24.5   25.0   25.5   26.0   26.5   27.0   27.5   28.0   28.5   29.0   29.5   30.0   30.5   31.0   31.5   32.0   32.5   33.0   33.5   34.0   34.5   35.0   35.5   36.0   36.5   37.0   37.5   38.0   38.5   39.0   39.5   40.0   40.5   41.0   41.5   42.0   42.5   43.0   43.5   44.0   44.5   45.0   45.5   46.0   46.5   47.0   47.5   48.0   48.5   49.0   49.5   50.0   50.5   51.0   51.5   52.0   52.5   53.0   53.5   54.0   54.5   55.0   
U19   -0.14305735201490827   -0.3127942460517863   -0.1340853795563743   -0.148017738740505   -0.02263151867079162   -0.05063195211811654   0.183906398188759   0.2418848034100091   -0.07989899127586107   -0.049213660832911336   0.0908013940063794   0.11534585628621151   -0.17066160295671765   -0.11520187938245445   -0.20870003441058432   0.026650776655251375   -0.07961368352453581   -0.04259115741991012   0.017726643542807768   0.24718406585436867   0.015975006842281272   0.06688675735165338   -0.04054604257402597   0.16558380901326303   -0.008988461778279631   -0.18701554996579955   0.14661470239885507   -0.12366968249231654   0.11486875522197162   0.27803446376120117   -0.043856607130110185   0.11071329666759584   -0.010284636081363638   -0.16598962185276944   0.1780089757269403   0.02345204642241949   0.21595286725430904   -0.03423390590372256   0.16051072522311619   -0.15812426517198144   -0.027613008085428114   0.08455737911703788   0.09403035878103823   0.03182616462592689   0.0745665904501728   0.3541780705187081   0.8245425190389859   0.8530760679374882   0.41486496292140534   0.45740532147794355   0.6575470885141913   1.0   0.8341358312757239   0.35832379837767686   -0.03104592547291327   -0.1282830555488181   -0.5981482759241509   -0.11542920071547838   -0.26087945074073615   -0.32937589077172963   -0.2448924285406591   -0.24084374046303197   -0.04373706990534012   -0.29002608033980753   0.20211883691884916   0.03213233199348624   -0.07781239621567727   -0.05577298928586597   0.09346836338073174   -0.06926405719517839   -0.023324861873640575   -0.14288490656680888   0.23857758680659563   0.14384982479500555   0.27419608704493986   0.046960916418781556   -0.11983552923388466   -0.05864870644040153   0.04547310018414523   0.034970818490293994   -0.21833469577247142   
T_sec   15.0   15.5   16.0   16.5   17.0   17.5   18.0   18.5   19.0   19.5   20.0   20.5   21.0   21.5   22.0   22.5   23.0   23.5   24.0   24.5   25.0   25.5   26.0   26.5   27.0   27.5   28.0   28.5   29.0   29.5   30.0   30.5   31.0   31.5   32.0   32.5   33.0   33.5   34.0   34.5   35.0   35.5   36.0   36.5   37.0   37.5   38.0   38.5   39.0   39.5   40.0   40.5   41.0   41.5   42.0   42.5   43.0   43.5   44.0   44.5   45.0   45.5   46.0   46.5   47.0   47.5   48.0   48.5   49.0   49.5   50.0   50.5   51.0   51.5   52.0   52.5   53.0   53.5   54.0   54.5   55.0   
U20   0.1474510345938179   -0.05863909472632235   0.03260090068573238   -0.10379261777818698   0.08197497784475558   -0.08925723692201468   0.1155786073939604   0.03153982465707248   0.029885151633764005   -0.024519421123737183   0.03617241501850624   0.0034171841387721424   0.20988904307748976   0.10585335992017207   0.07133260469698545   -0.08417739421635241   0.010140411334369426   -0.01442418358781592   0.22783766128431146   0.08561107783375514   0.1059080454532854   0.06510283385932064   0.12321110535019873   -0.08813869449154384   0.054400188844014   0.08049222687376477   -0.20627060234921132   0.0773876457117054   0.12800950997293958   0.006299256887362631   -0.07729009950781451   0.043401266048038525   0.05383463580405957   -0.16620250720364027   -0.029467443343524826   0.06536779593809065   -0.0019383997597331411   -0.09469246354725036   0.041625871475639696   0.0065999485526173265   -0.007501456127419432   -0.13767112808168194   -0.013122215549497641   0.09686389544447255   0.07020745160146266   0.46322370655342066   0.9440976572872888   0.3442925778567177   0.2267572698452981   0.4821747479659149   0.6108845434038295   0.8483054160851194   1.0   -0.22983837007197014   0.31315783200129105   -0.2458221122249198   -0.5302779604344574   -0.40197992224382495   -0.23739830108303764   -0.004168998103997124   -0.09811974206905634   0.13004346329254307   -0.29650395528177287   -0.06921045538013618   -0.06916006113293084   -0.09907986497702159   -0.0074189006416405774   -0.2451587436675104   -0.14236613475201385   -0.07326908471165966   -0.1475282763817967   -0.04458436967165234   -0.037027390235165956   -0.022244788840147925   -0.08493110940391801   0.012837681335085943   0.019458386245339465   0.22382387905840714   -0.07298912457914947   -0.07042768735391977   -0.17168402855461348   
T_sec   15.0   15.5   16.0   16.5   17.0   17.5   18.0   18.5   19.0   19.5   20.0   20.5   21.0   21.5   22.0   22.5   23.0   23.5   24.0   24.5   25.0   25.5   26.0   26.5   27.0   27.5   28.0   28.5   29.0   29.5   30.0   30.5   31.0   31.5   32.0   32.5   33.0   33.5   34.0   34.5   35.0   35.5   36.0   36.5   37.0   37.5   38.0   38.5   39.0   39.5   40.0   40.5   41.0   41.5   42.0   42.5   43.0   43.5   44.0   44.5   45.0   45.5   46.0   46.5   47.0   47.5   48.0   48.5   49.0   49.5   50.0   50.5   51.0   51.5   52.0   52.5   53.0   53.5   54.0   54.5   55.0   
U21   -0.04121769001666433   0.044901635526430575   -0.1364209398764476   0.09629684171066726   -0.11584620163134311   -0.11960893051752397   -0.12597570847713216   -0.07750843532823333   0.2968067274415611   -0.0020368939269492805   -0.30259613184908857   0.011262924487677505   0.15863754073154634   0.021278604570918725   -0.01829980367880239   0.055075099520154706   -0.07090700577660847   -0.08035989149481333   0.0914132013428093   0.006482552708459614   -0.049824962580672594   -0.16204418701715703   0.035460081914632464   0.21872415463045733   -0.008137223811988677   -0.05931898380615753   0.045070641124555264   0.19778416105934293   0.1785333710823495   -0.302290813607792   -0.021777059384342358   -0.026307193380005273   0.3781009729435192   0.10188853014018932   -0.16454239900643441   0.14293388354756323   0.2401535813505914   -0.21501063566397322   0.38267265921265997   0.1330739875459176   0.0164474427220518   0.28778401587602875   0.04373100744040812   0.3732965575148703   1.0   0.7512639946719669   0.6157359348202807   0.5093232875609626   0.6480941468299902   0.7214803805124838   0.46210507846471405   0.7923517986938813   0.42674878327518223   0.19426342330589838   -0.26639150840975956   0.09689500287650223   -0.14463242617701688   -0.4104728243535498   0.07806385926436694   -0.10134519097262862   -0.13296085789182155   -0.4017124809035756   0.1106270081260828   -0.30646089776420593   -0.2224751817740024   -0.33465591211018125   -0.06549955694779387   0.026781077367184044   -0.05953359560944135   0.3180620589633255   -0.06590871064005517   -0.15025088978145373   0.010857770611481255   0.10913246044173527   -0.3102718464730952   -0.07898287028226705   0.023928350273271594   0.20622162983282002   -0.04116196906559194   0.25727337764813496   0.09563101438183973   
T_sec   15.0   15.5   16.0   16.5   17.0   17.5   18.0   18.5   19.0   19.5   20.0   20.5   21.0   21.5   22.0   22.5   23.0   23.5   24.0   24.5   25.0   25.5   26.0   26.5   27.0   27.5   28.0   28.5   29.0   29.5   30.0   30.5   31.0   31.5   32.0   32.5   33.0   33.5   34.0   34.5   35.0   35.5   36.0   36.5   37.0   37.5   38.0   38.5   39.0   39.5   40.0   40.5   41.0   41.5   42.0   42.5   43.0   43.5   44.0   44.5   45.0   45.5   46.0   46.5   47.0   47.5   48.0   48.5   49.0   49.5   50.0   50.5   51.0   51.5   52.0   52.5   53.0   53.5   54.0   54.5   55.0   
U22   -0.32192063602531656   -0.0744678641107728   -0.13034388524382243   -0.03230538161915457   -0.050318054862512916   -0.1548972105371638   -0.10564452551184361   0.19530773077183286   -0.1542901402175324   -0.011363865346101364   -0.14692566099289728   -0.15592919677390882   0.05378756335216575   -0.09215664445134678   -0.31063073087711435   -0.04833204394313495   -0.11569874900324847   -0.025197363421373867   -0.07195502613780817   0.1994159216408228   -0.11475971866565533   -0.07088663201636602   -0.14115770881769854   -0.04263885571105332   -0.18128559670870642   -0.16558476039738396   0.11732896998741393   0.01140165520219463   0.028353167098385774   -0.005195376066178164   0.2670209511322854   -0.16163652845358223   0.07083585321151568   -0.10113880126413415   -0.3490941368676558   0.07164573576156956   -0.00014284709815511453   0.04931315941690314   -0.19258578858545145   -0.04194797850801672   0.1810516671184013   -0.0858910832063097   -0.006451085183477212   0.6142551471464766   1.0   0.6760445843510443   0.40537154758517263   0.4543459447929252   0.8083939615615012   0.7327116573794069   0.5041011077742634   0.32265963819462146   0.5727932873211434   -0.1322643023275855   -0.09457913901638153   -0.176292979241726   -0.25021584472560693   -0.3356804179891256   -0.3064322662915304   -0.21131162932274972   -0.43785928226083487   -0.4661974371820934   -0.24313949424907827   -0.1490607244886606   -0.20813988530179778   -0.3818001971540706   0.10007545561868288   -0.20589319476992976   -0.016419356106332578   0.01692315101586813   0.04204634306874655   0.16125167971097346   -0.12458250101118676   -0.025943172501128025   0.4186353603924812   0.02498675744982295   0.11822535420999948   0.02310631858510608   0.03872468497513682   -0.17083850088822955   -0.06995535159471775   
T_sec   15.0   15.5   16.0   16.5   17.0   17.5   18.0   18.5   19.0   19.5   20.0   20.5   21.0   21.5   22.0   22.5   23.0   23.5   24.0   24.5   25.0   25.5   26.0   26.5   27.0   27.5   28.0   28.5   29.0   29.5   30.0   30.5   31.0   31.5   32.0   32.5   33.0   33.5   34.0   34.5   35.0   35.5   36.0   36.5   37.0   37.5   38.0   38.5   39.0   39.5   40.0   40.5   41.0   41.5   42.0   42.5   43.0   43.5   44.0   44.5   45.0   45.5   46.0   46.5   47.0   47.5   48.0   48.5   49.0   49.5   50.0   50.5   51.0   51.5   52.0   52.5   53.0   53.5   54.0   54.5   55.0   
U23   -0.04254309765915765   0.23607372059677822   -0.14782750112158258   0.18017973737208443   0.05358280299217799   -0.09766742336104146   0.2988786108271572   -0.10374702812899789   -0.19076600497517185   -0.2998120864966176   -0.2245788722604706   0.49534153405678827   0.018999772482767026   -0.1619805202595088   -0.10502924246666308   -0.03564041710451463   0.004493792037114799   0.026956109821438902   -0.021348098684227098   0.2022566744513838   -0.14961797231378035   0.16195158306331497   0.026895154330555383   -0.16461809882417033   -0.47077134778538515   0.05575343206732174   0.013343010779968465   0.2633961186221624   0.13334796623760947   -0.155035433266795   0.27234754698663555   -0.03914142951996778   0.0403489320203425   -0.026772687777045168   -0.15048499457792863   -0.11309425911690917   -0.2806490423798123   0.04657419089053418   -0.142332460187281   -0.02975906601267667   0.08003414649004971   0.3629301654128897   0.8361091012450746   1.0   0.5792582053264164   0.5731321328354062   0.6790066142337144   0.6470741989757455   0.04829259345080335   0.2286033393907518   -0.07753977203856902   0.37758920615814034   0.295639244042375   -0.3510132301002538   -0.18868663384425152   0.04728332563575408   0.4176048151882249   -0.0022798507106178423   -0.1434736623445158   -0.2477591930007157   0.045581313489940864   -0.043151290111988816   -0.17170131273118577   -0.21382772608219805   -0.32666107588211074   -0.1309919708955716   -0.0045532722307511635   -0.0014491752484488633   0.0638540946564014   -0.1015918552924457   -0.06466040301427847   -0.26147346286310896   -0.003485905225370604   0.26010660775892774   0.12679724438648393   -0.013542056144618697   -0.24886548703549796   -0.19428783311726444   0.07206403427367625   -0.0651413365089247   -0.17388852904078625   
T_sec   15.0   15.5   16.0   16.5   17.0   17.5   18.0   18.5   19.0   19.5   20.0   20.5   21.0   21.5   22.0   22.5   23.0   23.5   24.0   24.5   25.0   25.5   26.0   26.5   27.0   27.5   28.0   28.5   29.0   29.5   30.0   30.5   31.0   31.5   32.0   32.5   33.0   33.5   34.0   34.5   35.0   35.5   36.0   36.5   37.0   37.5   38.0   38.5   39.0   39.5   40.0   40.5   41.0   41.5   42.0   42.5   43.0   43.5   44.0   44.5   45.0   45.5   46.0   46.5   47.0   47.5   48.0   48.5   49.0   49.5   50.0   50.5   51.0   51.5   52.0   52.5   53.0   53.5   54.0   54.5   55.0   
U24   -0.2313916270456017   0.1891652866277199   0.007200529955320304   0.05868896840495958   0.1485678315869568   0.16455181126463603   0.10046339452700377   -0.01752568225332476   -0.18513557422012877   0.09396236190616071   0.08016754229797624   -0.08910655905221353   0.31266670301656907   0.06464807410793538   0.058044359670834905   -0.22830332631471087   -0.008592509212230304   0.18473093567854307   0.11718478385767793   0.1469195601689326   -0.05988576932356901   0.2808758747433172   -0.22176921357428978   -0.05111553465216254   0.46829725608451583   -0.14604276066739216   0.2976071755901054   -0.012353520511225041   -0.09099209557656902   0.022604090265765243   0.17542306142704042   -0.004959641508012234   -0.003646814885591451   0.02846240673709473   -0.05524382460337024   0.0006568318737126578   0.3698270342607043   0.08813165115399137   0.15591675570897573   -0.17222135306070674   0.4886093154797515   0.8517369891479314   1.0   0.47644494589646275   0.7534845843554511   0.7926921688270651   0.4326559243566921   0.0963196411536958   -0.06906046466119083   0.2850910566314071   0.12243150498796572   0.14571834833557215   0.1113293296088413   -0.3354135704061601   -0.11738721478844118   -0.07444650755435342   0.5537452919878658   0.10767043172055352   -0.3012642835673385   -0.12938281109107558   -0.3893739024610892   -0.23839501213798925   0.0010740083837123017   -0.09277205561505227   -0.0863565717848499   -0.16418342888983167   -0.2156800331260145   0.09911153458856324   -0.028949234513578972   -0.202420413199705   0.10330982467445747   -0.07535588062476156   0.15838796995606   -0.1524405364807545   0.0016221968507286043   -0.05438899637869043   0.030979466361760025   0.03089268090975939   -0.014618886408541235   -0.31142699814874497   -0.22748911907252145   
T_sec   15.0   15.5   16.0   16.5   17.0   17.5   18.0   18.5   19.0   19.5   20.0   20.5   21.0   21.5   22.0   22.5   23.0   23.5   24.0   24.5   25.0   25.5   26.0   26.5   27.0   27.5   28.0   28.5   29.0   29.5   30.0   30.5   31.0   31.5   32.0   32.5   33.0   33.5   34.0   34.5   35.0   35.5   36.0   36.5   37.0   37.5   38.0   38.5   39.0   39.5   40.0   40.5   41.0   41.5   42.0   42.5   43.0   43.5   44.0   44.5   45.0   45.5   46.0   46.5   47.0   47.5   48.0   48.5   49.0   49.5   50.0   50.5   51.0   51.5   52.0   52.5   53.0   53.5   54.0   54.5   55.0   
U25   0.06127753090293404   0.16077190071642106   0.059652251553540425   0.07900899575087929   0.06650424855594313   0.022245798518059474   0.07603986181570173   0.09736804728618659   -0.08485226664906223   0.06768556835207157   -0.12269485467016725   0.09069650224775874   -0.06452414464353336   0.25552209599714243   -0.17662461653795833   -0.049069793295666235   -0.1577702278099555   0.08433866837348579   0.050038476819203835   0.07314455833157006   -0.08020414587157569   0.07812916441178502   -0.1623602783271808   -0.04501112861996203   -0.08859153889158829   -0.0029720589109374566   0.19055778504888052   -0.1768065134625849   0.015775613769455885   0.04718066828886181   0.026532492058344473   0.08771006785125594   -0.29666919591651586   -0.12162427142735137   0.08058770914299963   -0.026389072380960197   0.0036419744263006034   0.16213033772348848   -0.09139956577502086   0.05581135518786803   1.0   0.5641208373065084   0.442752385115216   0.6181849588976184   0.08163165488779053   -0.021039575545567644   -0.15388098735366162   0.08730785582284872   0.009443674063903744   0.02466332529606461   0.10482562462024152   0.1874121233123562   -0.10390401109305973   -0.36118397168000466   -0.2017662327085722   0.23525557418170612   0.06655494161290595   -0.11235088083465031   -0.08431290482343333   -0.0333176011584584   0.006187382741408082   -0.13766287068466598   -0.11308201946531696   0.06901857504474927   -0.02361869066987745   -0.05849808259010214   -0.02659802169029399   -0.10164210381693427   0.1386164280109181   -0.021624831695804696   0.025805540338047557   0.1442277522528351   -0.04457058643570733   0.21326446479712102   0.09287441282879053   0.1750615234402353   -0.028708169019196927   0.15081168572899512   -0.0020832772642544496   -0.033834660140701044   0.05606840611125268   
T_sec   15.0   15.5   16.0   16.5   17.0   17.5   18.0   18.5   19.0   19.5   20.0   20.5   21.0   21.5   22.0   22.5   23.0   23.5   24.0   24.5   25.0   25.5   26.0   26.5   27.0   27.5   28.0   28.5   29.0   29.5   30.0   30.5   31.0   31.5   32.0   32.5   33.0   33.5   34.0   34.5   35.0   35.5   36.0   36.5   37.0   37.5   38.0   38.5   39.0   39.5   40.0   40.5   41.0   41.5   42.0   42.5   43.0   43.5   44.0   44.5   45.0   45.5   46.0   46.5   47.0   47.5   48.0   48.5   49.0   49.5   50.0   50.5   51.0   51.5   52.0   52.5   53.0   53.5   54.0   54.5   55.0   
U26   0.0825819928941249   0.09144086262718606   -0.02416429273747026   -0.09951741546310695   0.2032925597059789   0.05866080524455192   -0.1031246070638643   -0.019269859739325733   -0.2878834542412808   0.07157278689781849   -0.15534433140644235   0.24646051558186444   -0.00481227682635587   0.1763293505873395   -0.2623001671452961   -0.08154444458331848   0.13544957567299762   -0.27464290755863024   0.38963837027821163   0.015856698138632646   0.418686554084754   -0.17982001475691864   0.2356123787809409   0.04123027025041525   -0.07549384087108711   -0.23055946289403875   0.04942253058458028   -0.056251515388396504   0.13558368227956277   0.034400844968914664   -0.16248062250683837   0.07944040482271689   -0.20047392081001023   -0.04307573962095405   -0.16926001131137916   0.2592711597215042   -0.003654136410889192   0.3153443179892574   0.9217626033747021   1.0   0.9634040893477944   0.31789306349089014   -0.34395883992859483   0.08566313043113585   -0.15451133527594824   0.3488736691334569   0.14205374198828907   -0.004643817296839983   0.07771370085351836   -0.11492843349835466   0.2992522458697944   0.32639132387124625   -0.19237095281728636   -0.3178403317110883   -0.0916399349537634   0.4517407042498781   0.1999597731212364   0.2031492528309987   -0.1885393266826723   -0.30224542502892   -0.2517523529761746   -0.2541654057427356   0.1490299073171693   -0.05440586569437587   -0.08275113758327152   -0.19797209975217203   0.03955343141000892   -0.3443780246217527   -0.1917588110006908   -0.09483577806497419   0.2850731727708052   0.1171229573880869   -0.14957097916676124   0.09359138389553459   0.2017173333826996   -0.12175095288207091   0.17953859874505104   -0.2293368192039257   -0.19026245300979933   -0.03766272455627949   -0.21973294971074622   
T_sec   15.0   15.5   16.0   16.5   17.0   17.5   18.0   18.5   19.0   19.5   20.0   20.5   21.0   21.5   22.0   22.5   23.0   23.5   24.0   24.5   25.0   25.5   26.0   26.5   27.0   27.5   28.0   28.5   29.0   29.5   30.0   30.5   31.0   31.5   32.0   32.5   33.0   33.5   34.0   34.5   35.0   35.5   36.0   36.5   37.0   37.5   38.0   38.5   39.0   39.5   40.0   40.5   41.0   41.5   42.0   42.5   43.0   43.5   44.0   44.5   45.0   45.5   46.0   46.5   47.0   47.5   48.0   48.5   49.0   49.5   50.0   50.5   51.0   51.5   52.0   52.5   53.0   53.5   54.0   54.5   55.0   
U27   -0.1833037384688255   -0.06639829842089925   0.3653469377559588   0.049380210749591216   -0.2538513215869464   -0.2102708502326298   -0.0038773294924055496   -0.2017876052364305   0.01779657228699873   0.07136710962283946   -0.11048933084229533   -0.11040771096514745   -0.051224069742531644   -0.1413747547557429   0.0090200055326944   -0.09594930948158906   0.27827626736057987   0.1687320497445495   -0.13164586716378324   -0.14959031485883978   -0.23593646193824708   -0.11392055033110415   0.06447238944968454   -0.0066918919983404365   -0.18240865324650363   0.06660252096270806   0.15102821858190998   -0.1241805936583413   0.2502012608144822   -0.03729741734305605   -0.22607073948607742   0.08654089189670595   -0.003069139512094172   0.22336779939811877   0.14825957461294   -0.07395946001961126   0.18729314688902948   0.7921323179691339   1.0   0.9358224621248424   0.02372157340938208   -0.09590106976828852   -0.0766758306583486   -0.04489712605208504   0.08359040867818113   0.1914828643527552   -0.12959572612729667   0.06091998210998963   -0.009711143491769486   0.2926268751680654   0.16342130112627545   0.012661115107862272   -0.5315694257736542   -0.13538173327069608   0.19505548829824257   0.11493756090592012   -0.11765755508720566   0.19922896579105112   -0.22547349879184111   -0.18022005308950345   -0.4319740670650426   -0.3362685006208358   -0.05453265963483297   -0.06675061331490052   -0.05884306602985957   0.04940868650700644   -0.37183937310155196   -0.06123921035815272   0.0032774872858673636   0.2005480112012809   0.026833481038662316   0.05517789664737069   0.08375331026059385   0.06326244590598429   0.09991296381243436   -0.07535592020208232   -0.08501283558134114   0.11887136794169513   -0.006444652865398631   -0.014585673108010996   -0.008670185964427849   
T_sec   15.0   15.5   16.0   16.5   17.0   17.5   18.0   18.5   19.0   19.5   20.0   20.5   21.0   21.5   22.0   22.5   23.0   23.5   24.0   24.5   25.0   25.5   26.0   26.5   27.0   27.5   28.0   28.5   29.0   29.5   30.0   30.5   31.0   31.5   32.0   32.5   33.0   33.5   34.0   34.5   35.0   35.5   36.0   36.5   37.0   37.5   38.0   38.5   39.0   39.5   40.0   40.5   41.0   41.5   42.0   42.5   43.0   43.5   44.0   44.5   45.0   45.5   46.0   46.5   47.0   47.5   48.0   48.5   49.0   49.5   50.0   50.5   51.0   51.5   52.0   52.5   53.0   53.5   54.0   54.5   55.0   
U28   0.02326381335380452   -0.046506716419010746   0.39700123984286584   0.12115803370819539   -0.13562503243008114   -0.12771895693860463   -0.14699782786759302   0.08823297333723303   -0.04958534247788894   -0.24394806502305666   -0.06878929791382336   0.030068928744047995   0.010777325215045068   0.08382414566053299   0.051274309249630605   -0.11902387462904916   -0.10174225904701367   -0.1225245472736874   -0.015887127972755145   0.3205535318323478   0.05484740071132772   0.14070470551594264   -0.18734488147584855   -0.16587742001533282   0.04888696301132045   -0.15111468459213687   -0.06378483947364351   -0.11652652952325236   -0.17175886910551313   0.02751971380810884   -0.11904715259194179   -0.1722050056128795   -0.015451487804546705   0.16568363059791932   -0.006580919136441712   -0.0024415904885023037   0.08924393064111759   0.5821732087088224   1.0   0.027757070823159594   -0.3835954704876603   -0.08535341502820905   -0.1457404085113855   -0.020565703054290358   -0.00131296820635626   0.18169318653715963   0.042485744462558844   -0.024390327406506034   0.010148004045785784   0.10955126661942131   -0.003099175204447692   0.19612020053210763   -0.028187259864859572   -0.19172586143284637   0.06944833615104345   0.06444136777773433   -0.12289182142901862   0.06212771823003408   -0.03643035943812342   -0.01609624219745604   -0.09402717468287085   -0.0594077804080757   -0.1600022329129855   0.3450315834378377   -0.12446223458032206   -0.023147247386524   -0.06798054811728793   0.1478812697807669   -0.12491336176643263   0.14107694683384717   -0.046644544699978606   0.04136106049654732   -0.006586877113349663   -0.2773978839362955   -0.08721649209173495   -0.15991534698079723   0.06593767120709873   -0.3304652491573053   -0.07163931271735002   -0.008854085283880868   0.14218200015358404   
T_sec   15.0   15.5   16.0   16.5   17.0   17.5   18.0   18.5   19.0   19.5   20.0   20.5   21.0   21.5   22.0   22.5   23.0   23.5   24.0   24.5   25.0   25.5   26.0   26.5   27.0   27.5   28.0   28.5   29.0   29.5   30.0   30.5   31.0   31.5   32.0   32.5   33.0   33.5   34.0   34.5   35.0   35.5   36.0   36.5   37.0   37.5   38.0   38.5   39.0   39.5   40.0   40.5   41.0   41.5   42.0   42.5   43.0   43.5   44.0   44.5   45.0   45.5   46.0   46.5   47.0   47.5   48.0   48.5   49.0   49.5   50.0   50.5   51.0   51.5   52.0   52.5   53.0   53.5   54.0   54.5   55.0   
U29   0   0   0   0   0   0   0   0   0   0   0   0   0   0   0   0   0   0   0   0   0   0   0   0   0   0   0   0   0   0   0   0   0   0   0   0   0   0   0   0   0   0   0   0   0   0   0   0   0   0   0   0   0   0   0   0   0   0   0   0   0   0   0   0   0   0   0   0   0   0   0   0   0   0   0   0   0   0   0   0   0   
T_sec   15.0   15.5   16.0   16.5   17.0   17.5   18.0   18.5   19.0   19.5   20.0   20.5   21.0   21.5   22.0   22.5   23.0   23.5   24.0   24.5   25.0   25.5   26.0   26.5   27.0   27.5   28.0   28.5   29.0   29.5   30.0   30.5   31.0   31.5   32.0   32.5   33.0   33.5   34.0   34.5   35.0   35.5   36.0   36.5   37.0   37.5   38.0   38.5   39.0   39.5   40.0   40.5   41.0   41.5   42.0   42.5   43.0   43.5   44.0   44.5   45.0   45.5   46.0   46.5   47.0   47.5   48.0   48.5   49.0   49.5   50.0   50.5   51.0   51.5   52.0   52.5   53.0   53.5   54.0   54.5   55.0   
U30   0   0   0   0   0   0   0   0   0   0   0   0   0   0   0   0   0   0   0   0   0   0   0   0   0   0   0   0   0   0   0   0   0   0   0   0   0   0   0   0   0   0   0   0   0   0   0   0   0   0   0   0   0   0   0   0   0   0   0   0   0   0   0   0   0   0   0   0   0   0   0   0   0   0   0   0   0   0   0   0   0   
T_sec   15.0   15.5   16.0   16.5   17.0   17.5   18.0   18.5   19.0   19.5   20.0   20.5   21.0   21.5   22.0   22.5   23.0   23.5   24.0   24.5   25.0   25.5   26.0   26.5   27.0   27.5   28.0   28.5   29.0   29.5   30.0   30.5   31.0   31.5   32.0   32.5   33.0   33.5   34.0   34.5   35.0   35.5   36.0   36.5   37.0   37.5   38.0   38.5   39.0   39.5   40.0   40.5   41.0   41.5   42.0   42.5   43.0   43.5   44.0   44.5   45.0   45.5   46.0   46.5   47.0   47.5   48.0   48.5   49.0   49.5   50.0   50.5   51.0   51.5   52.0   52.5   53.0   53.5   54.0   54.5   55.0   
U31   0   0   0   0   0   0   0   0   0   0   0   0   0   0   0   0   0   0   0   0   0   0   0   0   0   0   0   0   0   0   0   0   0   0   0   0   0   0   0   0   0   0   0   0   0   0   0   0   0   0   0   0   0   0   0   0   0   0   0   0   0   0   0   0   0   0   0   0   0   0   0   0   0   0   0   0   0   0   0   0   0   
T_sec   15.0   15.5   16.0   16.5   17.0   17.5   18.0   18.5   19.0   19.5   20.0   20.5   21.0   21.5   22.0   22.5   23.0   23.5   24.0   24.5   25.0   25.5   26.0   26.5   27.0   27.5   28.0   28.5   29.0   29.5   30.0   30.5   31.0   31.5   32.0   32.5   33.0   33.5   34.0   34.5   35.0   35.5   36.0   36.5   37.0   37.5   38.0   38.5   39.0   39.5   40.0   40.5   41.0   41.5   42.0   42.5   43.0   43.5   44.0   44.5   45.0   45.5   46.0   46.5   47.0   47.5   48.0   48.5   49.0   49.5   50.0   50.5   51.0   51.5   52.0   52.5   53.0   53.5   54.0   54.5   55.0   
U32   0   0   0   0   0   0   0   0   0   0   0   0   0   0   0   0   0   0   0   0   0   0   0   0   0   0   0   0   0   0   0   0   0   0   0   0   0   0   0   0   0   0   0   0   0   0   0   0   0   0   0   0   0   0   0   0   0   0   0   0   0   0   0   0   0   0   0   0   0   0   0   0   0   0   0   0   0   0   0   0   0   
T_sec   15.0   15.5   16.0   16.5   17.0   17.5   18.0   18.5   19.0   19.5   20.0   20.5   21.0   21.5   22.0   22.5   23.0   23.5   24.0   24.5   25.0   25.5   26.0   26.5   27.0   27.5   28.0   28.5   29.0   29.5   30.0   30.5   31.0   31.5   32.0   32.5   33.0   33.5   34.0   34.5   35.0   35.5   36.0   36.5   37.0   37.5   38.0   38.5   39.0   39.5   40.0   40.5   41.0   41.5   42.0   42.5   43.0   43.5   44.0   44.5   45.0   45.5   46.0   46.5   47.0   47.5   48.0   48.5   49.0   49.5   50.0   50.5   51.0   51.5   52.0   52.5   53.0   53.5   54.0   54.5   55.0   
U33   -0.17764820081676774   -0.0250762283367724   0.05795545052083707   -0.10952680598665862   -0.07541254924001656   0.004527132663058367   0.11553874421006727   0.06833605402253855   -0.4250678534444473   0.08069647016612999   0.22530436062322853   0.027503315653512914   -0.01177362287876166   -0.029909778887983893   0.0358777987352801   -0.12404838764932663   0.21636547229334452   0.029798390880229904   -0.07594176028687295   0.2280877960926609   -0.237394182343792   0.08975195803923536   -0.015426584801461047   -0.08187117747120452   -0.012804091966688042   0.18862299238456548   -0.1010988033749326   -0.2244088288701033   0.15230974019732205   0.5633625993326773   1.0   0.35214776765837125   0.016737474386825088   -0.016073337769745153   0.13803282800185074   0.004582921133884608   -0.050442447349976466   0.04569626957395473   -0.09170269333345074   0.15946619985924682   0.30819825414563257   0.14766987356400701   0.2518248399938311   0.0736673950315882   0.2936478196395723   0.024246935078046844   -0.02135789646618263   -0.16676113377668766   0.032816110530826545   -0.287654601329562   -0.078339072514908   -0.22572968709923058   -0.1008071099449399   0.07992457466617654   0.3621409934452715   0.049346888864480354   0.06947689352732882   0.05311401219281888   -0.13844750594968963   -0.065625265579061   0.39261861057480407   0.27918235177894446   0.03200241398650978   -0.33076846091447787   -0.04240435840370234   0.3276658146828322   0.12846771029316814   0.2847809857602626   0.11828249438674047   -0.0390647998959276   -0.10600918404622832   0.13523827161115226   -0.18044999318750632   0.027157717760543508   -0.1160315077499899   -0.06671555588279728   -0.16544992430133063   -0.0397227592953346   -0.08228170103263285   -0.010156005072083425   -0.02024180481854569   
T_sec   15.0   15.5   16.0   16.5   17.0   17.5   18.0   18.5   19.0   19.5   20.0   20.5   21.0   21.5   22.0   22.5   23.0   23.5   24.0   24.5   25.0   25.5   26.0   26.5   27.0   27.5   28.0   28.5   29.0   29.5   30.0   30.5   31.0   31.5   32.0   32.5   33.0   33.5   34.0   34.5   35.0   35.5   36.0   36.5   37.0   37.5   38.0   38.5   39.0   39.5   40.0   40.5   41.0   41.5   42.0   42.5   43.0   43.5   44.0   44.5   45.0   45.5   46.0   46.5   47.0   47.5   48.0   48.5   49.0   49.5   50.0   50.5   51.0   51.5   52.0   52.5   53.0   53.5   54.0   54.5   55.0   
U34   0.15265217600693134   -0.27322100862884696   -0.052744696250292905   0.254539217019738   0.30869626373154774   -0.10635389772224066   0.22494644692867685   -0.03191051490820476   -0.32799222041931064   0.5166493241332136   -0.08418078571802655   -0.49461795537012226   -0.32933841393405094   0.18929748393880746   0.2209000331339926   -0.03080686529245165   -0.15695370119163396   -0.12533360218006695   0.0656801311877254   0.2528109152129139   -0.14559532673495054   -0.09934943453668531   0.10932364188587898   0.002535182527719371   0.11306944108903906   -0.19055634044079167   0.004632412676455017   -0.15617590422157693   0.9573862858125786   1.0   0.012860345857863031   -0.3331034485171479   -0.11179848958197856   -0.011077329639243745   -0.07359354092697706   0.2781431687345595   0.19236069189945415   0.14070742774893083   -0.025520642372862883   0.13081097980838774   0.057957182381130616   0.12141975416406461   0.02108061799964293   0.028622250781396418   0.13252564710541379   -0.2556493798411417   -0.29476786276785233   0.11019228803343324   -0.06195676477881974   0.08122288509202445   -0.23787082150461725   0.3455149121524608   -0.27200387349896227   -0.04778663336434833   -0.084811294114655   -0.14700503002776236   -0.03250142135147756   -0.19390488827437197   -0.15382331506247976   0.061698713656680323   -0.08754033495720522   0.20095196952734806   0.2588878235846967   0.13280954968113995   -0.25757163618197776   -0.34297826448832314   -0.040048461987596595   -0.20809670734008429   0.09364904799285319   0.2164322962191446   -0.2706778962290025   -0.038703389957949405   -0.10032800489809547   -0.12669378072988677   0.03240713005919868   0.036663067773925084   0.4405320491245395   0.12418048294783109   0.20158799465868113   -0.05261038899103134   -0.022375782793405203   
T_sec   15.0   15.5   16.0   16.5   17.0   17.5   18.0   18.5   19.0   19.5   20.0   20.5   21.0   21.5   22.0   22.5   23.0   23.5   24.0   24.5   25.0   25.5   26.0   26.5   27.0   27.5   28.0   28.5   29.0   29.5   30.0   30.5   31.0   31.5   32.0   32.5   33.0   33.5   34.0   34.5   35.0   35.5   36.0   36.5   37.0   37.5   38.0   38.5   39.0   39.5   40.0   40.5   41.0   41.5   42.0   42.5   43.0   43.5   44.0   44.5   45.0   45.5   46.0   46.5   47.0   47.5   48.0   48.5   49.0   49.5   50.0   50.5   51.0   51.5   52.0   52.5   53.0   53.5   54.0   54.5   55.0   
U35   0.048883774555168326   0.06328917154923096   -0.058440712612783996   -0.17774688384508092   -0.09172595879970716   0.28205518855480594   -0.024221486000080318   0.13516646226891874   0.09613041157468886   -0.20526280773601546   -0.3383694973327178   -0.0741438197350578   0.20706243896392512   -0.15681164425194496   -0.07883593765298982   -0.2672467574755543   0.16872350739270167   -0.05619995590615006   0.12174755538946264   -0.15033993399491416   0.2576056777003098   -0.21172792638040436   0.0998432620325791   0.12426277777602474   0.06929280958255861   -0.03514949380948436   0.6421110397781418   1.0   0.7118569149089915   0.040582700616508295   0.012537978013718223   -0.08572784353671267   -0.1040273656831545   -0.2494457597572293   0.179297229458638   0.14541044477110254   -0.004438097498383298   -0.0313827714248139   0.35410608527349   0.13913552560528827   -0.02006547481614895   -0.00017676267280076024   0.019228001363606067   -0.020203080214395177   0.2945534842820189   -0.22812939905875626   -0.1797629103391853   0.23671883682944206   0.2751501843299383   0.18507611635795213   0.43422248339942776   -0.10530108589248718   0.053695369480846786   -0.29606214191141   0.3587024508489067   -0.05949860167126407   -0.006371251245598755   -0.19117482653971124   -0.17546579838497092   -0.09901665407961355   0.13253320248971404   0.17518913184001378   0.051979688538925366   -0.030693999162105606   0.2377189519862349   0.1873377505508802   -0.04590442336738141   -0.2280434799029301   -0.05040422046490494   0.03512264338107575   0.2011807906901067   -0.3278755068600019   -0.04452175505101945   -0.09484135644666392   -0.04403430521274172   0.10144200418872387   0.2129119644987543   0.1619511350965128   -0.005479222808890196   -0.5017439345168055   0.14172997537343016   
T_sec   15.0   15.5   16.0   16.5   17.0   17.5   18.0   18.5   19.0   19.5   20.0   20.5   21.0   21.5   22.0   22.5   23.0   23.5   24.0   24.5   25.0   25.5   26.0   26.5   27.0   27.5   28.0   28.5   29.0   29.5   30.0   30.5   31.0   31.5   32.0   32.5   33.0   33.5   34.0   34.5   35.0   35.5   36.0   36.5   37.0   37.5   38.0   38.5   39.0   39.5   40.0   40.5   41.0   41.5   42.0   42.5   43.0   43.5   44.0   44.5   45.0   45.5   46.0   46.5   47.0   47.5   48.0   48.5   49.0   49.5   50.0   50.5   51.0   51.5   52.0   52.5   53.0   53.5   54.0   54.5   55.0   
U36   0   0   0   0   0   0   0   0   0   0   0   0   0   0   0   0   0   0   0   0   0   0   0   0   0   0   0   0   0   0   0   0   0   0   0   0   0   0   0   0   0   0   0   0   0   0   0   0   0   0   0   0   0   0   0   0   0   0   0   0   0   0   0   0   0   0   0   0   0   0   0   0   0   0   0   0   0   0   0   0   0   
T_sec   15.0   15.5   16.0   16.5   17.0   17.5   18.0   18.5   19.0   19.5   20.0   20.5   21.0   21.5   22.0   22.5   23.0   23.5   24.0   24.5   25.0   25.5   26.0   26.5   27.0   27.5   28.0   28.5   29.0   29.5   30.0   30.5   31.0   31.5   32.0   32.5   33.0   33.5   34.0   34.5   35.0   35.5   36.0   36.5   37.0   37.5   38.0   38.5   39.0   39.5   40.0   40.5   41.0   41.5   42.0   42.5   43.0   43.5   44.0   44.5   45.0   45.5   46.0   46.5   47.0   47.5   48.0   48.5   49.0   49.5   50.0   50.5   51.0   51.5   52.0   52.5   53.0   53.5   54.0   54.5   55.0   
U37   0.2223732087928685   -0.030420216880102366   0.2743697039662038   -0.01019739221506556   -0.027679018589821226   0.09237457941475051   0.011377562466375599   -0.09164085402725791   0.08605082101165776   0.2464089920464132   0.09780440133231043   0.318722438868421   -0.0004613728055681331   -0.0844915928559759   0.025642797787077298   0.03486012611748054   -0.0830791798140875   -0.08337728293628482   0.2870580604135348   0.10674415565447785   0.07156191766625117   0.04103715405136575   0.11846311947303413   0.15782193358177232   1.0   0.913116154179723   0.4247308545204062   -0.054951625321622746   0.014534899889400814   -0.28200068327985944   -0.1561686871948939   -0.0757458242026865   -0.08517489575140905   -0.03342878851629143   0.028389631828047934   0.11329545663558196   0.19296873123903813   -0.033069867560220755   0.12096410762077912   0.26332113652223466   -0.056683494195182836   -0.20290306278212195   -0.12024804767183805   0.06866851331524129   -0.25426299196162466   0.10644884834184506   0.043100324269383365   -0.10054345930215397   0.020160812334462076   0.2406663641360531   0.05029328166107134   0.09728080674847456   -0.1450709124555058   0.0027134558658677413   0.1752147437685288   -0.16205360022502419   -0.008646114510436221   0.14831455624098605   0.2099101814616659   -0.00859596007238428   -0.06860383197757859   0.03501911712006839   -0.030812972069415308   0.1494908305065938   -0.11771798062187923   0.031209768466261854   0.10544259481014503   -0.17682387282712578   -0.29658249407027065   -0.1139432433193131   0.0018418234553696526   -0.32350422052373307   0.014712687046929757   0.00468926137965824   0.05596583145565902   -0.12610428088619366   0.10058753743929104   -0.1607677200764316   0.15768311234370475   0.00955916864091717   0.07534392960024157   
T_sec   15.0   15.5   16.0   16.5   17.0   17.5   18.0   18.5   19.0   19.5   20.0   20.5   21.0   21.5   22.0   22.5   23.0   23.5   24.0   24.5   25.0   25.5   26.0   26.5   27.0   27.5   28.0   28.5   29.0   29.5   30.0   30.5   31.0   31.5   32.0   32.5   33.0   33.5   34.0   34.5   35.0   35.5   36.0   36.5   37.0   37.5   38.0   38.5   39.0   39.5   40.0   40.5   41.0   41.5   42.0   42.5   43.0   43.5   44.0   44.5   45.0   45.5   46.0   46.5   47.0   47.5   48.0   48.5   49.0   49.5   50.0   50.5   51.0   51.5   52.0   52.5   53.0   53.5   54.0   54.5   55.0   
U38   0.06504269271282008   0.051971180324146514   -0.09134892639533088   -0.1845536892719273   -0.1757628820332312   0.09667145269871907   -0.1024982864516809   -0.18675491999341826   -0.15510988693693978   -0.26113696519712615   0.005314967118270472   -0.0593415562254441   0.26443625891862327   0.10488022139973945   -0.13402303795627896   -0.16447205828694528   0.06582255753816682   0.028595750323752306   0.3308147355590473   0.21425493079644445   0.08294890641372432   0.005616108273747979   0.669481649231416   0.6809877426708832   1.0   0.4353617332754955   -0.22404423660705555   -0.0026895028339673113   -0.3541992243890286   -0.09408183831168099   0.044148294992109115   -0.0015361684937382379   0.26507241266503356   0.12351419464696921   0.12602089609172465   0.0725447971995465   -0.13321189677321216   0.14317503079223098   -0.07934366826367138   -0.08526332180088525   0.08771571755730624   -0.19327889240419932   0.1185681775418252   -0.10210176556807352   0.035241277133741096   0.045180736939272666   -0.2599367265916275   0.19033622845068365   0.2578454223488115   0.14519352392355248   0.0825620784162432   -0.001770615544041353   -0.18232599272721273   -0.12395582255984343   0.19277683132360632   0.03312958677428563   0.09934633255860399   -0.35557721316460367   -0.3447081671954317   0.007757957471745879   0.02230802685294102   -0.033082429902991005   -0.07896657298122865   -0.0782866255350316   -0.08939932819690628   0.16422574783743338   0.19988168493717287   0.16670851258791322   0.11941524968376384   -0.009814184852418728   0.09282959030919821   0.08316313035277789   0.06681476807897713   -0.4100739274982159   -0.27909266388544707   0.1638747948784939   0.20131573465302832   -0.0916141836409761   0.19190159712580493   0.1407164858329536   0.05075269858873344   
T_sec   15.0   15.5   16.0   16.5   17.0   17.5   18.0   18.5   19.0   19.5   20.0   20.5   21.0   21.5   22.0   22.5   23.0   23.5   24.0   24.5   25.0   25.5   26.0   26.5   27.0   27.5   28.0   28.5   29.0   29.5   30.0   30.5   31.0   31.5   32.0   32.5   33.0   33.5   34.0   34.5   35.0   35.5   36.0   36.5   37.0   37.5   38.0   38.5   39.0   39.5   40.0   40.5   41.0   41.5   42.0   42.5   43.0   43.5   44.0   44.5   45.0   45.5   46.0   46.5   47.0   47.5   48.0   48.5   49.0   49.5   50.0   50.5   51.0   51.5   52.0   52.5   53.0   53.5   54.0   54.5   55.0   
U39   0.2282695817261382   -0.04617902887428219   0.2309149752230971   -0.14215345938543378   -0.23715566412838426   0.13568682552226669   0.05643088308593265   0.285727877114871   -0.2524923715985165   0.20698733171754763   -0.18998999832670022   0.18562535464028102   -0.20442907917924527   -0.0034218858130308817   0.09641087518468837   0.17507082994120973   -0.08356477179095849   0.24850651741100688   0.006393586765376493   0.6869525211796127   1.0   0.8991529753221346   0.8242836989520916   0.5676517456400605   -0.10456955502429954   0.15046980563802112   -0.06790353227263231   -0.247828042740592   0.14628780716657647   0.12197683038072808   0.14447882488248323   0.03685339024818928   -0.11029770469395468   0.14744727114725456   0.46615347236429966   0.28148375004904486   0.3030608790819966   0.019140442069737064   -0.07522533516847224   0.03410214357291832   -0.1891425807042466   -0.06624582188963239   0.31546117182534233   -0.2053145875367193   0.2812836203820841   0.03444166209080269   0.3288491601832368   0.15387651757349785   -0.16695062851296932   -0.016398418399463134   0.36018757948905644   0.016743356128762026   -0.202436272321491   0.2201888970766511   0.2127061221780114   0.12216539687058435   -0.02607966999855396   -0.08273965804051844   -0.012039538650768412   -0.13496453972126157   -0.005055572311023324   0.1492450431792804   0.1205827281925587   -0.15689463093763883   0.08948612738028397   -0.09026418622041384   0.09826804963384045   -0.3730645283805929   0.09939348016277552   0.04079431188346114   0.01753180144590462   0.019931724376646573   0.030971318228545052   -0.036209959866240045   -0.22868622533114707   0.20490178341677487   -0.12999313523845898   -0.08273688016817614   0.05229642492547234   -0.141574291400437   -0.18989672122815499   
T_sec   15.0   15.5   16.0   16.5   17.0   17.5   18.0   18.5   19.0   19.5   20.0   20.5   21.0   21.5   22.0   22.5   23.0   23.5   24.0   24.5   25.0   25.5   26.0   26.5   27.0   27.5   28.0   28.5   29.0   29.5   30.0   30.5   31.0   31.5   32.0   32.5   33.0   33.5   34.0   34.5   35.0   35.5   36.0   36.5   37.0   37.5   38.0   38.5   39.0   39.5   40.0   40.5   41.0   41.5   42.0   42.5   43.0   43.5   44.0   44.5   45.0   45.5   46.0   46.5   47.0   47.5   48.0   48.5   49.0   49.5   50.0   50.5   51.0   51.5   52.0   52.5   53.0   53.5   54.0   54.5   55.0   
U40   0   0   0   0   0   0   0   0   0   0   0   0   0   0   0   0   0   0   0   0   0   0   0   0   0   0   0   0   0   0   0   0   0   0   0   0   0   0   0   0   0   0   0   0   0   0   0   0   0   0   0   0   0   0   0   0   0   0   0   0   0   0   0   0   0   0   0   0   0   0   0   0   0   0   0   0   0   0   0   0   0   
sta_location:9.669173394052669,10.256810194673045,10.72682567539604,11.012294002739967,11.588495010120864,12.105602908410988,12.926285371454894,13.499037511779765,13.977840607998711,14.492584562777147,14.54769674628344,15.027239783444674,15.719936195463209,16.389024044636788,16.864479716761082,17.442553345174524,17.535503561291733,18.475300969551938,18.668159732615848,19.264680418008062,19.591983559792506,20.390712633756674,20.526580048170935,21.165817330588744,21.759817977943122,22.300187933617874,22.99082571438208,23.393169555924175,23.703398883915515,24.282650874315554,24.612268615136646,25.012878430472238,25.69292949787733,26.382044947341733,26.84302865408601,27.311172565773656,27.682069329734524,28.1535839503424,28.541173382688473,29.339846002361195,29.987675011560484,
rebuild_index:0,1,2,3,4,5,6,7,8,9,10,11,12,13,14,15,16,17,18,19,20,21,22,23,24,25,26,27,28,29,30,31,32,33,34,35,36,37,38,39,40,
use_index:0,1,2,4,6,7,8,10,11,12,13,14,15,16,18,19,20,21,22,23,24,25,26,27,28,33,34,35,37,38,39,
rebuild_locdata:9.669173394052669,10.256810194673045,10.72682567539604,11.25,11.588495010120864,12.25,12.926285371454894,13.499037511779765,13.977840607998711,14.25,14.54769674628344,15.027239783444674,15.719936195463209,16.389024044636788,16.864479716761082,17.442553345174524,17.535503561291733,18.25,18.668159732615848,19.264680418008062,19.591983559792506,20.390712633756674,20.526580048170935,21.165817330588744,21.759817977943122,22.300187933617874,22.99082571438208,23.393169555924175,23.703398883915515,24.25,24.75,25.25,25.75,26.382044947341733,26.84302865408601,27.311172565773656,27.75,28.1535839503424,28.541173382688473,29.339846002361195,29.75,
cut_start_time:15---cut_windows:40---reduction_v:10---move_time_window_all:0.0
move_time_window:0.0,0.0,0.0,0.0,0.0,0.0,0.0,0.0,0.0,0.0,0.0,0.0,0.0,0.0,0.0,0.0,0.0,0.0,0.0,0.0,0.0,0.0,0.0,0.0,0.0,0.0,0.0,0.0,0.0,0.0,0.0,0.0,0.0,0.0,0.0,0.0,0.0,0.0,0.0,0.0,0.0,
sta_noise_mean:0,0,0,0,0,0,0,0,0,0,0,0,0,0,0,0,0,0,0,0,0,0,0,0,0,0,0,0,0,0,0,0,0,0,0,0,0,0,0,0,0,
sta_noise_sigma:0.15,0.15,0.15,0.15,0.15,0.15,0.15,0.15,0.15,0.15,0.15,0.15,0.15,0.15,0.15,0.15,0.15,0.15,0.15,0.15,0.15,0.15,0.15,0.15,0.15,0.15,0.15,0.15,0.15,0.15,0.15,0.15,0.15,0.15,0.15,0.15,0.15,0.15,0.15,0.15,0.15,
add_noise_region_move_range:0,0,0,0,0,0,0,0,0,0,0,0,0,0,0,0,0,0,0,0,0,0,0,0,0,0,0,0,0,0,0,0,0,0,0,0,0,0,0,0,0,