T_sec   15.0   15.5   16.0   16.5   17.0   17.5   18.0   18.5   19.0   19.5   20.0   20.5   21.0   21.5   22.0   22.5   23.0   23.5   24.0   24.5   25.0   25.5   26.0   26.5   27.0   27.5   28.0   28.5   29.0   29.5   30.0   30.5   31.0   31.5   32.0   32.5   33.0   33.5   34.0   34.5   35.0   35.5   36.0   36.5   37.0   37.5   38.0   38.5   39.0   39.5   40.0   40.5   41.0   41.5   42.0   42.5   43.0   43.5   44.0   44.5   45.0   45.5   46.0   46.5   47.0   47.5   48.0   48.5   49.0   49.5   50.0   50.5   51.0   51.5   52.0   52.5   53.0   53.5   54.0   54.5   55.0   
U0   0   0   0   0   0   0   0   0   0   0   0   0   0   0   0   0   0   0   0   0   0   0   0   0   0   0   0   0   0   0   0   0   0   0   0   0   0   0   0   0   0   0   0   0   0   0   0   0   0   0   0   0   0   0   0   0   0   0   0   0   0   0   0   0   0   0   0   0   0   0   0   0   0   0   0   0   0   0   0   0   0   
T_sec   15.0   15.5   16.0   16.5   17.0   17.5   18.0   18.5   19.0   19.5   20.0   20.5   21.0   21.5   22.0   22.5   23.0   23.5   24.0   24.5   25.0   25.5   26.0   26.5   27.0   27.5   28.0   28.5   29.0   29.5   30.0   30.5   31.0   31.5   32.0   32.5   33.0   33.5   34.0   34.5   35.0   35.5   36.0   36.5   37.0   37.5   38.0   38.5   39.0   39.5   40.0   40.5   41.0   41.5   42.0   42.5   43.0   43.5   44.0   44.5   45.0   45.5   46.0   46.5   47.0   47.5   48.0   48.5   49.0   49.5   50.0   50.5   51.0   51.5   52.0   52.5   53.0   53.5   54.0   54.5   55.0   
U1   -0.6796708754650512   0.2309328169955057   0.4112109175811919   0.11948973888653501   -0.2291561892215071   0.025574960895446724   -0.12633868139120558   0.5139505281204622   -0.13974351856954512   -0.33730377407943474   0.18245709636291932   0.14632875617076307   -0.3676311697338874   -0.2675994523558938   0.06160210010642013   0.29601563146641324   -0.3510331306860307   -0.055959923834625544   -0.3684099924743862   0.005628673956657503   0.006553710929543017   -0.2238963673746737   0.011527693701574205   0.13775079157224732   -0.5973170541189783   0.043323407161347235   0.23194609915340447   0.6136955126859878   0.2955894210663706   0.5381142439373996   -0.9460226592724623   -0.9111130824783412   0.17392884175772674   -0.05592978653925051   -0.06510357132682783   -0.2485070835144001   -0.39593471859705587   -0.5053596178897609   0.15787813733730996   -0.012669414799792474   0.10790335810704631   0.42575498052128696   0.14237501482047898   0.1695115478156894   0.18265148262014275   1.0   0.7613232189619465   -0.5774197643289642   -0.734729580769242   -0.3654020697957714   0.0396234270529339   -0.08616912046382862   -0.4337553800391133   -0.48460887936389013   0.10455034195284167   0.556953218691243   -0.271150394145415   0.5767877932932519   0.028854246684052433   0.41386019304435545   0.34453821449787553   0.0012120769786069473   -0.36482880072503376   -0.6512900220377655   0.18950268695270703   -0.46261273307188844   0.21497350475320695   0.13924472087975553   -0.22620641132269248   -0.22587688611978438   0.08358577075701236   -0.3359486095139646   0.16031145461611537   0.10961232017935875   0.18872093224093747   -0.49388760889001304   0.9025795333105648   0.34587086506051984   -0.2169554770651254   0.46286955999538787   -0.37856679007872596   
T_sec   15.0   15.5   16.0   16.5   17.0   17.5   18.0   18.5   19.0   19.5   20.0   20.5   21.0   21.5   22.0   22.5   23.0   23.5   24.0   24.5   25.0   25.5   26.0   26.5   27.0   27.5   28.0   28.5   29.0   29.5   30.0   30.5   31.0   31.5   32.0   32.5   33.0   33.5   34.0   34.5   35.0   35.5   36.0   36.5   37.0   37.5   38.0   38.5   39.0   39.5   40.0   40.5   41.0   41.5   42.0   42.5   43.0   43.5   44.0   44.5   45.0   45.5   46.0   46.5   47.0   47.5   48.0   48.5   49.0   49.5   50.0   50.5   51.0   51.5   52.0   52.5   53.0   53.5   54.0   54.5   55.0   
U2   0.16004357868004612   -0.5834582294507278   0.055490365052668876   -0.02945655861156916   0.15183782736617055   -0.8036029854248746   -0.21302872976981957   0.27510918028763637   0.38887896225012203   0.1468578385193137   0.18542748816291554   0.7261107857704765   0.0854197319354623   0.5182338912378686   0.14235826445397384   -0.4737039249780948   -0.33232100243396284   -0.30017368712787484   -0.21932235925765203   -0.8583941363504854   0.26704447021583044   0.0455600523946792   0.46271483262748075   -0.08283444578941128   0.5755411633417327   -0.13617088923383305   0.17432477409509214   1.0   0.15994684695091677   -0.6022845097433002   -0.45577670081474075   -0.24275716964338157   0.06122422070825357   -0.21977072850871537   0.3310852617666116   0.1508535486672782   0.26896657936757934   0.4520122624768394   -0.2404244861347665   0.10159951608263744   -0.9387610646891351   0.41582943266606204   0.04687528968449165   0.45028536324706653   0.2669543220629204   0.5551970447853602   0.5149155339242925   0.1958767231466756   0.6263529154772876   -0.3502559425981317   0.09653480102143065   0.006842894688405196   0.21548085531443198   -0.3347918022941829   0.04841705775969634   -0.4237769269154046   0.2955506812344083   0.46253877813720073   0.11371895164723111   0.3280011430465865   -0.023968989465119408   0.22956477021834895   0.2501411463301395   -0.44362627133490823   -0.41493562774421533   -0.296650943210796   0.05180086917673753   0.4323212039616028   0.6278979324505206   0.248077029607714   -0.08636863756062728   -0.03133751960784116   0.3956966956485178   -0.33162600325872044   -0.25861010848739324   0.26388583458527365   -0.6540256117189734   -0.07039352965647869   -0.2988618802265621   -0.34228955658640814   0.09939314806993485   
T_sec   15.0   15.5   16.0   16.5   17.0   17.5   18.0   18.5   19.0   19.5   20.0   20.5   21.0   21.5   22.0   22.5   23.0   23.5   24.0   24.5   25.0   25.5   26.0   26.5   27.0   27.5   28.0   28.5   29.0   29.5   30.0   30.5   31.0   31.5   32.0   32.5   33.0   33.5   34.0   34.5   35.0   35.5   36.0   36.5   37.0   37.5   38.0   38.5   39.0   39.5   40.0   40.5   41.0   41.5   42.0   42.5   43.0   43.5   44.0   44.5   45.0   45.5   46.0   46.5   47.0   47.5   48.0   48.5   49.0   49.5   50.0   50.5   51.0   51.5   52.0   52.5   53.0   53.5   54.0   54.5   55.0   
U3   0.7740073750305296   -0.17424475647432133   0.06967137325265634   0.4283539607797609   -0.040589157511221025   0.7383962679683703   0.46259742577790885   -0.6702958126100405   -0.09454444245236217   -0.0706299486557984   -0.13330566016467385   -0.27863440002756334   0.2936053965462236   -0.14126774273843376   -0.1587853748471664   -0.38886627377276917   0.286571084998079   0.11026777397947969   0.08068464401822358   0.8648901565066879   0.26705387222417404   0.595751511034912   0.2472518362104228   -0.08522276659889146   0.2400351940859198   -0.335819522919675   -0.1632666602071256   0.24718953303732003   -0.5002957533326958   -0.2068303390644152   -0.12978499047578734   -0.034156417063221756   0.2622295035946973   0.32607609460887116   -0.04906112153562195   -0.24458138822313807   0.21780289762724056   -0.02362756612230502   -0.15690106438830925   -0.2800543355512512   -0.05160843841693763   -0.07142865583773093   0.18164614929297074   -0.014681298997486276   0.435590825349791   0.9482207082839165   0.7849178454187511   0.8898225499777783   0.19294950018950568   1.0   -0.35339526278039224   -0.553523394831371   -0.3859960209833826   0.18070243182509288   -0.41116422967671007   -0.5986915682327046   -0.3715730186320023   0.023068287214530837   -0.10870851010413848   -0.8293380954917104   0.6926946946224602   -0.5190727348612764   0.37580491423974005   0.2969563248773212   0.2293993156689694   -0.30288327500219003   -0.39837793885488043   0.5706078938195142   -0.1873306909390331   -0.2858218861428142   -0.12457889456145997   0.5158632210659376   0.5296102651074001   -0.2761479580813524   -0.27212395444555054   0.4730626576744493   0.7148942346133478   -0.4169613853653622   0.586485047773735   0.16648748596409083   0.1973662753526007   
T_sec   15.0   15.5   16.0   16.5   17.0   17.5   18.0   18.5   19.0   19.5   20.0   20.5   21.0   21.5   22.0   22.5   23.0   23.5   24.0   24.5   25.0   25.5   26.0   26.5   27.0   27.5   28.0   28.5   29.0   29.5   30.0   30.5   31.0   31.5   32.0   32.5   33.0   33.5   34.0   34.5   35.0   35.5   36.0   36.5   37.0   37.5   38.0   38.5   39.0   39.5   40.0   40.5   41.0   41.5   42.0   42.5   43.0   43.5   44.0   44.5   45.0   45.5   46.0   46.5   47.0   47.5   48.0   48.5   49.0   49.5   50.0   50.5   51.0   51.5   52.0   52.5   53.0   53.5   54.0   54.5   55.0   
U4   0.43661363896934585   -0.049896568488275964   0.019016216503923582   -0.18428297632976912   0.24217618837273297   0.1427153042153499   -0.14706550639393368   0.21208325004861747   -0.12435128839839474   0.15307246837348515   -0.2639835822401213   0.2054825105076189   0.019150386684240486   0.33598575760698945   -0.09262527751159742   0.36138400438043844   0.09159897340919125   -0.23502527452106936   -0.3222052925056536   -0.1540352486548465   0.06410807979287965   0.4670737317332971   0.05923558300967222   -0.05507764378799432   -0.24090885154224073   0.30082938945162263   -0.20298441354775487   0.0773931777100274   -0.03357949110944774   0.21578939322057558   -0.1252751276034254   0.03805644065162903   -0.2755145351578242   -0.23864830472222268   -0.2667168541347561   0.2780228834211856   -0.08749221123802564   -0.1237986001562526   -0.06405733719944315   0.06705853845319688   -0.3139376621359439   0.07892261159216779   0.00918590994740498   -0.14528545176290333   -0.004609031441635073   0.04967038190080071   -0.1271768601938788   1.0   0.4741001738520997   0.19572828155419583   0.060043032637985036   -0.09589500170814066   -0.28727317727014023   -0.03793433524201013   -0.00781664335195034   -0.09667449631052881   -0.24544518516545988   -0.2862936048855235   -0.1520295374583616   -0.08097799221247465   0.09333830638962216   0.19653306923746813   -0.11438556405653186   -0.06272629089414915   -0.22002068190579302   0.0964655001648541   0.03487582164475426   0.07791996421415096   -0.3791682976800136   0.138225147244106   0.5378475067094866   -0.3240858558241206   0.3446180600768172   -0.048031535568063236   -0.005998657685716501   -0.03323943998306961   -0.24857717709779167   0.4063453843188192   -0.2475321022952089   -0.0800701891504088   0.11524433090548421   
T_sec   15.0   15.5   16.0   16.5   17.0   17.5   18.0   18.5   19.0   19.5   20.0   20.5   21.0   21.5   22.0   22.5   23.0   23.5   24.0   24.5   25.0   25.5   26.0   26.5   27.0   27.5   28.0   28.5   29.0   29.5   30.0   30.5   31.0   31.5   32.0   32.5   33.0   33.5   34.0   34.5   35.0   35.5   36.0   36.5   37.0   37.5   38.0   38.5   39.0   39.5   40.0   40.5   41.0   41.5   42.0   42.5   43.0   43.5   44.0   44.5   45.0   45.5   46.0   46.5   47.0   47.5   48.0   48.5   49.0   49.5   50.0   50.5   51.0   51.5   52.0   52.5   53.0   53.5   54.0   54.5   55.0   
U5   0.36154538531131897   -0.22250939964020394   0.33228860067278504   0.16482865596780585   0.28395784878709907   0.48725134186733904   0.013830372954739347   0.039919255636107966   0.12165970375976606   0.5915910062624792   -0.1336586746496636   -0.05339656285087467   -0.1016109973956576   -0.2028552840126986   0.1979273226453907   0.173598508096678   -0.15313974817244078   0.21192962783470518   -0.017944800009232608   -0.3634198554362506   -0.21718093474900604   -0.5403293662632007   -0.09236974240687149   0.487555730860861   0.4867848697714169   -0.21771549559388148   -0.04503574495666234   0.13102340488636183   0.6013297146652474   0.5801226686860304   0.896358557261731   0.3244947540815003   0.34794795821958185   0.0024917547177722853   -0.446877921066735   -0.469086644478174   -0.17733759566012386   0.3945848456445004   0.1742292981258259   -0.12874092714880667   -0.4491441042985999   -0.3316461574743104   0.2014570042542919   -0.035446051596603224   -0.03833257288091068   -0.01530349866345687   -0.39807372266897956   -0.3749959647813615   0.6891210274417379   0.20581400723720453   0.4519688800050058   -0.24274667499187355   -0.2631996575458466   -1.0   -0.2516734991054872   -0.45428120065192434   -0.32805486265513223   -0.5129148623071964   -0.4207964524377849   0.19328325797277757   0.2874748094117806   -0.5655861173061204   0.002605452773403653   -0.32146251724806085   0.07299983065199504   0.8334651850495532   -0.19766141502907364   0.16737182483317034   -0.26283972024284125   0.47019368766392894   -0.09708691894868833   0.10619464502613551   -0.4697141493375173   -0.14479345450300946   0.20076418886460498   0.2329004661023585   -0.23334823025094367   -0.08976138469340468   0.08716038847410335   0.25863140979323085   -0.08118737681944271   
T_sec   15.0   15.5   16.0   16.5   17.0   17.5   18.0   18.5   19.0   19.5   20.0   20.5   21.0   21.5   22.0   22.5   23.0   23.5   24.0   24.5   25.0   25.5   26.0   26.5   27.0   27.5   28.0   28.5   29.0   29.5   30.0   30.5   31.0   31.5   32.0   32.5   33.0   33.5   34.0   34.5   35.0   35.5   36.0   36.5   37.0   37.5   38.0   38.5   39.0   39.5   40.0   40.5   41.0   41.5   42.0   42.5   43.0   43.5   44.0   44.5   45.0   45.5   46.0   46.5   47.0   47.5   48.0   48.5   49.0   49.5   50.0   50.5   51.0   51.5   52.0   52.5   53.0   53.5   54.0   54.5   55.0   
U6   0.1953963088374643   -0.8060391712970082   -0.16682126355571839   1.0   -0.4944397187169363   -0.30601178488059366   0.20809621376061038   0.09124120419224549   -0.47645817215484637   0.12504346024934018   -0.8806738042656294   -0.31305347163308694   -0.33490421607629267   -0.30564643128548963   -0.14087858674131168   -0.33154692051167783   0.5752010719618637   -0.07097765722939599   -0.28908307666759886   -0.008941235604668547   0.2076994808870222   0.6146393898248297   0.15450700868878262   0.39910246561078105   0.5535245770990864   0.6548216134142264   0.17228470170419471   0.9652571062721866   0.05602807668578867   -0.047916818882095834   0.8511055638434576   -0.21537162106970129   0.34439054666427005   -0.16649716450380206   0.49890061240092437   -0.757920017337096   0.07028042785850597   -0.2369721844279304   -0.7346829564178897   -0.46409857493084283   -0.6572405050074619   0.06812293952121422   -0.2778040612448038   0.4230619350704522   -0.9230476912962104   0.053938651063428565   0.3354317951119338   -0.4265631645545536   -0.2141854140671067   0.44621825556964395   0.4155119611192403   0.15780447628844757   0.22731354556629244   -0.29861079103515614   0.06695996103376414   -0.04952555369307888   0.05141867875267176   0.1864077455201467   -0.48187447348386003   -0.5773665392837114   -0.4771434517458445   0.49687379367774265   0.06667658057116743   -0.5421227037061406   0.25250838693562494   -0.9412972863012037   0.3298335337106305   -0.01284235608740689   0.1179908109322395   -0.28744462542086197   0.7696016201893014   0.1670307053907464   -0.5485449000892154   -0.31278437101050877   0.1761400265013919   0.11202139161178142   0.09775444060876366   0.1688466075896477   -0.2919636162060549   -0.2337390210231894   -0.3267482863552608   
T_sec   15.0   15.5   16.0   16.5   17.0   17.5   18.0   18.5   19.0   19.5   20.0   20.5   21.0   21.5   22.0   22.5   23.0   23.5   24.0   24.5   25.0   25.5   26.0   26.5   27.0   27.5   28.0   28.5   29.0   29.5   30.0   30.5   31.0   31.5   32.0   32.5   33.0   33.5   34.0   34.5   35.0   35.5   36.0   36.5   37.0   37.5   38.0   38.5   39.0   39.5   40.0   40.5   41.0   41.5   42.0   42.5   43.0   43.5   44.0   44.5   45.0   45.5   46.0   46.5   47.0   47.5   48.0   48.5   49.0   49.5   50.0   50.5   51.0   51.5   52.0   52.5   53.0   53.5   54.0   54.5   55.0   
U7   -0.04030751352330453   -0.2634122271889094   0.2732446850102847   0.03667246378032113   -0.3880793820279215   0.022646181817297387   0.15487116132306428   -0.4966999976646126   -0.20784818855175438   0.2873907910498932   -0.2002876106419119   -0.26652491470995293   0.26000254085082536   0.2304198643936742   0.09321142183272557   -0.3532089423125524   -0.059743152895364894   -0.46128186345236283   -0.17769144947295434   0.15744019771597187   -0.030247954376200384   -0.1173916630152008   0.039771121184379685   0.5229245248755636   0.24397538836027133   -0.058390489121679934   0.034818619569314015   -0.32809370214081285   0.31839109740461674   -0.3745182241462941   -0.2668509047212543   -0.18899458386411952   -0.02581564422638023   -0.5134971967567129   -0.2592534834469772   0.023751047032579603   0.44513999898463   0.1813609533431716   -0.255148714916468   -0.36180496517570754   -0.2871560960658162   -0.10500443135628318   -0.2649312951020101   -0.1325213314347464   0.01304357069777922   0.23887798021386286   -0.1359529387208213   0.034780779604622045   0.026436457350815276   1.0   0.5438711639161599   -0.04944230457337822   -0.2144307060125463   -0.03952173346911409   0.08460795493267949   0.11540094669489209   0.11240031508422679   -0.2727348775808918   0.10116276912868755   0.2876022720735263   0.1736649656365292   -0.028768066678760397   0.32918123148631734   -0.39785527355238787   -0.1253152082597187   -0.0713573632171165   -0.10907045594309345   0.13959671067203944   0.14710085384584443   0.021294363827704797   -0.13688497788134202   -0.0926977160667637   0.14521739578599407   0.09971901705820109   0.165835819185741   -0.10530851969729145   0.25656226104333174   0.34914437933960607   0.023455538565647426   -0.16640769458188095   -0.09456437778979686   
T_sec   15.0   15.5   16.0   16.5   17.0   17.5   18.0   18.5   19.0   19.5   20.0   20.5   21.0   21.5   22.0   22.5   23.0   23.5   24.0   24.5   25.0   25.5   26.0   26.5   27.0   27.5   28.0   28.5   29.0   29.5   30.0   30.5   31.0   31.5   32.0   32.5   33.0   33.5   34.0   34.5   35.0   35.5   36.0   36.5   37.0   37.5   38.0   38.5   39.0   39.5   40.0   40.5   41.0   41.5   42.0   42.5   43.0   43.5   44.0   44.5   45.0   45.5   46.0   46.5   47.0   47.5   48.0   48.5   49.0   49.5   50.0   50.5   51.0   51.5   52.0   52.5   53.0   53.5   54.0   54.5   55.0   
U8   0.08263808459471303   -0.03631833083330146   0.18405057002555   -0.11300716992280439   0.019461819221991337   0.05678066106844427   -0.2602646000248382   0.001101086025702557   -0.10028152637671099   -0.07679192654797416   0.2377136262286977   0.16407707614771488   0.2594582897660139   -0.02233031014128924   -0.20259305500652894   0.13854970829760122   -0.5076104489216837   -0.18228332749698312   -0.29087709557123304   0.4021498486679338   -0.4466911702141236   0.13200827272380353   0.38913212587458534   0.3620923495092251   -0.019186601458850733   0.12479021480989104   -0.15083927691433777   0.24248094916602556   -0.18270714261075063   0.07546545337948157   0.08283533197901771   -0.31045881441267315   0.08576042045611294   -0.43683079937394154   -0.0014419748284100016   0.13305939813227044   0.016879084441283682   0.08366942901759349   -0.3804102310686686   0.012446503455137314   -0.1400417493061912   0.09950314850315138   -0.028242095556687566   -0.15956185369163836   -0.27426825997353693   -0.3823620659435767   -0.3540863048341951   -0.24368166435747066   0.2407862480906941   0.5959567015927468   1.0   0.11507563398102458   -0.2908926483735029   0.01590546323960174   -0.0023391206510622385   -0.4463876157315941   -0.06014411612014016   -0.6555706467645723   0.039573086255119204   -0.13170653938275015   0.12953603534666225   0.1628940912881812   -0.10980866659210847   -0.3464522553036103   0.03192460151127553   0.2563795361485858   -0.04272818188016441   -0.3055783652418893   -0.14270272055168992   -0.06566658641312247   0.5536971099410732   -0.2167159178357185   -0.07880686247488287   0.627349947597461   0.02381002436698236   0.09868301252654069   -0.4013196356985952   -0.13644793209585848   -0.12039609442731025   -0.16757743244348636   0.03552147208444652   
T_sec   15.0   15.5   16.0   16.5   17.0   17.5   18.0   18.5   19.0   19.5   20.0   20.5   21.0   21.5   22.0   22.5   23.0   23.5   24.0   24.5   25.0   25.5   26.0   26.5   27.0   27.5   28.0   28.5   29.0   29.5   30.0   30.5   31.0   31.5   32.0   32.5   33.0   33.5   34.0   34.5   35.0   35.5   36.0   36.5   37.0   37.5   38.0   38.5   39.0   39.5   40.0   40.5   41.0   41.5   42.0   42.5   43.0   43.5   44.0   44.5   45.0   45.5   46.0   46.5   47.0   47.5   48.0   48.5   49.0   49.5   50.0   50.5   51.0   51.5   52.0   52.5   53.0   53.5   54.0   54.5   55.0   
U9   0   0   0   0   0   0   0   0   0   0   0   0   0   0   0   0   0   0   0   0   0   0   0   0   0   0   0   0   0   0   0   0   0   0   0   0   0   0   0   0   0   0   0   0   0   0   0   0   0   0   0   0   0   0   0   0   0   0   0   0   0   0   0   0   0   0   0   0   0   0   0   0   0   0   0   0   0   0   0   0   0   
T_sec   15.0   15.5   16.0   16.5   17.0   17.5   18.0   18.5   19.0   19.5   20.0   20.5   21.0   21.5   22.0   22.5   23.0   23.5   24.0   24.5   25.0   25.5   26.0   26.5   27.0   27.5   28.0   28.5   29.0   29.5   30.0   30.5   31.0   31.5   32.0   32.5   33.0   33.5   34.0   34.5   35.0   35.5   36.0   36.5   37.0   37.5   38.0   38.5   39.0   39.5   40.0   40.5   41.0   41.5   42.0   42.5   43.0   43.5   44.0   44.5   45.0   45.5   46.0   46.5   47.0   47.5   48.0   48.5   49.0   49.5   50.0   50.5   51.0   51.5   52.0   52.5   53.0   53.5   54.0   54.5   55.0   
U10   -0.12465948701758368   0.27986684289099956   -0.3441934602870918   -0.21498347217470515   0.3294437042255859   -0.25274088411797163   -0.13601406273005687   -0.19690768823376562   -0.31828534266829844   -0.06904428540956048   -0.2920490309414763   -0.33068065465483576   -0.0985684241305463   -0.018677182632219583   -0.22553712615948918   -0.14221983869602375   0.2941147235017956   0.1918272419859542   -0.1873067197097939   -0.13642781723931044   0.2339300692808093   -0.4406756914551365   -0.05952613756674835   0.04356867921514212   0.540931913292695   -0.29376513412730293   0.3441138115732663   0.15365589177602917   -0.08079788074348182   0.12774641357410293   -0.24662337465585138   -0.13817685649011646   0.1436473261544309   -0.013541711017288745   -0.08964268329857243   0.1994726409496813   0.0584870767400337   0.15252558540566238   -0.034308263989081274   0.002837824465757291   -0.3193043476129144   0.08728065090696234   0.06399855326253659   0.00937851763821745   0.12621071785299195   0.384043702021401   0.38223921532062155   -0.04532923797078289   -0.13823121829027976   0.1313156358828945   0.16102326193952113   1.0   0.3514996393449441   -0.14136192675766707   0.07245763444703689   -0.12136161822160328   0.5356298314117621   -0.2460558153225149   0.23990104528147874   -0.11820566020167098   -0.1279172277318548   0.04187714759878132   0.050193500681539646   -0.19812354189696757   0.34198102060937774   -0.11175596543422411   -0.2751544554617561   -0.1701508910373278   -0.05954846307335438   0.4445711397399576   -0.20845786182091686   0.2284686943380405   0.3962810765898171   -0.19232686686254435   -0.30355054678278204   -0.6726924564744223   -0.4279415067225452   0.11728635292400738   0.20904503627039267   -0.11532212936145018   0.11684566507783045   
T_sec   15.0   15.5   16.0   16.5   17.0   17.5   18.0   18.5   19.0   19.5   20.0   20.5   21.0   21.5   22.0   22.5   23.0   23.5   24.0   24.5   25.0   25.5   26.0   26.5   27.0   27.5   28.0   28.5   29.0   29.5   30.0   30.5   31.0   31.5   32.0   32.5   33.0   33.5   34.0   34.5   35.0   35.5   36.0   36.5   37.0   37.5   38.0   38.5   39.0   39.5   40.0   40.5   41.0   41.5   42.0   42.5   43.0   43.5   44.0   44.5   45.0   45.5   46.0   46.5   47.0   47.5   48.0   48.5   49.0   49.5   50.0   50.5   51.0   51.5   52.0   52.5   53.0   53.5   54.0   54.5   55.0   
U11   0.21650111918953002   -0.11341094326908284   0.15668443618707756   0.10831267156150008   -0.49285476498340297   0.2964424686435565   0.1559352508859988   -0.13704821793641592   -0.2329106320884499   0.049428474142129954   -0.3498696293534024   -0.01942758427698063   0.21741256723911015   -0.23198259534909543   0.4406352846366037   -0.07642625905301198   -0.42807524779569933   -0.31722559641712667   -0.046908633073459244   -0.06353743397455104   0.01659095461662584   -0.10886671436087038   0.21782168917931266   -0.11927458975470201   -0.4129357790429   -0.4694688273591489   -0.07229857072869908   0.23685264090002486   -0.2935255442356464   0.5964852655264852   -0.5279704009384019   0.32583114865245677   -0.23816898009331694   -0.4713972345829067   0.4297569915027208   -0.2134104549045316   0.08217792708755842   -0.1973532174798709   0.238628964360508   -0.27982442857525364   -0.091717313904079   -0.2971855727742438   -0.37136589431784717   0.04381401116530317   -0.6290803381885129   -0.23307849706123665   -0.5251110514539956   -0.02691648944674295   0.47596584205201786   0.21574507740524965   -0.5849724122831627   0.4540464165035997   0.5725959355856907   0.071873304330059   -0.49405902037723354   0.2415385416443783   0.5222127547581334   0.03647883885380025   -0.5299126782864866   -0.3371475104590638   -0.3317085301282389   0.5096427619403153   -0.08406525378530838   -0.013292926523573298   -0.68374313623385   -0.27371559069905904   0.03757167815564347   0.32307151928890726   0.7216171251787916   -0.25614104850959624   -0.26403463836990443   0.26085838852989635   1.0   0.11442077010834616   0.49945375726745217   0.026639152063724653   0.15905776852442455   0.14690955455992116   0.8690735418405322   -0.14099127271357081   0.617500725439585   
T_sec   15.0   15.5   16.0   16.5   17.0   17.5   18.0   18.5   19.0   19.5   20.0   20.5   21.0   21.5   22.0   22.5   23.0   23.5   24.0   24.5   25.0   25.5   26.0   26.5   27.0   27.5   28.0   28.5   29.0   29.5   30.0   30.5   31.0   31.5   32.0   32.5   33.0   33.5   34.0   34.5   35.0   35.5   36.0   36.5   37.0   37.5   38.0   38.5   39.0   39.5   40.0   40.5   41.0   41.5   42.0   42.5   43.0   43.5   44.0   44.5   45.0   45.5   46.0   46.5   47.0   47.5   48.0   48.5   49.0   49.5   50.0   50.5   51.0   51.5   52.0   52.5   53.0   53.5   54.0   54.5   55.0   
U12   -0.04470581480834247   -0.2527259736609141   0.044528316516276215   0.1105715327243378   -0.2710434679476538   0.45857873431888385   0.04289922662177671   0.4232541056003356   -0.39605296614291186   0.08632294533168725   0.23434911548007523   0.7493513278643845   -0.5725285860672128   0.5231548146436071   0.034501282273684826   -0.1454731136330212   0.18966708926837172   0.1756771783552548   -0.4418904787396492   0.3701258216604015   0.35617362938087316   -0.19209398711757456   0.26124607646156517   -0.73130512484638   0.5978801913331647   -0.2629171282304804   -0.4361454466765117   -0.36640968215492864   0.1358602902256604   -0.2786762272658237   0.15027019419182053   0.4589884222758802   -0.24679536243119213   0.047065870310090616   0.39319855980033236   -1.0   0.27315104432338316   -0.14809556840023125   -0.09752843999215972   0.3650217924236411   -0.5016279378155852   0.1444962711054153   0.47879579711213865   -0.007564809141393522   -0.21415458132801563   0.28225026884409565   0.6332687016915821   -0.23936613936392462   -0.4095741983991385   -0.3645336126530437   -0.4935422906184454   0.37408012645344935   0.6762770296027332   -0.23510605086699207   -0.3021569327121067   -0.36264641760321975   -0.27417957141800325   -0.5181848211427732   0.026170257977999187   0.03426714582744526   -0.7599160004963973   -0.07192018765052897   0.6058101945224876   -0.46162003943966673   -0.28323593659567636   -0.03786246787356831   0.29587059960213036   -0.15274399006640024   -0.057239604001012766   0.20044171788408027   -0.1234710658276565   -0.13501598381954952   0.008236746643685077   -0.16443379155035423   0.026789240090515455   -0.5432656052747208   0.617074342384037   0.10825518122910843   -0.22820561122020144   0.30036689372672704   0.40319561172423274   
T_sec   15.0   15.5   16.0   16.5   17.0   17.5   18.0   18.5   19.0   19.5   20.0   20.5   21.0   21.5   22.0   22.5   23.0   23.5   24.0   24.5   25.0   25.5   26.0   26.5   27.0   27.5   28.0   28.5   29.0   29.5   30.0   30.5   31.0   31.5   32.0   32.5   33.0   33.5   34.0   34.5   35.0   35.5   36.0   36.5   37.0   37.5   38.0   38.5   39.0   39.5   40.0   40.5   41.0   41.5   42.0   42.5   43.0   43.5   44.0   44.5   45.0   45.5   46.0   46.5   47.0   47.5   48.0   48.5   49.0   49.5   50.0   50.5   51.0   51.5   52.0   52.5   53.0   53.5   54.0   54.5   55.0   
U13   -0.09615173656506018   -0.34277614797040107   -0.38706687193222766   -0.18428513069107358   0.2566285970515873   0.25025822645477214   1.0   -0.2062598184787201   -0.1523064628489217   -0.26442397981352433   -0.023063785562326966   -0.41938819648696646   -0.2891638588439167   0.10288184123123538   0.023932712357118052   -0.12813933964969493   0.22560783611058682   -0.14568678021613504   0.1887866713419369   -0.3800922721655496   0.0909987904002131   -0.260826331339638   -0.23049676282360854   -0.29314966292562056   0.30725201543411684   0.41868425920092295   -0.0795000745207772   0.10845465827460234   0.10135908059138232   -0.07860990879747239   0.05683576140715322   0.1530121483508304   0.43113985974578084   0.4523093939530456   0.1504794555191031   0.12985254170137203   -0.3212078023008553   0.11856311248129686   -0.37080589114827034   -0.14463228099150502   -0.017087688849038624   0.14185579052381475   0.2901948057561738   -0.4081883691117171   0.20941790204310126   -0.3560416113446858   0.5055689145263478   -0.3509398660393979   0.06580361701725096   0.36042754247042064   -0.1394237445694823   -0.26451100406253947   0.7299176765513959   0.261186084032597   -0.23465291653962753   0.15694680300740738   -0.26006634804609385   0.0009985670255349215   0.1783440710706502   0.16527379671642156   -0.29931863800372693   0.2929632393096663   -0.3046765729732171   -0.6264277659251646   -0.1637858442599235   -0.6417635740579858   -0.3741947109290741   -0.017453784012723805   0.06667863540102752   0.6405703499602704   -0.47355217612637807   -0.010907895848990599   0.08401149698551973   -0.5594001116236951   0.14391078008065947   0.4172149229677888   -0.3947701648936691   0.3695211062069414   -0.09957335447492888   0.05809253833988908   0.4488689361706062   
T_sec   15.0   15.5   16.0   16.5   17.0   17.5   18.0   18.5   19.0   19.5   20.0   20.5   21.0   21.5   22.0   22.5   23.0   23.5   24.0   24.5   25.0   25.5   26.0   26.5   27.0   27.5   28.0   28.5   29.0   29.5   30.0   30.5   31.0   31.5   32.0   32.5   33.0   33.5   34.0   34.5   35.0   35.5   36.0   36.5   37.0   37.5   38.0   38.5   39.0   39.5   40.0   40.5   41.0   41.5   42.0   42.5   43.0   43.5   44.0   44.5   45.0   45.5   46.0   46.5   47.0   47.5   48.0   48.5   49.0   49.5   50.0   50.5   51.0   51.5   52.0   52.5   53.0   53.5   54.0   54.5   55.0   
U14   0.07571038662870987   0.3839692795897232   -0.25085112157959233   -0.3570383816689108   -0.05916778255028462   -0.3451750401358674   -0.0008169062561728891   0.12391732994392751   -0.5279941303754848   0.23909933278145404   -0.6181193414058428   -0.0775512414289994   -0.20195797143729122   0.3436418807020877   0.5850524644828254   0.016642492608183596   -0.6503861185389049   -0.2254407754784738   0.0600013200273216   0.07654984601974914   0.2508906874521429   -0.08944699335366983   0.15513131903896699   -0.5302472337084977   -0.02317879395704933   0.4953030810199057   0.4670965807960034   -0.5000276606410933   0.32223136042636924   0.344829301553632   -0.1457098570975345   -0.15605263710674838   -0.09767156555095302   -0.31132295432393187   -0.35995919027093787   0.04087840306375528   0.23357032126477334   -0.779871296916181   0.1690414159565701   0.48071031528907027   -0.16500967484928247   -0.27930818818639014   0.3903049199059896   0.1212764958911481   -0.011371827226186933   0.03671826250384523   -0.3716877736978324   -0.1638207074332614   -0.4829453265492504   -0.41192520487510714   -0.05313281925057695   0.4949819759576777   0.5761403828515147   0.9274085983693695   0.8387839994962847   1.0   -0.10373338374913518   0.29967653423019125   -0.618124782057167   -0.008273462397985421   -0.20162277986752294   -0.3151865790616691   0.07804990200495021   0.3075853851138362   0.3608019117423237   -0.22755779561648887   -0.7418923621595824   -0.0748565295949602   0.19650160719258386   -0.4162598314619505   -0.08460602907798422   -0.336647873325591   0.09509489059089202   0.032862653118371686   -0.03384290497661652   -0.18621794403033812   0.09179207824026903   0.42071357937536535   0.16585270239555117   -0.12193118638049599   0.1902218421784526   
T_sec   15.0   15.5   16.0   16.5   17.0   17.5   18.0   18.5   19.0   19.5   20.0   20.5   21.0   21.5   22.0   22.5   23.0   23.5   24.0   24.5   25.0   25.5   26.0   26.5   27.0   27.5   28.0   28.5   29.0   29.5   30.0   30.5   31.0   31.5   32.0   32.5   33.0   33.5   34.0   34.5   35.0   35.5   36.0   36.5   37.0   37.5   38.0   38.5   39.0   39.5   40.0   40.5   41.0   41.5   42.0   42.5   43.0   43.5   44.0   44.5   45.0   45.5   46.0   46.5   47.0   47.5   48.0   48.5   49.0   49.5   50.0   50.5   51.0   51.5   52.0   52.5   53.0   53.5   54.0   54.5   55.0   
U15   -0.46649563345168465   -0.3777183087207474   0.5251771779777401   -0.3353618035428042   0.3115530769313114   0.168524638640928   -0.48575248517530484   -0.8345141392099799   -0.24631647157892694   -0.7125677522366309   0.9240045661476496   0.43964888220364984   0.044742104439580856   0.42790815163604934   0.544788717146171   0.02337633990057034   -0.5810601432214679   0.3245210252656357   -0.27355290492398365   -0.257273168937934   -0.3256670737604647   -0.5385768978534753   0.4227520363946884   0.6265381876328279   0.05502676088557977   -0.10359899132311504   -0.04151737016608773   -0.8160762104233698   0.11403205313637703   -0.5228020959880768   -0.019138492163440858   -0.09359092007590972   -0.6496192283725776   -0.6968181739248475   -0.07760647239460079   0.1919103514350936   0.27741453124981713   0.1355788023504247   0.002319051785351062   -0.007520062933413821   -0.20095070457152142   0.14519333589601738   0.08497758682907659   -0.5592250937573247   0.20231643715734376   -0.0781629855696993   0.16705164916342619   -0.047793371393641884   -0.18412074329603303   -0.08057787680711526   0.26456221393016244   0.6664360043343924   0.5199881533069133   0.804354183004883   0.6783619959413112   0.22662517407152413   -0.7720090944618528   -0.08610870176417883   -0.6986994838258966   -0.3142623412151606   -0.4972407528783698   -0.3647829263327886   -0.13899318566453814   -0.34486984611581545   -0.5402847944101362   0.22062915338954173   -0.21414798425795245   0.20068310788468716   0.07293026441507233   0.1161759058314181   -0.23563956206853667   -0.13998994768177034   0.01896448787485769   -0.19540183051921498   -0.2856848397267341   0.22346120620437548   1.0   0.41541059050183277   0.001422233888238335   -0.11377565214709479   0.15983294630942343   
T_sec   15.0   15.5   16.0   16.5   17.0   17.5   18.0   18.5   19.0   19.5   20.0   20.5   21.0   21.5   22.0   22.5   23.0   23.5   24.0   24.5   25.0   25.5   26.0   26.5   27.0   27.5   28.0   28.5   29.0   29.5   30.0   30.5   31.0   31.5   32.0   32.5   33.0   33.5   34.0   34.5   35.0   35.5   36.0   36.5   37.0   37.5   38.0   38.5   39.0   39.5   40.0   40.5   41.0   41.5   42.0   42.5   43.0   43.5   44.0   44.5   45.0   45.5   46.0   46.5   47.0   47.5   48.0   48.5   49.0   49.5   50.0   50.5   51.0   51.5   52.0   52.5   53.0   53.5   54.0   54.5   55.0   
U16   0.30766282226401553   0.38129371838101955   0.3643881681015521   0.38443488047670105   0.06561125657440682   0.29960286434405087   -0.9752837451878967   0.4281689523303572   -0.5987552277007928   -0.44786251410802647   -0.18087010761827663   0.14420285493629684   0.25287341364869426   -0.7251300521959573   -0.6459295043975019   -0.7378591522204069   -0.3214139046223299   -0.30385750252902316   -0.28048923363487527   0.09683919541159297   0.3313000800500817   -0.029971238604580498   -0.465690349579979   0.30632301047470045   -0.19445309225992202   0.2285957182923547   -0.3653098859038629   -0.09090520318779707   -0.2518032368826131   -0.004063521756993507   -0.26725846481053095   0.41828373657318174   0.0886873364951933   0.0990603795409879   -0.045269504395871206   -0.41136826671966215   0.5079120453852627   -0.2666500446366236   -0.39067599420664473   0.26031121394947815   -0.152994662062693   -0.004154137333260161   0.6497476619612284   0.5978073888941614   -0.13509223174368717   0.21079802648257806   0.14126776221007248   -0.8575653874881705   -0.02077378742555642   -0.42876450171840513   -0.46424087856566904   0.3691061526871884   1.0   0.6735045771872478   -0.2833302358259484   -0.009243037239532736   -0.6043799468293339   -0.3737478130422183   -0.24868849090345588   -0.22985204517743696   0.6249272007860196   -0.5926860618410424   -0.4480799187676222   -0.5976169769820588   -0.4030661640769133   0.14099243583216697   -0.26779230717364283   0.010938771134242966   0.2120353362531832   -0.13036079896648622   -0.19028664875706106   -0.4762933943713312   -0.016742530164184435   -0.00794058121362752   0.30423593452096964   -0.03687472458283245   0.53679803286139   0.7689162002532108   0.10787181882515508   0.005701243900125452   -0.5323146171363315   
T_sec   15.0   15.5   16.0   16.5   17.0   17.5   18.0   18.5   19.0   19.5   20.0   20.5   21.0   21.5   22.0   22.5   23.0   23.5   24.0   24.5   25.0   25.5   26.0   26.5   27.0   27.5   28.0   28.5   29.0   29.5   30.0   30.5   31.0   31.5   32.0   32.5   33.0   33.5   34.0   34.5   35.0   35.5   36.0   36.5   37.0   37.5   38.0   38.5   39.0   39.5   40.0   40.5   41.0   41.5   42.0   42.5   43.0   43.5   44.0   44.5   45.0   45.5   46.0   46.5   47.0   47.5   48.0   48.5   49.0   49.5   50.0   50.5   51.0   51.5   52.0   52.5   53.0   53.5   54.0   54.5   55.0   
U17   0.2943978085573119   -0.050514207043636475   0.2914353881907678   -0.10788647699885226   -0.2730915501606096   -0.4637574234276579   -0.24539208718906136   -0.1840033031849594   0.34202478686152005   0.18588404088290075   -0.19651674358276183   -0.009296061283843225   -0.15327732298976038   -0.2776961381488364   -0.43473371743678285   -0.34596260650302496   -0.47208206477494974   -0.2931422049206682   -0.06987642453045541   -0.020129930740879053   -0.02624169771683998   0.14816600304186872   -0.06985672463015603   0.13017866947885476   0.2290486151879491   -0.3114779592411813   0.22849842955693092   0.11567298564206363   0.2691110434896323   0.0996670311495783   0.07471503852121833   0.36336337799044904   0.19832783058632766   -0.49285555739799236   0.2098214795096255   0.038177133074251336   -0.5136270641707344   0.08059082518112827   0.3758641127175907   -0.07455910240159512   0.21498245057119508   0.20224267789940714   -0.35523967660288486   -0.04005022017891616   0.40016389440115224   0.3398254422168976   -0.08946018841642361   -0.01145133014511534   0.10419532802531642   0.22907647957748153   0.002111492183621627   0.03822764084389933   0.18127690345856046   1.0   0.9944435438604989   0.34418667161497685   0.012617247556177106   0.36774671137100773   -0.12032808145918776   -0.41592688022594243   -0.38079416804790517   0.17516371329397298   -0.13584824962900854   -0.051367882358466684   0.5384627186041976   0.32551495381813833   -0.04310345660130378   0.29385632237829534   -0.035879282570840894   0.0974426693549452   -0.3586284696400804   0.46190460532602   0.4428990998639257   -0.15528233474714115   -0.16999876624218224   0.19849562077608032   -0.4204243712620878   -0.2310984504969593   0.03163571415084976   0.22428407265955064   0.1796402447394969   
T_sec   15.0   15.5   16.0   16.5   17.0   17.5   18.0   18.5   19.0   19.5   20.0   20.5   21.0   21.5   22.0   22.5   23.0   23.5   24.0   24.5   25.0   25.5   26.0   26.5   27.0   27.5   28.0   28.5   29.0   29.5   30.0   30.5   31.0   31.5   32.0   32.5   33.0   33.5   34.0   34.5   35.0   35.5   36.0   36.5   37.0   37.5   38.0   38.5   39.0   39.5   40.0   40.5   41.0   41.5   42.0   42.5   43.0   43.5   44.0   44.5   45.0   45.5   46.0   46.5   47.0   47.5   48.0   48.5   49.0   49.5   50.0   50.5   51.0   51.5   52.0   52.5   53.0   53.5   54.0   54.5   55.0   
U18   0   0   0   0   0   0   0   0   0   0   0   0   0   0   0   0   0   0   0   0   0   0   0   0   0   0   0   0   0   0   0   0   0   0   0   0   0   0   0   0   0   0   0   0   0   0   0   0   0   0   0   0   0   0   0   0   0   0   0   0   0   0   0   0   0   0   0   0   0   0   0   0   0   0   0   0   0   0   0   0   0   
T_sec   15.0   15.5   16.0   16.5   17.0   17.5   18.0   18.5   19.0   19.5   20.0   20.5   21.0   21.5   22.0   22.5   23.0   23.5   24.0   24.5   25.0   25.5   26.0   26.5   27.0   27.5   28.0   28.5   29.0   29.5   30.0   30.5   31.0   31.5   32.0   32.5   33.0   33.5   34.0   34.5   35.0   35.5   36.0   36.5   37.0   37.5   38.0   38.5   39.0   39.5   40.0   40.5   41.0   41.5   42.0   42.5   43.0   43.5   44.0   44.5   45.0   45.5   46.0   46.5   47.0   47.5   48.0   48.5   49.0   49.5   50.0   50.5   51.0   51.5   52.0   52.5   53.0   53.5   54.0   54.5   55.0   
U19   0.10126747277187503   0.26792046653632506   -0.15647854155273644   0.19068083589926565   -0.020243627487677853   0.23017454876418383   -0.17050976433276657   -0.2299267747931319   -0.4284174518637239   0.40994755872310246   0.24481281676958122   0.4038486252027952   0.6261718517661262   0.09022024359440356   0.3165943730742145   0.5872857762616016   -0.07215481254773831   -0.1841690778443656   0.09741098049497156   0.11494579329742657   -0.2772872656335611   -0.0659719091249442   -0.5315334168554282   -0.19553644560659073   0.19758060097762037   0.22961535653105747   0.6346689694984103   -0.4335386849787397   0.28498637406740335   -0.05536395618815269   0.3363359160061929   0.7950510167309767   0.2976925313335926   0.8348087281940356   0.08585778896410494   -0.2685022945865254   0.015328380263103694   0.0361188577313006   0.4317308914643151   -0.1010452441250145   0.5203693785145228   -0.0883324771216561   0.16827847790770573   -0.0008366905714538824   0.22132496805698573   -0.08039467000467808   0.011924020647403345   0.5658031056831728   0.6172686093418213   -0.21229696103177526   0.3402047170530558   0.4421019011600535   -0.07077148587638851   0.9101075401863492   0.7786379963304312   -0.07842714842841261   -0.5047370281028972   -0.3402321278691951   -0.06579493574335128   -0.3939080673786269   -0.09211240840964963   0.3394958365499024   0.08845126228720968   -1.0   0.07216841118320413   -0.19923382485603094   -0.339147188532661   0.622461681975846   0.0015274797001674904   -0.09794178949013767   -0.46605607728333137   -0.055535924406432596   -0.2273917947207085   -0.4395942287730523   -0.4110354301838855   0.0801088225607133   0.38745345017512006   -0.22985111834367294   -0.6321507729938975   -0.5106799014026309   -0.7823688457004518   
T_sec   15.0   15.5   16.0   16.5   17.0   17.5   18.0   18.5   19.0   19.5   20.0   20.5   21.0   21.5   22.0   22.5   23.0   23.5   24.0   24.5   25.0   25.5   26.0   26.5   27.0   27.5   28.0   28.5   29.0   29.5   30.0   30.5   31.0   31.5   32.0   32.5   33.0   33.5   34.0   34.5   35.0   35.5   36.0   36.5   37.0   37.5   38.0   38.5   39.0   39.5   40.0   40.5   41.0   41.5   42.0   42.5   43.0   43.5   44.0   44.5   45.0   45.5   46.0   46.5   47.0   47.5   48.0   48.5   49.0   49.5   50.0   50.5   51.0   51.5   52.0   52.5   53.0   53.5   54.0   54.5   55.0   
U20   0.1598205074209191   -0.6739187070307598   -0.42197074961793973   0.1156139503574429   -0.30463265822032587   0.06630535248303823   -0.04504213093069097   0.6923899451446203   0.12801778414511236   0.321745666054097   0.15348189191005376   -0.22900609803767935   -0.18589908522344095   -0.16603981902336515   0.7414041362933176   0.7334513109500536   -0.10237215231135315   -0.35593908427082827   -0.2829674168075181   -0.7183062127456403   0.12345718391422987   0.7254314449546462   -0.4800799097754415   0.912464877196862   -0.5437982310024432   0.4007472346103791   -0.0987694913738749   -0.37881222929014724   -0.04923695210604835   -0.000575854522438101   0.12432448534238404   -0.04378294821915496   0.1600970322220901   -0.3082897250510008   0.17746555204844336   -0.1541390988683542   -0.018928280432284564   -0.059036674989076644   0.5654447283580595   0.1188061134036901   0.2379656273008473   -0.3252637902783148   -0.06076205257295385   -0.6573985553750386   -0.028566735038825827   0.5420987895368435   -0.18682935259051098   0.09563578356774703   -0.22395195283188316   1.0   0.1973284438309794   -0.022192371331424668   0.8406864519650313   0.8231024030333576   -0.312176155788732   -0.6592704310435591   -0.7047243314815769   0.23404276858864606   -0.39397483185541793   -0.46984790504085056   -0.67584284128773   -0.08966278936562208   -0.7764627951746664   -0.3533947256111763   -0.17019045037437908   0.1555765159896084   0.7692391339668246   0.49132060595455673   0.22056996053416067   0.0838326566363636   0.6400029615408752   0.16607223750989883   0.10611269032977073   -0.18204159484492713   0.03257211882484066   0.329824590435316   -0.17772655313728505   -0.2072756728178332   -0.5877173719334589   -0.2823872879966364   0.5222803776232618   
T_sec   15.0   15.5   16.0   16.5   17.0   17.5   18.0   18.5   19.0   19.5   20.0   20.5   21.0   21.5   22.0   22.5   23.0   23.5   24.0   24.5   25.0   25.5   26.0   26.5   27.0   27.5   28.0   28.5   29.0   29.5   30.0   30.5   31.0   31.5   32.0   32.5   33.0   33.5   34.0   34.5   35.0   35.5   36.0   36.5   37.0   37.5   38.0   38.5   39.0   39.5   40.0   40.5   41.0   41.5   42.0   42.5   43.0   43.5   44.0   44.5   45.0   45.5   46.0   46.5   47.0   47.5   48.0   48.5   49.0   49.5   50.0   50.5   51.0   51.5   52.0   52.5   53.0   53.5   54.0   54.5   55.0   
U21   0.044259492438355794   -0.15404076151022242   0.12304824639639092   -0.08607432723302838   0.26031180717194236   -0.103383956738463   0.4065824020913353   -0.3740557077454487   0.02425940981190943   0.6012583414912065   -0.07461408332508677   0.2678362155568381   0.17556104762696734   0.39773193371837834   0.29534936474209095   -0.03198786456020676   0.3849224040455559   -0.12732643825009513   0.004707876197419723   0.09361570482151994   0.21516653958477155   0.15529577308476747   -0.06023510780404495   0.05832882736327486   -0.4886971058275365   -0.08797190003926961   -0.12727111578292774   0.37552185127090826   -0.41647977442498474   0.21631393964972379   -0.10480363134314706   -0.30589692007359487   0.2893575599837976   0.012287466218738509   0.4252609433374106   -0.1481536034108349   -0.04728140639192442   -0.12833141128784423   -0.13095643087541   -0.02240527190244407   0.26956442729279845   0.49463982804741824   -0.4882175509218134   -0.1102027532024233   -0.45614409905896924   -0.19413850041865593   0.03139983214580015   0.35537192489296143   0.4157576846792271   -0.7394200444911002   -0.49196201502116366   0.7981074187372192   0.5748401330768151   0.7273528688579857   0.097112954612346   -0.3182732172165854   -0.05114472198454187   -0.2585153442969533   -0.22533669074813378   -0.18029814394340876   -0.24518692825574942   -0.6513600342838856   -0.005911439847878614   -0.02336067653963492   0.11414022341684836   -0.3583027068825608   -0.09310295838333128   -0.39029943988506866   0.4176536443611538   -0.20804805224949866   -0.6212873400933067   -0.04277242903122623   -0.20965749862109728   -0.49947310882534546   -0.2956686638978234   0.09838826793837792   -0.3495464905520979   0.13390097576513374   -1.0   0.200564615439065   -0.0812864754656038   
T_sec   15.0   15.5   16.0   16.5   17.0   17.5   18.0   18.5   19.0   19.5   20.0   20.5   21.0   21.5   22.0   22.5   23.0   23.5   24.0   24.5   25.0   25.5   26.0   26.5   27.0   27.5   28.0   28.5   29.0   29.5   30.0   30.5   31.0   31.5   32.0   32.5   33.0   33.5   34.0   34.5   35.0   35.5   36.0   36.5   37.0   37.5   38.0   38.5   39.0   39.5   40.0   40.5   41.0   41.5   42.0   42.5   43.0   43.5   44.0   44.5   45.0   45.5   46.0   46.5   47.0   47.5   48.0   48.5   49.0   49.5   50.0   50.5   51.0   51.5   52.0   52.5   53.0   53.5   54.0   54.5   55.0   
U22   0   0   0   0   0   0   0   0   0   0   0   0   0   0   0   0   0   0   0   0   0   0   0   0   0   0   0   0   0   0   0   0   0   0   0   0   0   0   0   0   0   0   0   0   0   0   0   0   0   0   0   0   0   0   0   0   0   0   0   0   0   0   0   0   0   0   0   0   0   0   0   0   0   0   0   0   0   0   0   0   0   
T_sec   15.0   15.5   16.0   16.5   17.0   17.5   18.0   18.5   19.0   19.5   20.0   20.5   21.0   21.5   22.0   22.5   23.0   23.5   24.0   24.5   25.0   25.5   26.0   26.5   27.0   27.5   28.0   28.5   29.0   29.5   30.0   30.5   31.0   31.5   32.0   32.5   33.0   33.5   34.0   34.5   35.0   35.5   36.0   36.5   37.0   37.5   38.0   38.5   39.0   39.5   40.0   40.5   41.0   41.5   42.0   42.5   43.0   43.5   44.0   44.5   45.0   45.5   46.0   46.5   47.0   47.5   48.0   48.5   49.0   49.5   50.0   50.5   51.0   51.5   52.0   52.5   53.0   53.5   54.0   54.5   55.0   
U23   -0.05873898656586954   0.24273134969930077   -0.1515789971084325   0.24483371671921844   -0.005239707525955146   -0.09558183947979414   -0.17635469905792786   0.27191802091580314   -0.1992323259759386   -0.15653993095362162   0.02537129817132039   -0.06074025671136087   0.17747850719466876   -0.16719599532397622   0.7937358356225975   -0.6395448229773341   0.07338095537854929   -0.3458419236845155   0.47114095554285074   -0.05951817137549158   0.052876184132373466   0.06839873359620598   0.029743194162387944   -0.34275046533648457   0.43382814924261554   0.14518174072646178   -0.6513903222691731   -0.4576769981579281   0.006223242877087196   -0.1520194102982321   0.3793804569262176   -0.4352675822330871   -0.04246129863062694   0.18437364970692718   0.04486627919163372   0.2740973806828415   0.0075781200072241066   0.15047320952429905   0.01641867513519589   0.4244930258199628   -0.004535537265109865   0.07704296053970132   -0.44650138544770784   -0.1493443132401075   0.18936196938913757   0.2826139110211893   -0.1399187622429575   -0.28970209780108985   0.5285623391284722   0.6695552005646541   0.3266201125482865   -0.6610719675071087   0.7015537900100813   1.0   -0.6521490083155617   -0.25891171804736596   -0.088888252992269   0.027545671813292254   0.5143527860323452   0.0060097826908619145   -0.32174398310190694   -0.45216762001301813   -0.053047938296929005   0.10531051726303851   -0.09982002878194532   0.7518989712517423   0.1814326901908194   -0.07505908561615912   0.4572030541385859   0.06692669851444712   -0.21545754399725664   -0.04225547664090975   -0.18975813970500935   0.15772135508070037   -0.19543310999503147   0.0319610515244269   -0.24516056272268438   0.16116398369034934   -0.11919169300686809   0.14442087826010275   0.2533235338059937   
T_sec   15.0   15.5   16.0   16.5   17.0   17.5   18.0   18.5   19.0   19.5   20.0   20.5   21.0   21.5   22.0   22.5   23.0   23.5   24.0   24.5   25.0   25.5   26.0   26.5   27.0   27.5   28.0   28.5   29.0   29.5   30.0   30.5   31.0   31.5   32.0   32.5   33.0   33.5   34.0   34.5   35.0   35.5   36.0   36.5   37.0   37.5   38.0   38.5   39.0   39.5   40.0   40.5   41.0   41.5   42.0   42.5   43.0   43.5   44.0   44.5   45.0   45.5   46.0   46.5   47.0   47.5   48.0   48.5   49.0   49.5   50.0   50.5   51.0   51.5   52.0   52.5   53.0   53.5   54.0   54.5   55.0   
U24   -0.3057036599296355   -0.10700118085317872   -0.7148874621086085   0.31956015682430433   -0.1338811545678145   -0.015939493438015734   0.16445959290369339   0.3007834840930007   0.1517182089102791   -0.4490875555403595   0.36240066506203733   0.4201820869080988   -0.15884203268519362   0.30428722261656355   0.20954516592298134   -0.4477554379836623   -0.11228123104478177   -0.04021028936863769   -0.07545042513969856   0.12491326656236099   0.13406902706897136   0.18662333222630267   -0.17868919340126735   -0.16280294959086788   -0.10480917831126924   -0.11431690681196817   0.0032412293562262113   -0.393969652760121   -0.20219931845801542   -0.211477442875572   -0.221582046451485   -0.04135189419428408   -0.45076422294960244   0.01325106364197313   -0.28469822827149854   0.35221030063845277   -0.11879371968967656   -0.28786388373964683   -0.45165994858992525   0.2842652622929743   0.16411962538109817   0.4573686182547271   0.11906515811765638   -0.48127503587303316   0.1921455332463132   -0.5761459209588287   -0.015458145574574962   0.41742279019461814   0.9755462533919561   -0.05442141611609252   0.8324575742819341   0.7328281521662159   0.5713884469568973   1.0   -0.9487825550193605   -0.6477903112051273   -0.7239524941113683   -0.3889027019152502   -0.40904454945991214   -0.5644523938973682   -0.4203896272123387   -0.37110587709019843   -0.22418095199353616   0.05582419996385429   0.021665519231657496   0.26990291578484604   0.3008178340252235   -0.013565420687121946   0.26834583083574937   0.07084884135609237   0.06796959589533065   0.1280754380656623   -0.038824392655812334   -0.07571138509245935   0.12985954680402384   0.052351180895214525   -0.09686770929946178   -0.03565766189807697   -0.12824747883419257   0.14464003151433533   0.22779840757961192   
T_sec   15.0   15.5   16.0   16.5   17.0   17.5   18.0   18.5   19.0   19.5   20.0   20.5   21.0   21.5   22.0   22.5   23.0   23.5   24.0   24.5   25.0   25.5   26.0   26.5   27.0   27.5   28.0   28.5   29.0   29.5   30.0   30.5   31.0   31.5   32.0   32.5   33.0   33.5   34.0   34.5   35.0   35.5   36.0   36.5   37.0   37.5   38.0   38.5   39.0   39.5   40.0   40.5   41.0   41.5   42.0   42.5   43.0   43.5   44.0   44.5   45.0   45.5   46.0   46.5   47.0   47.5   48.0   48.5   49.0   49.5   50.0   50.5   51.0   51.5   52.0   52.5   53.0   53.5   54.0   54.5   55.0   
U25   0.09206864891955983   -0.04365395039876399   0.0009880159087422877   0.006337489382165877   -0.3038229425038951   0.1852196876636706   -0.04324317023678031   -0.02281201241884439   0.10375703144985277   0.14908799419104388   0.23144492529397576   -0.11472928119968454   -0.1840874145035403   -0.37973628195470066   -0.4751198057852078   0.49780947770291445   -0.13857559269210926   0.12399487306580013   0.20842810778748333   -0.000650867428295533   -0.0916624174196769   -0.03676409191339569   -0.04450369483713902   0.3022158261001792   -0.011941161309435821   -0.05728527564596586   -0.2146207224500262   0.22476920892521426   0.21099882799538605   -0.27538510361816454   0.058629620667893956   0.13825302397831332   0.12096153942122694   -0.13648550210678173   -0.48463126732272827   -0.03932587456222611   -0.2733880856390709   0.1172706787685859   -0.09269476621424011   0.5213591411582523   -0.7169894483301599   -0.2795974690267081   -0.31404914902603237   0.0681851521270664   -0.11542082079497087   0.43436575553052714   0.2622002393202873   0.4602916193946229   0.17587867932428103   0.5169264733898493   -0.1617242788064232   0.10457531366424681   0.394770975233869   0.050281894846675876   -0.38528622239759164   -0.7603989795902416   -0.6159756849612565   -1.0   -0.1440592904257815   -0.1628560466853186   -0.08265735071678425   -0.06181132242601055   0.2976360935364487   -0.25486068934155803   0.048653753495561426   -0.1087893662194997   0.2962192223561203   -0.30937303974834046   -0.31313192873746165   -0.07796280073391826   -0.5766609654429188   0.08140612930409306   0.571272498182506   0.6521821084357311   -0.14652219616692694   -0.10908665234859675   0.2564236092970387   0.2039400218484146   0.1877027066973172   0.1809229936036542   0.13582433590435405   
T_sec   15.0   15.5   16.0   16.5   17.0   17.5   18.0   18.5   19.0   19.5   20.0   20.5   21.0   21.5   22.0   22.5   23.0   23.5   24.0   24.5   25.0   25.5   26.0   26.5   27.0   27.5   28.0   28.5   29.0   29.5   30.0   30.5   31.0   31.5   32.0   32.5   33.0   33.5   34.0   34.5   35.0   35.5   36.0   36.5   37.0   37.5   38.0   38.5   39.0   39.5   40.0   40.5   41.0   41.5   42.0   42.5   43.0   43.5   44.0   44.5   45.0   45.5   46.0   46.5   47.0   47.5   48.0   48.5   49.0   49.5   50.0   50.5   51.0   51.5   52.0   52.5   53.0   53.5   54.0   54.5   55.0   
U26   0.14960031221673278   -0.1284289482190226   -0.23447927181521244   -0.024496541219460044   0.0988356754913741   0.05911084939210936   0.03181298302084503   -0.22226319881119175   -0.05767897371320906   -0.5411888565641747   -0.08112262662157207   0.32369117113504287   -0.2749984519539809   -0.12923514531146252   0.36831038037790403   -0.10528069481197036   0.019301917788569566   -0.0945229552768331   0.001640151723571347   0.48766292562067587   0.3040366986434428   0.018605695108354497   -0.05670594515048178   -0.006832576866506212   0.10491920117503055   0.07732506089341679   -0.3844379408259673   -0.4791874837665583   -0.0012679360304293315   -0.002108502575638961   0.30790481815126314   0.01547290996044565   -0.15413459518974634   -0.26954322303194145   -0.41387276417126867   -0.2992679617367966   -0.23291164689289498   0.00022170266987690522   0.015984811706533576   0.4412339714224225   -0.20873167831655898   -0.05924834091613041   -0.04911711631043992   -0.5358241644498146   -0.5065271048944968   1.0   0.11177870908585809   0.5353232993615091   0.144961001730256   0.6247356358638985   0.2856801289740507   0.30736490362055036   0.6072949590065865   0.07695076247432621   0.13526493494006867   -0.26108804294024374   0.11234910373454922   -0.5447234779525285   -0.2075917098763171   0.18792030848994132   -0.17739799504788062   0.4865300103005235   0.045880731044225756   -0.0006368118839818297   0.3155916833454697   -0.028608636898338823   0.16848220279802317   0.42360590116632785   -0.14683008825142063   -0.1873982347623592   0.056322575491571124   0.34987223429474623   0.08348116929036391   -0.14721923572613185   0.3628083401114619   -0.3695358600316277   -0.12807853752497966   0.02999793327266493   0.43056518872385297   0.17135071262292675   0.02684764689280133   
T_sec   15.0   15.5   16.0   16.5   17.0   17.5   18.0   18.5   19.0   19.5   20.0   20.5   21.0   21.5   22.0   22.5   23.0   23.5   24.0   24.5   25.0   25.5   26.0   26.5   27.0   27.5   28.0   28.5   29.0   29.5   30.0   30.5   31.0   31.5   32.0   32.5   33.0   33.5   34.0   34.5   35.0   35.5   36.0   36.5   37.0   37.5   38.0   38.5   39.0   39.5   40.0   40.5   41.0   41.5   42.0   42.5   43.0   43.5   44.0   44.5   45.0   45.5   46.0   46.5   47.0   47.5   48.0   48.5   49.0   49.5   50.0   50.5   51.0   51.5   52.0   52.5   53.0   53.5   54.0   54.5   55.0   
U27   0   0   0   0   0   0   0   0   0   0   0   0   0   0   0   0   0   0   0   0   0   0   0   0   0   0   0   0   0   0   0   0   0   0   0   0   0   0   0   0   0   0   0   0   0   0   0   0   0   0   0   0   0   0   0   0   0   0   0   0   0   0   0   0   0   0   0   0   0   0   0   0   0   0   0   0   0   0   0   0   0   
T_sec   15.0   15.5   16.0   16.5   17.0   17.5   18.0   18.5   19.0   19.5   20.0   20.5   21.0   21.5   22.0   22.5   23.0   23.5   24.0   24.5   25.0   25.5   26.0   26.5   27.0   27.5   28.0   28.5   29.0   29.5   30.0   30.5   31.0   31.5   32.0   32.5   33.0   33.5   34.0   34.5   35.0   35.5   36.0   36.5   37.0   37.5   38.0   38.5   39.0   39.5   40.0   40.5   41.0   41.5   42.0   42.5   43.0   43.5   44.0   44.5   45.0   45.5   46.0   46.5   47.0   47.5   48.0   48.5   49.0   49.5   50.0   50.5   51.0   51.5   52.0   52.5   53.0   53.5   54.0   54.5   55.0   
U28   -0.04850322791269593   0.2896679281105143   0.315630685489037   0.259465373587988   -0.2641164547092839   0.5367598460953823   -0.36875902294026547   -0.24155247091389764   -0.2534920333944041   0.3593196150624725   -0.9932743255650172   0.18691261045293073   -0.5781031886376007   -0.49319325808291875   0.009234107046157219   0.20251827398342045   0.6648717152450928   0.5165174742534419   0.1144563578232389   0.11942601938102791   -0.009649533714345973   -0.9453298758325837   0.3894492612887423   -0.4627636815968712   -0.19180786059886307   0.2891021906621102   -0.002405258811157536   -0.17532741939162255   0.6670090579540573   -0.01579519369415202   0.02745739096708305   -0.4004858884275322   -0.027605076929217636   0.20496629565713284   0.5016028460788244   -0.48807371848802483   0.18934605424255002   -0.3028785807423058   0.005418168982419967   -0.6632694662067271   -0.19883324929967777   0.6143935390007047   1.0   0.9728360628967476   -0.1526361751652282   0.524651873449087   0.03212912743134849   -0.2140254145389968   0.5969558998577719   0.03338622241092515   0.3725947803583356   0.45343888318617936   0.10785824742418747   0.09264634075044487   -0.11483209405899611   -0.5337735317397422   -0.5167056989834091   -0.11273935977471479   0.12064611481541059   -0.7904592848827398   0.642245949698377   0.6252205810909537   -0.28186991177597515   -0.7032729607601712   -0.0740415476213062   -0.5476616318822799   -0.36028192977023643   -0.03178725067492962   -0.5403826830693443   -0.20937229897963447   0.8594367835108743   0.397501426069972   0.6646151138232061   -0.24973032325232197   -0.4362613139376035   0.30747576021037565   0.10313510315242051   -0.6183766153579282   0.09922505172630837   0.5563521192414257   0.34070653510661325   
T_sec   15.0   15.5   16.0   16.5   17.0   17.5   18.0   18.5   19.0   19.5   20.0   20.5   21.0   21.5   22.0   22.5   23.0   23.5   24.0   24.5   25.0   25.5   26.0   26.5   27.0   27.5   28.0   28.5   29.0   29.5   30.0   30.5   31.0   31.5   32.0   32.5   33.0   33.5   34.0   34.5   35.0   35.5   36.0   36.5   37.0   37.5   38.0   38.5   39.0   39.5   40.0   40.5   41.0   41.5   42.0   42.5   43.0   43.5   44.0   44.5   45.0   45.5   46.0   46.5   47.0   47.5   48.0   48.5   49.0   49.5   50.0   50.5   51.0   51.5   52.0   52.5   53.0   53.5   54.0   54.5   55.0   
U29   0   0   0   0   0   0   0   0   0   0   0   0   0   0   0   0   0   0   0   0   0   0   0   0   0   0   0   0   0   0   0   0   0   0   0   0   0   0   0   0   0   0   0   0   0   0   0   0   0   0   0   0   0   0   0   0   0   0   0   0   0   0   0   0   0   0   0   0   0   0   0   0   0   0   0   0   0   0   0   0   0   
T_sec   15.0   15.5   16.0   16.5   17.0   17.5   18.0   18.5   19.0   19.5   20.0   20.5   21.0   21.5   22.0   22.5   23.0   23.5   24.0   24.5   25.0   25.5   26.0   26.5   27.0   27.5   28.0   28.5   29.0   29.5   30.0   30.5   31.0   31.5   32.0   32.5   33.0   33.5   34.0   34.5   35.0   35.5   36.0   36.5   37.0   37.5   38.0   38.5   39.0   39.5   40.0   40.5   41.0   41.5   42.0   42.5   43.0   43.5   44.0   44.5   45.0   45.5   46.0   46.5   47.0   47.5   48.0   48.5   49.0   49.5   50.0   50.5   51.0   51.5   52.0   52.5   53.0   53.5   54.0   54.5   55.0   
U30   0.16274827020335927   -0.041496363347534274   0.10891147340917356   -0.1897224954738199   -0.0030619832376228354   0.28877829601779803   -0.049529581518271186   0.1596232719453644   -0.12107808316932073   0.3415442220083055   0.06324168951930877   0.4150135259914159   0.1687791597115541   0.13158793437896643   -0.17937339221725418   -0.25790217259544507   0.2162719000741209   0.1047144425066217   -0.3351658971947971   -0.19997658695849738   0.5240804932093215   0.1456845612286221   -0.03490177902631766   0.15923902158175737   0.18893477473594744   0.1408513519205144   -0.08352608565090644   -0.2874026179949961   0.13056929739453252   -0.21393313504603362   0.29433942407604496   -0.07494464245588094   -0.2886502714147896   0.28662273356997026   -0.5292970635108301   -0.012320216184989087   -0.06423326870163494   0.03538909839432352   0.6472610701949394   0.09550954553611027   0.4651215414396232   1.0   0.7880239113302038   -0.8010294429892134   0.02064835059837456   -0.12401800066276844   -0.08420759308058133   -0.15991040882539806   -0.05497586696468844   -0.08608478004309518   0.6472721061493866   0.18468991967896173   -0.224355528286073   -4.953894442674385e-05   -0.1623062832660829   -0.6157377208251785   -0.027666212823308653   0.1801854561797288   -0.19939199366351348   0.07929660125226809   0.029435904579039014   0.36296676499916314   0.44265221571272034   -0.18636419977077875   0.07744337730097672   0.0570562405745512   0.11255967334273875   0.18701681028185133   -0.23435106984955997   -0.33101224164658544   -0.058116292170734905   -0.5198197599560991   -0.06891342135754751   0.336397459161088   0.37391484374233996   0.2700737417873607   0.04255625237563844   0.10556915301877434   -0.25241096625203346   0.2611015385457516   -0.005014227650360919   
T_sec   15.0   15.5   16.0   16.5   17.0   17.5   18.0   18.5   19.0   19.5   20.0   20.5   21.0   21.5   22.0   22.5   23.0   23.5   24.0   24.5   25.0   25.5   26.0   26.5   27.0   27.5   28.0   28.5   29.0   29.5   30.0   30.5   31.0   31.5   32.0   32.5   33.0   33.5   34.0   34.5   35.0   35.5   36.0   36.5   37.0   37.5   38.0   38.5   39.0   39.5   40.0   40.5   41.0   41.5   42.0   42.5   43.0   43.5   44.0   44.5   45.0   45.5   46.0   46.5   47.0   47.5   48.0   48.5   49.0   49.5   50.0   50.5   51.0   51.5   52.0   52.5   53.0   53.5   54.0   54.5   55.0   
U31   -0.2935088103753471   0.14621188150963121   0.2347782008265196   -0.009546501120435253   -0.7621978605339018   -0.12681962559784865   0.01856565449263847   -1.0   -0.15375259096190175   0.27233723346482924   -0.007723033964274976   0.06362794633110172   0.48229785052717766   0.13951179363227081   -0.17087320759772703   0.1840862981173474   -0.13107483169742937   -0.3472326291230239   0.3115184743426836   -0.3581001009632522   -0.21169290137187877   0.2378862672713479   -0.19338902553071616   -0.6324124134891255   0.020877733222725164   -0.10931070817942255   -0.37277336181579485   -0.21916894720602223   0.6815688548962114   0.2304893838321752   -0.38639137451443345   0.055643760314761356   0.03629271406254628   0.4091077712735628   -0.047949489768467794   -0.6310095441071043   0.08653045774801049   0.2709486047891644   0.1335571409137011   -0.08195352199094288   0.709805120807688   0.05332601201783044   -0.39534307152404025   -0.24445816866163492   0.08133125943069346   -0.20339015400473648   -0.41614948332660273   -0.058047605860743784   0.20109691742549335   0.6102815207507164   0.35493345080384653   0.26817637733339655   0.3844364787958857   -0.21564263119007107   0.24260224995986335   0.10937979148459417   -0.5819876338243187   -0.4884740074802246   -0.17733858600954328   0.09540006862799126   -0.1363171981920031   0.36236001173687515   0.3023275733943267   -0.011398440007501271   0.11803401324076324   0.14388527009427418   -0.6936343650450784   -0.09551469762147159   -0.10335768276144532   0.16304812946527708   0.09007751376001535   0.6212645832559568   -0.1405403423573714   -0.5266243829181105   -0.14690079183834093   0.10042127049401828   0.4979580247177351   0.10509740271396217   0.10518430879069907   0.3462460852202008   -0.343552604421677   
T_sec   15.0   15.5   16.0   16.5   17.0   17.5   18.0   18.5   19.0   19.5   20.0   20.5   21.0   21.5   22.0   22.5   23.0   23.5   24.0   24.5   25.0   25.5   26.0   26.5   27.0   27.5   28.0   28.5   29.0   29.5   30.0   30.5   31.0   31.5   32.0   32.5   33.0   33.5   34.0   34.5   35.0   35.5   36.0   36.5   37.0   37.5   38.0   38.5   39.0   39.5   40.0   40.5   41.0   41.5   42.0   42.5   43.0   43.5   44.0   44.5   45.0   45.5   46.0   46.5   47.0   47.5   48.0   48.5   49.0   49.5   50.0   50.5   51.0   51.5   52.0   52.5   53.0   53.5   54.0   54.5   55.0   
U32   0   0   0   0   0   0   0   0   0   0   0   0   0   0   0   0   0   0   0   0   0   0   0   0   0   0   0   0   0   0   0   0   0   0   0   0   0   0   0   0   0   0   0   0   0   0   0   0   0   0   0   0   0   0   0   0   0   0   0   0   0   0   0   0   0   0   0   0   0   0   0   0   0   0   0   0   0   0   0   0   0   
T_sec   15.0   15.5   16.0   16.5   17.0   17.5   18.0   18.5   19.0   19.5   20.0   20.5   21.0   21.5   22.0   22.5   23.0   23.5   24.0   24.5   25.0   25.5   26.0   26.5   27.0   27.5   28.0   28.5   29.0   29.5   30.0   30.5   31.0   31.5   32.0   32.5   33.0   33.5   34.0   34.5   35.0   35.5   36.0   36.5   37.0   37.5   38.0   38.5   39.0   39.5   40.0   40.5   41.0   41.5   42.0   42.5   43.0   43.5   44.0   44.5   45.0   45.5   46.0   46.5   47.0   47.5   48.0   48.5   49.0   49.5   50.0   50.5   51.0   51.5   52.0   52.5   53.0   53.5   54.0   54.5   55.0   
U33   0   0   0   0   0   0   0   0   0   0   0   0   0   0   0   0   0   0   0   0   0   0   0   0   0   0   0   0   0   0   0   0   0   0   0   0   0   0   0   0   0   0   0   0   0   0   0   0   0   0   0   0   0   0   0   0   0   0   0   0   0   0   0   0   0   0   0   0   0   0   0   0   0   0   0   0   0   0   0   0   0   
T_sec   15.0   15.5   16.0   16.5   17.0   17.5   18.0   18.5   19.0   19.5   20.0   20.5   21.0   21.5   22.0   22.5   23.0   23.5   24.0   24.5   25.0   25.5   26.0   26.5   27.0   27.5   28.0   28.5   29.0   29.5   30.0   30.5   31.0   31.5   32.0   32.5   33.0   33.5   34.0   34.5   35.0   35.5   36.0   36.5   37.0   37.5   38.0   38.5   39.0   39.5   40.0   40.5   41.0   41.5   42.0   42.5   43.0   43.5   44.0   44.5   45.0   45.5   46.0   46.5   47.0   47.5   48.0   48.5   49.0   49.5   50.0   50.5   51.0   51.5   52.0   52.5   53.0   53.5   54.0   54.5   55.0   
U34   0.08612356925110469   -0.6257657661401844   0.1517933956188725   0.16694739702052655   -0.6521336911866094   -0.20851342555099298   -0.006771990026309558   -0.3484634150992929   -0.005228996472772843   -0.14612860735591807   0.03609125869537111   -0.28822700949903046   0.10763899927744633   -0.16069760963900157   0.035782026128026174   0.12975421991540645   -0.07389203948885084   0.04081198058957887   -0.5750097505589843   0.17756989494983408   -0.17291693147406825   -0.09159814754956165   -0.15095686878768574   -0.0790737171750721   -0.1610793543949388   -0.8472122834540978   -0.02702499417241563   0.08037243295739933   0.31210151280437026   0.1637087574742896   0.28703154207610604   -0.1504021463679288   -0.13662356245236065   -0.0933479098118434   0.12580702100094546   0.36056763241992346   0.39175754763160264   0.5500466594408813   0.1396270991156422   0.024223971997085574   0.042409592354686   -0.09339121846806538   0.07379600582934309   -0.05233220390518574   0.32857540532296364   0.5338090835220722   0.6480781179442503   0.22797762241640274   0.2376185416825655   0.12481949534043806   -0.26574388329448095   0.044943754316411774   -0.013078588132977203   0.09179467517378248   -0.09984966909030313   0.059144276302672924   0.008212828789511416   -0.0029494301362346827   -0.11838985358579815   -0.19503992860905098   -0.620569362010413   0.07663042140552559   0.43375572806138446   -0.32081177711699643   -0.30777970359298584   0.2529489893749517   -0.22991939854117613   -0.3417200099547693   0.5866006683631404   0.030415765473842594   -0.14319505021144194   0.09804807136922332   0.16708666286365162   0.16584205626013204   1.0   -0.16588565602369987   -0.11775323022486987   0.6221810822557083   -0.06439715528840684   -0.48012051890257823   -0.10990518482652309   
T_sec   15.0   15.5   16.0   16.5   17.0   17.5   18.0   18.5   19.0   19.5   20.0   20.5   21.0   21.5   22.0   22.5   23.0   23.5   24.0   24.5   25.0   25.5   26.0   26.5   27.0   27.5   28.0   28.5   29.0   29.5   30.0   30.5   31.0   31.5   32.0   32.5   33.0   33.5   34.0   34.5   35.0   35.5   36.0   36.5   37.0   37.5   38.0   38.5   39.0   39.5   40.0   40.5   41.0   41.5   42.0   42.5   43.0   43.5   44.0   44.5   45.0   45.5   46.0   46.5   47.0   47.5   48.0   48.5   49.0   49.5   50.0   50.5   51.0   51.5   52.0   52.5   53.0   53.5   54.0   54.5   55.0   
U35   0.18289135313973418   0.10599327615822067   0.3316677828124915   0.19697276586723997   -0.006622165068311055   -0.02690755586993945   -0.18173657355226047   0.2586032409843344   -0.08034379335419697   -0.2873389188584491   0.1601222524898551   0.3659943407517293   -0.39415626639884677   -0.14666473504004068   -0.3054382464397777   0.18452415710385708   -0.5254463504359621   0.2054093223297654   0.4146106684757383   0.36547800465721675   -0.10960153017337093   -0.24599323088232988   -0.05574490250417819   -0.4628520579981515   -0.27632170845209125   -0.3260586295476954   0.16195240582922668   -0.6939477506523144   -0.017918180300957844   -0.02181217284495913   0.22756189998365992   -0.4047065032409648   -0.06273756633911078   -0.17616323352372046   0.06637397763300279   1.0   0.7740510405215562   0.2487656382695786   0.17463195793197286   0.11905480210421433   0.27002229915359116   0.14465025025531159   -0.5113259910743482   0.22102208554580344   -0.04632455516087602   -0.16426241067865652   0.5739572154250997   -0.2437136258102408   -0.27610512572044527   0.18738749181327988   -0.03317663342741764   -0.2595517075049806   0.22086907151449392   -0.15166723651283825   0.11584048708863307   -0.30978105487452967   -0.2762175469324756   -0.16354406200351101   -0.058755248647681196   -0.023205661479036837   0.35690648279358717   0.15097400494454258   -0.12208731766534946   0.6943721676829888   0.2636638575657808   0.5139413236799193   0.23828722089767415   0.11173195702402114   -0.13210656662629416   0.026419832876370772   0.08934601177631164   -0.31784264688690184   0.06343378334388594   0.26862967275861416   0.13949169939738573   0.6942002826034113   0.41750390928283465   0.2018814413782277   -0.12633163421743496   -0.028998749916772808   0.20231193682972792   
T_sec   15.0   15.5   16.0   16.5   17.0   17.5   18.0   18.5   19.0   19.5   20.0   20.5   21.0   21.5   22.0   22.5   23.0   23.5   24.0   24.5   25.0   25.5   26.0   26.5   27.0   27.5   28.0   28.5   29.0   29.5   30.0   30.5   31.0   31.5   32.0   32.5   33.0   33.5   34.0   34.5   35.0   35.5   36.0   36.5   37.0   37.5   38.0   38.5   39.0   39.5   40.0   40.5   41.0   41.5   42.0   42.5   43.0   43.5   44.0   44.5   45.0   45.5   46.0   46.5   47.0   47.5   48.0   48.5   49.0   49.5   50.0   50.5   51.0   51.5   52.0   52.5   53.0   53.5   54.0   54.5   55.0   
U36   -0.11961937126342889   0.06747741453687393   0.5523696189931906   -0.23837895180507504   0.034487193876098034   -0.6716100916207536   0.5887086726250846   0.1918808431837061   -0.5809203653171116   -0.8787386140891288   -0.9633519152223994   -0.19162307275613463   0.4161129817843958   0.34232034331040395   -0.19624765224676227   0.4637105341494133   0.04106105043071269   0.101383781107089   0.06401341553305781   -0.4516770914159816   0.05255412204294285   -0.3197933711022863   0.10650852642206413   0.011775387477352378   0.00721519494823917   -0.19307050664873548   -0.04317115153429987   0.15089969257025523   0.17096059388316132   -0.4399952804097213   -0.030973016332886   0.0523742138612165   -0.3703210984934266   1.0   0.7705798066571495   0.08424589755951249   -0.11349652594775676   -0.3550598037358253   0.04561287915392213   0.3541203293656567   0.2491926897622961   0.5823603420368502   0.6802547937659259   -0.311124033352583   -0.20854828639253234   0.6579071534576795   0.21477854917702474   -0.02907326559690165   -0.42837433037948053   0.2400963814980413   -0.0010982309703591825   0.9398330532306939   0.0886026682427772   -0.6142957473143622   -0.15392143169062736   -0.6765234864978381   0.02859664279878776   -0.4831543850511914   -0.34147187751440056   -0.42001871945312336   0.5191991002239579   -0.01564806637775738   0.1088223944551107   -0.11040369705614873   -0.41465483676469134   -0.10755377440130863   -0.9983662620372924   0.17114698369934583   0.03256926461698831   -0.3573886130351361   0.7897295727555955   0.4472255787354757   -0.2532439745269881   -0.44452601331873554   0.9677116538281831   0.09691638208978579   -0.17059073455063614   0.4172075212665157   0.25163245717467736   -0.4678387272985135   -0.6161566065699553   
T_sec   15.0   15.5   16.0   16.5   17.0   17.5   18.0   18.5   19.0   19.5   20.0   20.5   21.0   21.5   22.0   22.5   23.0   23.5   24.0   24.5   25.0   25.5   26.0   26.5   27.0   27.5   28.0   28.5   29.0   29.5   30.0   30.5   31.0   31.5   32.0   32.5   33.0   33.5   34.0   34.5   35.0   35.5   36.0   36.5   37.0   37.5   38.0   38.5   39.0   39.5   40.0   40.5   41.0   41.5   42.0   42.5   43.0   43.5   44.0   44.5   45.0   45.5   46.0   46.5   47.0   47.5   48.0   48.5   49.0   49.5   50.0   50.5   51.0   51.5   52.0   52.5   53.0   53.5   54.0   54.5   55.0   
U37   0.190708536362133   -0.2268262479531453   0.6070634425791155   0.05408265268585497   0.17332190099078815   -0.3359148535032902   -0.41796048677716685   0.376116232439556   0.1299381309617177   0.24927872126935863   -0.5385564116777201   -0.6686366089861492   -0.0067655267626450365   0.4239214942856471   -0.2155106510460094   0.11312351288131439   0.7185126412596572   -0.33329048033436165   0.32782509969186885   -0.7012048344700116   0.2541284794107209   -0.0783426145470672   0.21206229534624518   -0.43289627265096076   0.2205998180314579   -0.5918836480178717   -0.5405575751004089   -0.2267974907023261   -0.1481058949574443   -0.10658492380125886   0.06905572595769463   0.5743314380548782   0.6937079226633672   1.0   -0.5360424930822845   -0.20591536728626977   -0.4009234916293605   -0.1767740806147976   -0.3091153865338646   -0.09300950487597136   0.06131190421957393   0.11393905528197254   0.38653035667874247   0.2947576613449151   0.008525406756289808   0.36592621262284114   -0.2901685060175673   -0.4318347704210777   -0.3930175625405199   0.18915511477006858   0.33817137595267044   0.3612902586516777   -0.016607167503443654   0.3082840550171915   -0.3775417187859048   0.15828530869606022   -0.47415399283861365   -0.2524673948490981   -0.42578096775737156   0.5804814327716172   0.4373482769263405   -0.062167106405634574   0.11639791388966636   0.14637812375413617   0.26203737751731465   -0.2919690899422192   0.3026032661505117   0.4554008217489133   0.09141063274867191   -0.3040736330745682   0.04072844151733989   -0.1776744831892872   -0.17295355436714174   0.1449812074118738   0.1663480168036138   0.36941800108848655   0.26130958765624707   0.08916646302866307   0.4612896799706253   -0.058932431237742   0.2875225779119849   
T_sec   15.0   15.5   16.0   16.5   17.0   17.5   18.0   18.5   19.0   19.5   20.0   20.5   21.0   21.5   22.0   22.5   23.0   23.5   24.0   24.5   25.0   25.5   26.0   26.5   27.0   27.5   28.0   28.5   29.0   29.5   30.0   30.5   31.0   31.5   32.0   32.5   33.0   33.5   34.0   34.5   35.0   35.5   36.0   36.5   37.0   37.5   38.0   38.5   39.0   39.5   40.0   40.5   41.0   41.5   42.0   42.5   43.0   43.5   44.0   44.5   45.0   45.5   46.0   46.5   47.0   47.5   48.0   48.5   49.0   49.5   50.0   50.5   51.0   51.5   52.0   52.5   53.0   53.5   54.0   54.5   55.0   
U38   0.394024661325082   0.5152313207403242   -0.0010042855733820432   -0.3661426965925203   -0.11537366833378661   -0.36132115454550195   0.7368238667591068   0.7863506428266508   -0.7031211046135993   -0.13756779767943347   0.3936148720513896   0.13324013872115123   0.07220888906209288   -0.40942412876619605   0.07481248431131075   0.14259323054638395   -0.36385956513642603   -0.8859814922889818   0.07584749015830695   -0.0854718901149272   0.7838732189355448   0.45261149665468836   -0.149505192039459   -0.2770676818315842   0.5014063835417766   -0.24071016670264855   0.1550310791868601   -0.7612921229706902   0.4079085284243647   -0.06365088358337323   0.865948513846083   0.720956835395263   1.0   0.19899874423392822   -0.2985748005596199   -0.18712806225317632   -0.12564006499634975   -0.336346536843618   -0.4002050250456368   0.18178303212266755   0.34620828739499304   0.29672793312449514   0.32988795639393564   -0.4987066186436068   -0.5465964334260912   -0.34040483902178287   -0.49102656569720826   0.5182673013481739   0.43293882095886405   0.28948627053298603   0.050883506904040005   0.27206549946434416   0.1529740103556013   -0.6279513584086176   -0.2502590034824804   0.3082182710469916   -0.4707789692658116   -0.06336587684625719   0.15742024130504204   0.2735898537486543   -0.20546399068507676   0.07208256577435602   0.5120623693875048   0.6336594042882447   -0.5558042213012191   0.24772907217886356   -0.5245534546100588   -0.35561766713273935   -0.19245723936490547   -0.29549325385676356   -0.5344545650569462   0.6797561780624204   0.5793201605638206   -0.20062090473020766   0.20443053621229088   -0.2185507662441188   0.026095159586673244   -0.08540642521210577   0.4848749703920541   0.29667023077863247   0.17825282592881755   
T_sec   15.0   15.5   16.0   16.5   17.0   17.5   18.0   18.5   19.0   19.5   20.0   20.5   21.0   21.5   22.0   22.5   23.0   23.5   24.0   24.5   25.0   25.5   26.0   26.5   27.0   27.5   28.0   28.5   29.0   29.5   30.0   30.5   31.0   31.5   32.0   32.5   33.0   33.5   34.0   34.5   35.0   35.5   36.0   36.5   37.0   37.5   38.0   38.5   39.0   39.5   40.0   40.5   41.0   41.5   42.0   42.5   43.0   43.5   44.0   44.5   45.0   45.5   46.0   46.5   47.0   47.5   48.0   48.5   49.0   49.5   50.0   50.5   51.0   51.5   52.0   52.5   53.0   53.5   54.0   54.5   55.0   
U39   0   0   0   0   0   0   0   0   0   0   0   0   0   0   0   0   0   0   0   0   0   0   0   0   0   0   0   0   0   0   0   0   0   0   0   0   0   0   0   0   0   0   0   0   0   0   0   0   0   0   0   0   0   0   0   0   0   0   0   0   0   0   0   0   0   0   0   0   0   0   0   0   0   0   0   0   0   0   0   0   0   
T_sec   15.0   15.5   16.0   16.5   17.0   17.5   18.0   18.5   19.0   19.5   20.0   20.5   21.0   21.5   22.0   22.5   23.0   23.5   24.0   24.5   25.0   25.5   26.0   26.5   27.0   27.5   28.0   28.5   29.0   29.5   30.0   30.5   31.0   31.5   32.0   32.5   33.0   33.5   34.0   34.5   35.0   35.5   36.0   36.5   37.0   37.5   38.0   38.5   39.0   39.5   40.0   40.5   41.0   41.5   42.0   42.5   43.0   43.5   44.0   44.5   45.0   45.5   46.0   46.5   47.0   47.5   48.0   48.5   49.0   49.5   50.0   50.5   51.0   51.5   52.0   52.5   53.0   53.5   54.0   54.5   55.0   
U40   0   0   0   0   0   0   0   0   0   0   0   0   0   0   0   0   0   0   0   0   0   0   0   0   0   0   0   0   0   0   0   0   0   0   0   0   0   0   0   0   0   0   0   0   0   0   0   0   0   0   0   0   0   0   0   0   0   0   0   0   0   0   0   0   0   0   0   0   0   0   0   0   0   0   0   0   0   0   0   0   0   
sta_location:9.75,10.236455917358398,10.742192268371582,11.044050216674805,11.830944061279297,12.052767753601074,12.982544898986816,13.271843910217285,13.623527526855469,14.25,14.88654899597168,15.480774879455566,15.6087064743042,16.445114135742188,16.64248275756836,17.0286865234375,17.874277114868164,18.305561065673828,18.75,19.021020889282227,19.752901077270508,20.06238555908203,20.75,21.093015670776367,21.562055587768555,22.191694259643555,22.55689239501953,23.25,23.97148895263672,24.25,24.641489028930664,25.102840423583984,25.75,26.25,26.592655181884766,27.08936882019043,27.818384170532227,28.286291122436523,28.977432250976562,29.25,29.75,
rebuild_index:0,1,2,3,4,5,6,7,8,9,10,11,12,13,14,15,16,17,18,19,20,21,22,23,24,25,26,27,28,29,30,31,32,33,34,35,36,37,38,39,40,
use_index:1,2,3,4,5,6,7,8,10,11,12,13,14,15,16,17,19,20,21,23,24,25,26,28,30,31,34,35,36,37,38,
cut_start_time:20---cut_windows:35---reduction_v:10