no   depth[km]   vp[km/s]   vs[km/s]   ro[g/cm^3]   qp   qs   
1   0.0   5.8   3.46   2.72   1368.02   599.99   
2   20.0   5.8   3.46   2.72   1368.02   599.99   
3   20.0   6.5   3.85   2.92   972.77   403.93   
4   35.0   6.5   3.85   2.92   972.77   403.93   
5   35.0   8.04   4.48   3.32   182.03   75.6   
6   77.5   8.045   4.49   3.345   182.03   75.6   
7   120.0   8.0505   4.5   3.4268   182.57   76.06   
8   165.0   8.175   4.509   3.3711   188.72   76.55   
9   210.0   8.3007   4.5184   3.3243   200.97   79.4   
10   210.0   8.3007   4.5184   3.3243   338.47   133.72   
11   260.0   8.4822   4.6094   3.3663   346.37   136.38   
12   310.0   8.665   4.6964   3.411   355.85   139.38   
13   360.0   8.8476   4.7832   3.4577   366.34   142.76   
14   410.0   9.0302   4.8702   3.5068   377.93   146.57   
15   410.0   9.3601   5.0806   3.9317   413.66   162.5   
16   460.0   9.528   5.1864   3.9273   417.32   164.87   
17   510.0   9.6962   5.2922   3.9233   419.94   166.8   
18   560.0   9.8221   5.3989   3.9218   422.55   168.78   
19   580.0   9.9604   5.4412   3.9213   423.73   169.6   
20   600.0   10.0202   5.4835   3.9208   424.92   170.41   
21   620.0   9.9467   5.5258   3.9205   426.15   171.24   
22   630.0   9.944   5.547   3.9204   426.78   171.66   
23   630.5   9.953   5.5493   3.9204   426.85   171.71   
24   631.0   9.9615   5.5515   3.9204   426.92   171.75   
25   631.5   9.97   5.5538   3.9204   426.99   171.8   
26   632.0   9.9785   5.556   3.9204   427.05   171.84   
27   632.5   9.9869   5.5583   3.9203   427.12   171.89   
28   633.0   9.9954   5.5605   3.9203   427.19   171.93   
29   633.5   10.0039   5.5628   3.9203   427.26   171.98   
30   634.0   10.0124   5.5651   3.9203   427.33   172.02   
31   634.5   10.0177   5.5673   3.9203   427.39   172.07   
32   635.0   10.0227   5.5696   3.9203   427.46   172.11   
33   635.5   10.0276   5.5718   3.9203   427.53   172.16   
34   636.0   10.0326   5.5741   3.9203   427.6   172.2   
35   636.5   10.0375   5.5763   3.9203   427.67   172.25   
36   637.0   10.0425   5.5786   3.9203   427.73   172.3   
37   637.5   10.0474   5.5808   3.9202   427.8   172.34   
38   638.0   10.0524   5.5831   3.9202   427.87   172.39   
39   638.5   10.0574   5.5854   3.9202   427.94   172.43   
40   639.0   10.0623   5.5876   3.9202   428.0   172.48   
41   639.5   10.0649   5.5899   3.9202   428.07   172.52   
42   640.0   10.0648   5.5921   3.9202   428.14   172.57   
43   640.5   10.0599   5.5944   3.9202   428.21   172.61   
44   641.0   10.0541   5.5966   3.9202   428.28   172.66   
45   641.5   10.0598   5.5989   3.9202   428.34   172.7   
46   642.0   10.0602   5.6012   3.9201   428.41   172.75   
47   642.5   10.0565   5.6034   3.9201   428.48   172.79   
48   643.0   10.0512   5.6057   3.9201   428.55   172.84   
49   643.5   10.046   5.6079   3.9201   428.62   172.88   
50   644.0   10.0675   5.6102   3.9201   428.68   172.93   
51   644.5   10.098   5.6165   3.9257   444.8   179.51   
52   645.0   10.1009   5.6233   3.9318   462.62   186.79   
53   645.5   10.114   5.6301   3.938   480.43   194.06   
54   646.0   10.1128   5.6368   3.9441   498.25   201.34   
55   646.5   10.1115   5.6436   3.9503   516.06   208.62   
56   647.0   10.115   5.6504   3.9565   533.88   215.89   
57   647.5   10.1243   5.6571   3.9626   551.69   223.17   
58   648.0   10.1253   5.6639   3.9688   569.51   230.45   
59   648.5   10.1365   5.6707   3.9749   587.32   237.72   
60   649.0   10.1396   5.6775   3.9811   605.14   245.0   
61   649.5   10.1602   5.6842   3.9872   622.96   252.28   
62   650.0   10.1775   5.691   3.9934   640.77   259.55   
63   650.5   10.1947   5.6978   3.9996   658.59   266.83   
64   651.0   10.2071   5.7045   4.0057   676.4   274.11   
65   651.5   10.2249   5.7113   4.0119   694.22   281.38   
66   652.0   10.2427   5.7181   4.018   712.03   288.66   
67   652.5   10.2605   5.7248   4.0242   729.85   295.94   
68   653.0   10.2782   5.7316   4.0303   747.67   303.21   
69   653.5   10.295   5.7384   4.0365   765.48   310.49   
70   654.0   10.3104   5.7451   4.0427   783.3   317.77   
71   654.5   10.3257   5.7519   4.0488   801.11   325.04   
72   655.0   10.3411   5.7587   4.055   818.93   332.32   
73   655.5   10.3564   5.7655   4.0611   836.74   339.6   
74   656.0   10.3718   5.7722   4.0673   854.56   346.87   
75   656.5   10.3872   5.779   4.0734   872.37   354.15   
76   657.0   10.4025   5.7858   4.0796   890.19   361.42   
77   657.5   10.4179   5.7925   4.0858   908.01   368.7   
78   658.0   10.4327   5.7993   4.0919   925.82   375.98   
79   658.5   10.443   5.8061   4.0981   943.64   383.25   
80   659.0   10.4523   5.8128   4.1042   961.45   390.53   
81   659.5   10.4611   5.8196   4.1104   979.27   397.81   
82   660.0   10.4675   5.8264   4.1165   997.08   405.08   
83   660.5   10.474   5.8332   4.1227   1014.9   412.36   
84   661.0   10.4804   5.8399   4.1289   1032.72   419.64   
85   661.5   10.4869   5.8467   4.135   1050.53   426.91   
86   662.0   10.4933   5.8535   4.1412   1068.35   434.19   
87   662.5   10.4997   5.8602   4.1473   1086.16   441.47   
88   663.0   10.5062   5.867   4.1535   1103.98   448.74   
89   663.5   10.5126   5.8738   4.1596   1121.79   456.02   
90   664.0   10.5191   5.8805   4.1658   1139.61   463.3   
91   664.5   10.5255   5.8873   4.172   1157.42   470.57   
92   665.0   10.532   5.8941   4.1781   1175.24   477.85   
93   665.5   10.5384   5.9009   4.1843   1193.06   485.13   
94   666.0   10.5449   5.9076   4.1904   1210.87   492.4   
95   666.5   10.5513   5.9144   4.1966   1228.69   499.68   
96   667.0   10.5578   5.9212   4.2027   1246.5   506.96   
97   667.5   10.5642   5.9279   4.2089   1264.32   514.23   
98   668.0   10.5707   5.9347   4.2151   1282.13   521.51   
99   668.5   10.5771   5.9415   4.2212   1299.95   528.79   
100   669.0   10.5835   5.9482   4.2274   1317.76   536.06   
101   669.5   10.59   5.955   4.2335   1335.58   543.34   
102   670.0   10.5946   5.961   4.2388   1350.45   549.44   
103   670.5   10.5953   5.9629   4.2397   1349.86   549.35   
104   671.0   10.596   5.9649   4.2406   1349.27   549.26   
105   671.5   10.5966   5.9668   4.2415   1348.68   549.17   
106   672.0   10.5973   5.9687   4.2424   1348.09   549.08   
107   672.5   10.598   5.9707   4.2433   1347.5   548.99   
108   673.0   10.5987   5.9726   4.2442   1346.92   548.9   
109   673.5   10.5993   5.9745   4.2451   1346.33   548.81   
110   674.0   10.6   5.9764   4.246   1345.74   548.72   
111   674.5   10.6007   5.9784   4.2469   1345.15   548.63   
112   675.0   10.6014   5.9803   4.2478   1344.56   548.54   
113   675.5   10.602   5.9822   4.2487   1343.97   548.45   
114   676.0   10.6027   5.9842   4.2496   1343.39   548.37   
115   676.5   10.6034   5.9861   4.2505   1342.8   548.28   
116   677.0   10.6041   5.988   4.2514   1342.21   548.19   
117   677.5   10.6047   5.9899   4.2523   1341.62   548.1   
118   678.0   10.6054   5.9919   4.2532   1341.03   548.01   
119   678.5   10.6061   5.9938   4.2541   1340.44   547.92   
120   679.0   10.6067   5.9957   4.255   1339.86   547.83   
121   679.5   10.6074   5.9977   4.2559   1339.27   547.74   
122   680.0   10.6081   5.9996   4.2567   1338.68   547.65   
123   680.5   10.6088   6.0015   4.2576   1338.09   547.56   
124   681.0   10.6094   6.0035   4.2585   1337.5   547.47   
125   681.5   10.6101   6.0054   4.2594   1336.91   547.38   
126   682.0   10.6108   6.0073   4.2603   1336.33   547.29   
127   682.5   10.6115   6.0092   4.2612   1335.74   547.21   
128   683.0   10.61   6.0112   4.2621   1335.15   547.12   
129   683.5   10.6078   6.0131   4.263   1334.56   547.03   
130   684.0   10.6056   6.015   4.2639   1333.97   546.94   
131   684.5   10.6033   6.017   4.2648   1333.38   546.85   
132   685.0   10.6011   6.0189   4.2657   1332.8   546.76   
133   685.5   10.5989   6.0208   4.2666   1332.21   546.67   
134   686.0   10.5966   6.0227   4.2675   1331.62   546.58   
135   686.5   10.5944   6.0247   4.2684   1331.03   546.49   
136   687.0   10.5922   6.0266   4.2693   1330.44   546.4   
137   687.5   10.59   6.0285   4.2702   1329.85   546.31   
138   688.0   10.5877   6.0305   4.2711   1329.27   546.22   
139   688.5   10.5855   6.0324   4.272   1328.68   546.13   
140   689.0   10.5833   6.0343   4.2729   1328.09   546.05   
141   689.5   10.581   6.0363   4.2738   1327.5   545.96   
142   690.0   10.5788   6.0382   4.2746   1326.92   545.87   
143   710.0   10.6726   6.0898   4.2986   1311.17   543.48   
144   730.0   10.7199   6.1379   4.3218   1297.87   541.14   
145   750.0   10.7786   6.186   4.3449   1284.58   538.8   
146   760.0   10.8746   6.21   4.3565   1277.93   537.63   
147   809.5   11.0725   6.2424   4.4118   1269.44   531.91   
148   859.0   11.0588   6.2799   4.465   1260.68   526.32   
149   908.5   11.2578   6.3164   4.5162   1251.69   520.83   
150   958.0   11.3897   6.3519   4.5654   1243.02   515.46   
151   1007.5   11.4704   6.386   4.5926   1234.54   510.2   
152   1057.0   11.5493   6.4182   4.6198   1226.52   505.05   
153   1106.5   11.6265   6.4514   4.6467   1217.91   500.0   
154   1156.0   11.702   6.4822   4.6735   1210.02   495.05   
155   1205.5   11.7768   6.5131   4.7001   1202.04   490.2   
156   1255.0   11.8491   6.5431   4.7266   1193.99   485.44   
157   1304.5   11.9208   6.5728   4.7528   1186.06   480.77   
158   1354.0   11.9891   6.6009   4.779   1178.19   476.19   
159   1403.5   12.0571   6.6285   4.805   1170.53   471.7   
160   1453.0   12.1247   6.6554   4.8307   1163.16   467.29   
161   1502.5   12.1912   6.6813   4.8562   1156.04   462.96   
162   1552.0   12.2558   6.707   4.8817   1148.76   458.72   
163   1601.5   12.3181   6.7323   4.9069   1141.32   454.55   
164   1651.0   12.3813   6.7579   4.9321   1134.01   450.45   
165   1700.5   12.4427   6.782   4.957   1127.02   446.43   
166   1750.0   12.503   6.8056   4.9817   1120.09   442.48   
167   1799.5   12.5638   6.8289   5.0062   1108.58   436.68   
168   1849.0   12.6226   6.8517   5.0306   1097.16   431.03   
169   1898.5   12.6807   6.8743   5.0548   1085.97   425.53   
170   1948.0   12.7384   6.8972   5.0789   1070.38   418.41   
171   1997.5   12.7956   6.9194   5.1027   1064.23   414.94   
172   2047.0   12.8524   6.9416   5.1264   1058.03   411.52   
173   2096.5   12.9093   6.9625   5.1499   1048.09   406.5   
174   2146.0   12.9663   6.9852   5.1732   1042.07   403.23   
175   2195.5   13.0226   7.0069   5.1963   1032.14   398.41   
176   2245.0   13.0786   7.0286   5.2192   1018.38   392.16   
177   2294.5   13.1337   7.0504   5.242   1008.79   387.6   
178   2344.0   13.1895   7.0722   5.2646   999.44   383.14   
179   2393.5   13.2465   7.0932   5.287   990.77   378.79   
180   2443.0   13.3017   7.1144   5.3092   985.63   375.94   
181   2492.5   13.3584   7.1368   5.3313   976.81   371.75   
182   2542.0   13.4156   7.1584   5.3531   968.46   367.65   
183   2591.5   13.4741   7.1804   5.3748   960.36   363.64   
184   2640.0   13.5311   7.2031   5.3962   952.0   359.71   
185   2690.0   13.5899   7.2253   5.4176   940.88   354.61   
186   2740.0   13.6498   7.2485   5.4387   933.21   350.88   
187   2740.0   13.6498   7.2485   5.6934   722.73   271.74   
188   2789.67   13.6533   7.2593   5.7196   726.87   273.97   
189   2839.33   13.657   7.27   5.7458   725.11   273.97   
190   2891.5   13.6601   7.2817   5.7721   723.12   273.97   
191   2891.5   8.0   0.0   9.9145   57822.0   0.0   
192   2939.33   8.0382   0.0   9.9942   57822.0   0.0   
193   2989.66   8.1283   0.0   10.0722   57822.0   0.0   
194   3039.99   8.2213   0.0   10.1485   57822.0   0.0   
195   3090.32   8.3122   0.0   10.2233   57822.0   0.0   
196   3140.66   8.4001   0.0   10.2964   57822.0   0.0   
197   3190.99   8.4861   0.0   10.3679   57822.0   0.0   
198   3241.32   8.5692   0.0   10.4378   57822.0   0.0   
199   3291.65   8.6496   0.0   10.5062   57822.0   0.0   
200   3341.98   8.7283   0.0   10.5731   57822.0   0.0   
201   3392.31   8.8036   0.0   10.6385   57822.0   0.0   
202   3442.64   8.8761   0.0   10.7023   57822.0   0.0   
203   3492.97   8.9461   0.0   10.7647   57822.0   0.0   
204   3543.3   9.0138   0.0   10.8257   57822.0   0.0   
205   3593.64   9.0792   0.0   10.8852   57822.0   0.0   
206   3643.97   9.1426   0.0   10.9434   57822.0   0.0   
207   3694.3   9.2042   0.0   11.0001   57822.0   0.0   
208   3744.63   9.2634   0.0   11.0555   57822.0   0.0   
209   3794.96   9.3205   0.0   11.1095   57822.0   0.0   
210   3845.29   9.376   0.0   11.1623   57822.0   0.0   
211   3895.62   9.4297   0.0   11.2137   57822.0   0.0   
212   3945.95   9.4814   0.0   11.2639   57822.0   0.0   
213   3996.28   9.5306   0.0   11.3127   57822.0   0.0   
214   4046.62   9.5777   0.0   11.3604   57822.0   0.0   
215   4096.95   9.6232   0.0   11.4069   57822.0   0.0   
216   4147.28   9.6673   0.0   11.4521   57822.0   0.0   
217   4197.61   9.71   0.0   11.4962   57822.0   0.0   
218   4247.94   9.7513   0.0   11.5391   57822.0   0.0   
219   4298.27   9.7914   0.0   11.5809   57822.0   0.0   
220   4348.6   9.8304   0.0   11.6216   57822.0   0.0   
221   4398.93   9.8682   0.0   11.6612   57822.0   0.0   
222   4449.26   9.9051   0.0   11.6998   57822.0   0.0   
223   4499.6   9.941   0.0   11.7373   57822.0   0.0   
224   4549.93   9.9761   0.0   11.7737   57822.0   0.0   
225   4600.26   10.0103   0.0   11.8092   57822.0   0.0   
226   4650.59   10.0439   0.0   11.8437   57822.0   0.0   
227   4700.92   10.0768   0.0   11.8772   57822.0   0.0   
228   4801.58   10.1415   0.0   11.9414   57822.0   0.0   
229   4851.91   10.1739   0.0   11.9722   57822.0   0.0   
230   4902.24   10.2049   0.0   12.0001   57822.0   0.0   
231   4952.58   10.2329   0.0   12.0311   57822.0   0.0   
232   5002.91   10.2565   0.0   12.0593   57822.0   0.0   
233   5053.24   10.2745   0.0   12.0867   57822.0   0.0   
234   5103.57   10.2854   0.0   12.1133   57822.0   0.0   
235   5153.5   10.289   0.0   12.1391   57822.0   0.0   
236   5153.5   11.0427   3.5043   12.7037   633.26   85.03   
237   5204.61   11.0585   3.5187   12.7289   629.89   85.03   
238   5255.32   11.0718   3.5314   12.753   626.87   85.03   
239   5306.04   11.085   3.5435   12.776   624.08   85.03   
240   5356.75   11.0983   3.5551   12.798   621.5   85.03   
241   5407.46   11.1166   3.5661   12.8188   619.71   85.03   
242   5458.17   11.1316   3.5765   12.8387   617.78   85.03   
243   5508.89   11.1457   3.5864   12.8574   615.93   85.03   
244   5559.6   11.159   3.5957   12.8751   614.21   85.03   
245   5610.31   11.1715   3.6044   12.8917   612.62   85.03   
246   5661.0   11.183   3.613   12.907   611.18   85.03   
247   5711.74   11.1941   3.6202   12.9217   609.74   85.03   
248   5813.16   11.2134   3.6337   12.9474   607.31   85.03   
249   5863.87   11.2219   3.6396   12.9586   606.26   85.03   
250   5914.59   11.2295   3.645   12.9688   605.28   85.03   
251   5965.3   11.2364   3.6498   12.9779   604.44   85.03   
252   6016.01   11.2424   3.654   12.9859   603.69   85.03   
253   6066.72   11.2477   3.6577   12.9929   603.04   85.03   
254   6117.44   11.2521   3.6608   12.9988   602.49   85.03   
255   6168.15   11.2557   3.6633   13.0036   602.05   85.03   
256   6218.86   11.2586   3.6653   13.0074   601.7   85.03   
257   6269.57   11.2606   3.6667   13.01   601.46   85.03   
258   6320.29   11.2618   3.6675   13.0117   601.32   85.03   
259   6371.0   11.2622   3.6678   13.0122   601.27   85.03   
