  no   depth[km]   vp[km/s]   vs[km/s]   ro[g/cm^3]   qp   qs
1   0.000000   5.800000   3.460000   2.720000   1368.020000   599.990000
2   20.000000   5.800000   3.460000   2.720000   1368.020000   599.990000
3   20.000000   6.500000   3.850000   2.920000   972.770000   403.930000
4   35.000000   6.500000   3.850000   2.920000   972.770000   403.930000
5   35.000000   8.040000   4.480000   3.320000   182.030000   75.600000
6   77.500000   8.045000   4.490000   3.345000   182.030000   75.600000
7   120.000000   8.050500   4.500000   3.426800   182.570000   76.060000
8   165.000000   8.175000   4.509000   3.371100   188.720000   76.550000
9   210.000000   8.300700   4.518400   3.324300   200.970000   79.400000
10   210.000000   8.300700   4.518400   3.324300   338.470000   133.720000
11   260.000000   8.482200   4.609400   3.366300   346.370000   136.380000
12   310.000000   8.665000   4.696400   3.411000   355.850000   139.380000
13   360.000000   8.847600   4.783200   3.457700   366.340000   142.760000
14   410.000000   9.030200   4.870200   3.506800   377.930000   146.570000
15   410.000000   9.360100   5.080600   3.931700   413.660000   162.500000
16   460.000000   9.528000   5.186400   3.927300   417.320000   164.870000
17   510.000000   9.696200   5.292200   3.923300   419.940000   166.800000
18   560.000000   9.864000   5.398900   3.921800   422.550000   168.780000
19   580.000000   9.931200   5.441220   3.921320   423.734000   169.596000
20   600.000000   9.998400   5.483540   3.920840   424.918000   170.412000
21   620.000000   10.065600   5.525840   3.920500   426.146000   171.242000
22   630.000000   10.099200   5.546980   3.920400   426.782000   171.664000
23   645.623285   10.200000   5.610400   3.920100   428.690000   172.930000
24   677.141875   10.790900   5.960700   4.238700   1350.540000   549.450000
25   690.000000   10.869680   6.038160   4.274640   1326.918000   545.868000
26   710.000000   10.922200   6.089800   4.298600   1311.170000   543.480000
27   730.000000   10.975440   6.137880   4.321760   1297.874000   541.140000
28   750.000000   11.028680   6.185960   4.344920   1284.578000   538.800000
29   760.000000   11.055300   6.210000   4.356500   1277.930000   537.630000
30   809.500000   11.135500   6.242400   4.411800   1269.440000   531.910000
31   859.000000   11.222800   6.279900   4.465000   1260.680000   526.320000
32   908.500000   11.306800   6.316400   4.516200   1251.690000   520.830000
33   958.000000   11.389700   6.351900   4.565400   1243.020000   515.460000
34   1007.500000   11.470400   6.386000   4.592600   1234.540000   510.200000
35   1057.000000   11.549300   6.418200   4.619800   1226.520000   505.050000
36   1106.500000   11.626500   6.451400   4.646700   1217.910000   500.000000
37   1156.000000   11.702000   6.482200   4.673500   1210.020000   495.050000
38   1205.500000   11.776800   6.513100   4.700100   1202.040000   490.200000
39   1255.000000   11.849100   6.543100   4.726600   1193.990000   485.440000
40   1304.500000   11.920800   6.572800   4.752800   1186.060000   480.770000
41   1354.000000   11.989100   6.600900   4.779000   1178.190000   476.190000
42   1403.500000   12.057100   6.628500   4.805000   1170.530000   471.700000
43   1453.000000   12.124700   6.655400   4.830700   1163.160000   467.290000
44   1502.500000   12.191200   6.681300   4.856200   1156.040000   462.960000
45   1552.000000   12.255800   6.707000   4.881700   1148.760000   458.720000
46   1601.500000   12.318100   6.732300   4.906900   1141.320000   454.550000
47   1651.000000   12.381300   6.757900   4.932100   1134.010000   450.450000
48   1700.500000   12.442700   6.782000   4.957000   1127.020000   446.430000
49   1750.000000   12.503000   6.805600   4.981700   1120.090000   442.480000
50   1799.500000   12.563800   6.828900   5.006200   1108.580000   436.680000
51   1849.000000   12.622600   6.851700   5.030600   1097.160000   431.030000
52   1898.500000   12.680700   6.874300   5.054800   1085.970000   425.530000
53   1948.000000   12.738400   6.897200   5.078900   1070.380000   418.410000
54   1997.500000   12.795600   6.919400   5.102700   1064.230000   414.940000
55   2047.000000   12.852400   6.941600   5.126400   1058.030000   411.520000
56   2096.500000   12.909300   6.962500   5.149900   1048.090000   406.500000
57   2146.000000   12.966300   6.985200   5.173200   1042.070000   403.230000
58   2195.500000   13.022600   7.006900   5.196300   1032.140000   398.410000
59   2245.000000   13.078600   7.028600   5.219200   1018.380000   392.160000
60   2294.500000   13.133700   7.050400   5.242000   1008.790000   387.600000
61   2344.000000   13.189500   7.072200   5.264600   999.440000   383.140000
62   2393.500000   13.246500   7.093200   5.287000   990.770000   378.790000
63   2443.000000   13.301700   7.114400   5.309200   985.630000   375.940000
64   2492.500000   13.358400   7.136800   5.331300   976.810000   371.750000
65   2542.000000   13.415600   7.158400   5.353100   968.460000   367.650000
66   2591.500000   13.474100   7.180400   5.374800   960.360000   363.640000
67   2640.000000   13.531100   7.203100   5.396200   952.000000   359.710000
68   2690.000000   13.589900   7.225300   5.417600   940.880000   354.610000
69   2740.000000   13.649800   7.248500   5.438700   933.210000   350.880000
70   2740.000000   13.649800   7.248500   5.693400   722.730000   271.740000
71   2789.670000   13.653300   7.259300   5.719600   726.870000   273.970000
72   2839.330000   13.657000   7.270000   5.745800   725.110000   273.970000
73   2891.500000   13.660100   7.281700   5.772100   723.120000   273.970000
74   2891.500000   8.000000   0.000000   9.914500   57822.000000   0.000000
75   2939.330000   8.038200   0.000000   9.994200   57822.000000   0.000000
76   2989.660000   8.128300   0.000000   10.072200   57822.000000   0.000000
77   3039.990000   8.221300   0.000000   10.148500   57822.000000   0.000000
78   3090.320000   8.312200   0.000000   10.223300   57822.000000   0.000000
79   3140.660000   8.400100   0.000000   10.296400   57822.000000   0.000000
80   3190.990000   8.486100   0.000000   10.367900   57822.000000   0.000000
81   3241.320000   8.569200   0.000000   10.437800   57822.000000   0.000000
82   3291.650000   8.649600   0.000000   10.506200   57822.000000   0.000000
83   3341.980000   8.728300   0.000000   10.573100   57822.000000   0.000000
84   3392.310000   8.803600   0.000000   10.638500   57822.000000   0.000000
85   3442.640000   8.876100   0.000000   10.702300   57822.000000   0.000000
86   3492.970000   8.946100   0.000000   10.764700   57822.000000   0.000000
87   3543.300000   9.013800   0.000000   10.825700   57822.000000   0.000000
88   3593.640000   9.079200   0.000000   10.885200   57822.000000   0.000000
89   3643.970000   9.142600   0.000000   10.943400   57822.000000   0.000000
90   3694.300000   9.204200   0.000000   11.000100   57822.000000   0.000000
91   3744.630000   9.263400   0.000000   11.055500   57822.000000   0.000000
92   3794.960000   9.320500   0.000000   11.109500   57822.000000   0.000000
93   3845.290000   9.376000   0.000000   11.162300   57822.000000   0.000000
94   3895.620000   9.429700   0.000000   11.213700   57822.000000   0.000000
95   3945.950000   9.481400   0.000000   11.263900   57822.000000   0.000000
96   3996.280000   9.530600   0.000000   11.312700   57822.000000   0.000000
97   4046.620000   9.577700   0.000000   11.360400   57822.000000   0.000000
98   4096.950000   9.623200   0.000000   11.406900   57822.000000   0.000000
99   4147.280000   9.667300   0.000000   11.452100   57822.000000   0.000000
100   4197.610000   9.710000   0.000000   11.496200   57822.000000   0.000000
101   4247.940000   9.751300   0.000000   11.539100   57822.000000   0.000000
102   4298.270000   9.791400   0.000000   11.580900   57822.000000   0.000000
103   4348.600000   9.830400   0.000000   11.621600   57822.000000   0.000000
104   4398.930000   9.868200   0.000000   11.661200   57822.000000   0.000000
105   4449.260000   9.905100   0.000000   11.699800   57822.000000   0.000000
106   4499.600000   9.941000   0.000000   11.737300   57822.000000   0.000000
107   4549.930000   9.976100   0.000000   11.773700   57822.000000   0.000000
108   4600.260000   10.010300   0.000000   11.809200   57822.000000   0.000000
109   4650.590000   10.043900   0.000000   11.843700   57822.000000   0.000000
110   4700.920000   10.076800   0.000000   11.877200   57822.000000   0.000000
111   4801.580000   10.141500   0.000000   11.941400   57822.000000   0.000000
112   4851.910000   10.173900   0.000000   11.972200   57822.000000   0.000000
113   4902.240000   10.204900   0.000000   12.000100   57822.000000   0.000000
114   4952.580000   10.232900   0.000000   12.031100   57822.000000   0.000000
115   5002.910000   10.256500   0.000000   12.059300   57822.000000   0.000000
116   5053.240000   10.274500   0.000000   12.086700   57822.000000   0.000000
117   5103.570000   10.285400   0.000000   12.113300   57822.000000   0.000000
118   5153.500000   10.289000   0.000000   12.139100   57822.000000   0.000000
119   5153.500000   11.042700   3.504300   12.703700   633.260000   85.030000
120   5204.610000   11.058500   3.518700   12.728900   629.890000   85.030000
121   5255.320000   11.071800   3.531400   12.753000   626.870000   85.030000
122   5306.040000   11.085000   3.543500   12.776000   624.080000   85.030000
123   5356.750000   11.098300   3.555100   12.798000   621.500000   85.030000
124   5407.460000   11.116600   3.566100   12.818800   619.710000   85.030000
125   5458.170000   11.131600   3.576500   12.838700   617.780000   85.030000
126   5508.890000   11.145700   3.586400   12.857400   615.930000   85.030000
127   5559.600000   11.159000   3.595700   12.875100   614.210000   85.030000
128   5610.310000   11.171500   3.604400   12.891700   612.620000   85.030000
129   5661.000000   11.183000   3.613000   12.907000   611.180000   85.030000
130   5711.740000   11.194100   3.620200   12.921700   609.740000   85.030000
131   5813.160000   11.213400   3.633700   12.947400   607.310000   85.030000
132   5863.870000   11.221900   3.639600   12.958600   606.260000   85.030000
133   5914.590000   11.229500   3.645000   12.968800   605.280000   85.030000
134   5965.300000   11.236400   3.649800   12.977900   604.440000   85.030000
135   6016.010000   11.242400   3.654000   12.985900   603.690000   85.030000
136   6066.720000   11.247700   3.657700   12.992900   603.040000   85.030000
137   6117.440000   11.252100   3.660800   12.998800   602.490000   85.030000
138   6168.150000   11.255700   3.663300   13.003600   602.050000   85.030000
139   6218.860000   11.258600   3.665300   13.007400   601.700000   85.030000
140   6269.570000   11.260600   3.666700   13.010000   601.460000   85.030000
141   6320.290000   11.261800   3.667500   13.011700   601.320000   85.030000
142   6371.000000   11.262200   3.667800   13.012200   601.270000   85.030000
