  no   depth[km]   vp[km/s]   vs[km/s]   ro[g/cm^3]   qp   qs
  1      0.00    5.8000    3.4600    2.7200   1368.02    599.99
  2     10.00    5.8000    3.4600    2.7200   1368.02    599.99
  3     20.00    5.8000    3.4600    2.7200   1368.02    599.99
  4     20.00    6.5000    3.8500    2.9200    972.77    403.93
  5     30.00    6.5000    3.8500    2.9200    972.77    403.93
  6     35.00    6.5000    3.8500    2.9200    972.77    403.93
  7     35.00    8.0400    4.4800    3.3200    182.03     75.60
  8     45.00    8.0412    4.4824    3.3259    182.03     75.60
  9     55.00    8.0424    4.4847    3.3318    182.03     75.60
 10     65.00    8.0435    4.4871    3.3376    182.03     75.60
 11     75.00    8.0447    4.4894    3.3435    182.03     75.60
 12     77.50    8.0450    4.4900    3.3450    182.03     75.60
 13     87.50    8.0463    4.4924    3.3642    182.16     75.71
 14     97.50    8.0476    4.4947    3.3835    182.28     75.82
 15    107.50    8.0489    4.4971    3.4027    182.41     75.92
 16    117.50    8.0502    4.4994    3.4220    182.54     76.03
 17    120.00    8.0505    4.5000    3.4268    182.57     76.06
 18    130.00    8.0782    4.5020    3.4144    183.94     76.17
 19    140.00    8.1058    4.5040    3.4020    185.30     76.28
 20    150.00    8.1335    4.5060    3.3897    186.67     76.39
 21    160.00    8.1612    4.5080    3.3773    188.04     76.50
 22    165.00    8.1750    4.5090    3.3711    188.72     76.55
 23    175.00    8.2029    4.5111    3.3607    191.44     77.18
 24    185.00    8.2309    4.5132    3.3503    194.16     77.82
 25    195.00    8.2588    4.5153    3.3399    196.89     78.45
 26    205.00    8.2867    4.5174    3.3295    199.61     79.08
 27    210.00    8.3007    4.5184    3.3243    200.97     79.40
 28    210.00    8.3007    4.5184    3.3243    338.47    133.72
 29    220.00    8.3370    4.5366    3.3327    340.05    134.25
 30    230.00    8.3733    4.5548    3.3411    341.63    134.78
 31    240.00    8.4096    4.5730    3.3495    343.21    135.32
 32    250.00    8.4459    4.5912    3.3579    344.79    135.85
 33    260.00    8.4822    4.6094    3.3663    346.37    136.38
 34    270.00    8.5188    4.6268    3.3752    348.27    136.98
 35    280.00    8.5553    4.6442    3.3842    350.16    137.58
 36    290.00    8.5919    4.6616    3.3931    352.06    138.18
 37    300.00    8.6284    4.6790    3.4021    353.95    138.78
 38    310.00    8.6650    4.6964    3.4110    355.85    139.38
 39    320.00    8.7015    4.7138    3.4203    357.95    140.06
 40    330.00    8.7380    4.7311    3.4297    360.05    140.73
 41    340.00    8.7746    4.7485    3.4390    362.14    141.41
 42    350.00    8.8111    4.7658    3.4484    364.24    142.08
 43    360.00    8.8476    4.7832    3.4577    366.34    142.76
 44    370.00    8.8841    4.8006    3.4675    368.66    143.52
 45    380.00    8.9206    4.8180    3.4773    370.98    144.28
 46    390.00    8.9572    4.8354    3.4872    373.29    145.05
 47    400.00    8.9937    4.8528    3.4970    375.61    145.81
 48    410.00    9.0302    4.8702    3.5068    377.93    146.57
 49    410.00    9.3601    5.0806    3.9317    413.66    162.50
 50    420.00    9.3937    5.1018    3.9308    414.39    162.97
 51    430.00    9.4273    5.1229    3.9299    415.12    163.45
 52    440.00    9.4608    5.1441    3.9291    415.86    163.92
 53    450.00    9.4944    5.1652    3.9282    416.59    164.40
 54    460.00    9.5280    5.1864    3.9273    417.32    164.87
 55    470.00    9.5616    5.2076    3.9265    417.84    165.26
 56    480.00    9.5953    5.2287    3.9257    418.37    165.64
 57    490.00    9.6289    5.2499    3.9249    418.89    166.03
 58    500.00    9.6626    5.2710    3.9241    419.42    166.41
 59    510.00    9.6962    5.2922    3.9233    419.94    166.80
 60    520.00    9.7298    5.3135    3.9230    420.46    167.20
 61    530.00    9.7633    5.3349    3.9227    420.98    167.59
 62    540.00    9.7969    5.3562    3.9224    421.51    167.99
 63    550.00    9.8304    5.3776    3.9221    422.03    168.38
 64    560.00    9.8640    5.3989    3.9218    422.55    168.78
 65    570.00    9.8976    5.4201    3.9216    423.14    169.19
 66    580.00    9.9312    5.4412    3.9213    423.73    169.60
 67    590.00    9.9648    5.4624    3.9211    424.33    170.00
 68    600.00    9.9984    5.4835    3.9208    424.92    170.41
 69    610.00   10.0320    5.5047    3.9206    425.51    170.82
 70    620.00   10.0656    5.5258    3.9205    426.15    171.24
 71    630.00   10.0992    5.5470    3.9204    426.78    171.66
 72    640.00   10.1328    5.5681    3.9203    427.42    172.09
 73    650.00   10.1664    5.5893    3.9202    428.05    172.51
 74    660.00   10.2000    5.6104    3.9201    428.69    172.93
 75    660.00   10.7909    5.9607    4.2387   1350.54    549.45
 76    670.00   10.8172    5.9865    4.2507   1342.67    548.26
 77    680.00   10.8434    6.0123    4.2627   1334.79    547.06
 78    690.00   10.8697    6.0382    4.2746   1326.92    545.87
 79    700.00   10.8959    6.0640    4.2866   1319.04    544.67
 80    710.00   10.9222    6.0898    4.2986   1311.17    543.48
 81    720.00   10.9488    6.1138    4.3102   1304.52    542.31
 82    730.00   10.9754    6.1379    4.3218   1297.87    541.14
 83    740.00   11.0021    6.1619    4.3333   1291.23    539.97
 84    750.00   11.0287    6.1860    4.3449   1284.58    538.80
 85    760.00   11.0553    6.2100    4.3565   1277.93    537.63
 86    770.00   11.0715    6.2165    4.3677   1276.21    536.47
 87    780.00   11.0877    6.2231    4.3788   1274.50    535.32
 88    790.00   11.1039    6.2296    4.3900   1272.78    534.16
 89    800.00   11.1201    6.2362    4.4012   1271.07    533.01
 90    809.50   11.1355    6.2424    4.4118   1269.44    531.91
 91    819.50   11.1531    6.2500    4.4225   1267.67    530.78
 92    829.50   11.1708    6.2576    4.4333   1265.90    529.65
 93    839.50   11.1884    6.2651    4.4440   1264.13    528.52
 94    849.50   11.2060    6.2727    4.4548   1262.36    527.39
 95    859.00   11.2228    6.2799    4.4650   1260.68    526.32
 96    869.00   11.2398    6.2873    4.4753   1258.86    525.21
 97    879.00   11.2567    6.2946    4.4857   1257.05    524.10
 98    889.00   11.2737    6.3020    4.4960   1255.23    522.99
 99    899.00   11.2907    6.3094    4.5064   1253.42    521.88
100    908.50   11.3068    6.3164    4.5162   1251.69    520.83
101    918.50   11.3235    6.3236    4.5261   1249.94    519.75
102    928.50   11.3403    6.3307    4.5361   1248.19    518.66
103    938.50   11.3570    6.3379    4.5460   1246.44    517.58
104    948.50   11.3738    6.3451    4.5560   1244.68    516.49
105    958.00   11.3897    6.3519    4.5654   1243.02    515.46
106    968.00   11.4060    6.3588    4.5709   1241.31    514.40
107    978.00   11.4223    6.3657    4.5764   1239.59    513.33
108    988.00   11.4386    6.3726    4.5819   1237.88    512.27
109    998.00   11.4549    6.3795    4.5874   1236.17    511.21
110   1007.50   11.4704    6.3860    4.5926   1234.54    510.20
111   1017.50   11.4863    6.3925    4.5981   1232.92    509.16
112   1027.50   11.5023    6.3990    4.6036   1231.30    508.12
113   1037.50   11.5182    6.4055    4.6091   1229.68    507.08
114   1047.50   11.5342    6.4120    4.6146   1228.06    506.04
115   1057.00   11.5493    6.4182    4.6198   1226.52    505.05
116   1067.00   11.5649    6.4249    4.6252   1224.78    504.03
117   1077.00   11.5805    6.4316    4.6307   1223.04    503.01
118   1087.00   11.5961    6.4383    4.6361   1221.30    501.99
119   1097.00   11.6117    6.4450    4.6415   1219.56    500.97
120   1106.50   11.6265    6.4514    4.6467   1217.91    500.00
121   1116.50   11.6418    6.4576    4.6521   1216.32    499.00
122   1126.50   11.6570    6.4638    4.6575   1214.72    498.00
123   1136.50   11.6723    6.4701    4.6629   1213.13    497.00
124   1146.50   11.6875    6.4763    4.6684   1211.53    496.00
125   1156.00   11.7020    6.4822    4.6735   1210.02    495.05
126   1166.00   11.7171    6.4884    4.6789   1208.41    494.07
127   1176.00   11.7322    6.4947    4.6842   1206.80    493.09
128   1186.00   11.7473    6.5009    4.6896   1205.18    492.11
129   1196.00   11.7624    6.5072    4.6950   1203.57    491.13
130   1205.50   11.7768    6.5131    4.7001   1202.04    490.20
131   1215.50   11.7914    6.5192    4.7055   1200.41    489.24
132   1225.50   11.8060    6.5252    4.7108   1198.79    488.28
133   1235.50   11.8206    6.5313    4.7162   1197.16    487.32
134   1245.50   11.8352    6.5373    4.7215   1195.53    486.35
135   1255.00   11.8491    6.5431    4.7266   1193.99    485.44
136   1265.00   11.8636    6.5491    4.7319   1192.39    484.50
137   1275.00   11.8781    6.5551    4.7372   1190.79    483.55
138   1285.00   11.8926    6.5611    4.7425   1189.18    482.61
139   1295.00   11.9070    6.5671    4.7478   1187.58    481.67
140   1304.50   11.9208    6.5728    4.7528   1186.06    480.77
141   1314.50   11.9346    6.5785    4.7581   1184.47    479.84
142   1324.50   11.9484    6.5842    4.7634   1182.88    478.92
143   1334.50   11.9622    6.5898    4.7687   1181.29    477.99
144   1344.50   11.9760    6.5955    4.7740   1179.70    477.07
145   1354.00   11.9891    6.6009    4.7790   1178.19    476.19
146   1364.00   12.0028    6.6065    4.7843   1176.64    475.28
147   1374.00   12.0166    6.6121    4.7895   1175.10    474.38
148   1384.00   12.0303    6.6176    4.7948   1173.55    473.47
149   1394.00   12.0440    6.6232    4.8000   1172.00    472.56
150   1403.50   12.0571    6.6285    4.8050   1170.53    471.70
151   1413.50   12.0708    6.6339    4.8102   1169.04    470.81
152   1423.50   12.0844    6.6394    4.8154   1167.55    469.92
153   1433.50   12.0981    6.6448    4.8206   1166.06    469.03
154   1443.50   12.1117    6.6502    4.8258   1164.57    468.14
155   1453.00   12.1247    6.6554    4.8307   1163.16    467.29
156   1463.00   12.1381    6.6606    4.8359   1161.72    466.42
157   1473.00   12.1516    6.6659    4.8410   1160.28    465.54
158   1483.00   12.1650    6.6711    4.8462   1158.84    464.67
159   1493.00   12.1784    6.6763    4.8513   1157.41    463.79
160   1502.50   12.1912    6.6813    4.8562   1156.04    462.96
161   1512.50   12.2043    6.6865    4.8614   1154.57    462.10
162   1522.50   12.2173    6.6917    4.8665   1153.10    461.25
163   1532.50   12.2304    6.6969    4.8717   1151.63    460.39
164   1542.50   12.2434    6.7021    4.8768   1150.16    459.53
165   1552.00   12.2558    6.7070    4.8817   1148.76    458.72
166   1562.00   12.2684    6.7121    4.8868   1147.26    457.88
167   1572.00   12.2810    6.7172    4.8919   1145.75    457.04
168   1582.00   12.2936    6.7223    4.8970   1144.25    456.19
169   1592.00   12.3061    6.7274    4.9021   1142.75    455.35
170   1601.50   12.3181    6.7323    4.9069   1141.32    454.55
171   1611.50   12.3309    6.7375    4.9120   1139.84    453.72
172   1621.50   12.3436    6.7426    4.9171   1138.37    452.89
173   1631.50   12.3564    6.7478    4.9222   1136.89    452.07
174   1641.50   12.3692    6.7530    4.9273   1135.41    451.24
175   1651.00   12.3813    6.7579    4.9321   1134.01    450.45
176   1661.00   12.3937    6.7628    4.9371   1132.60    449.64
177   1671.00   12.4061    6.7676    4.9422   1131.19    448.83
178   1681.00   12.4185    6.7725    4.9472   1129.77    448.01
179   1691.00   12.4309    6.7774    4.9522   1128.36    447.20
180   1700.50   12.4427    6.7820    4.9570   1127.02    446.43
181   1710.50   12.4549    6.7868    4.9620   1125.62    445.63
182   1720.50   12.4671    6.7915    4.9670   1124.22    444.83
183   1730.50   12.4792    6.7963    4.9720   1122.82    444.04
184   1740.50   12.4914    6.8011    4.9770   1121.42    443.24
185   1750.00   12.5030    6.8056    4.9817   1120.09    442.48
186   1760.00   12.5153    6.8103    4.9866   1117.76    441.31
187   1770.00   12.5276    6.8150    4.9916   1115.44    440.14
188   1780.00   12.5398    6.8197    4.9965   1113.11    438.96
189   1790.00   12.5521    6.8244    5.0015   1110.79    437.79
190   1799.50   12.5638    6.8289    5.0062   1108.58    436.68
191   1809.50   12.5757    6.8335    5.0111   1106.27    435.54
192   1819.50   12.5876    6.8381    5.0161   1103.97    434.40
193   1829.50   12.5994    6.8427    5.0210   1101.66    433.26
194   1839.50   12.6113    6.8473    5.0259   1099.35    432.11
195   1849.00   12.6226    6.8517    5.0306   1097.16    431.03
196   1859.00   12.6343    6.8563    5.0355   1094.90    429.92
197   1869.00   12.6461    6.8608    5.0404   1092.64    428.81
198   1879.00   12.6578    6.8654    5.0453   1090.38    427.70
199   1889.00   12.6695    6.8700    5.0502   1088.12    426.59
200   1898.50   12.6807    6.8743    5.0548   1085.97    425.53
201   1908.50   12.6924    6.8789    5.0597   1082.82    424.09
202   1918.50   12.7040    6.8836    5.0645   1079.67    422.65
203   1928.50   12.7157    6.8882    5.0694   1076.52    421.21
204   1938.50   12.7273    6.8928    5.0743   1073.37    419.78
205   1948.00   12.7384    6.8972    5.0789   1070.38    418.41
206   1958.00   12.7500    6.9017    5.0837   1069.14    417.71
207   1968.00   12.7615    6.9062    5.0885   1067.90    417.01
208   1978.00   12.7731    6.9107    5.0933   1066.65    416.31
209   1988.00   12.7846    6.9151    5.0981   1065.41    415.61
210   1997.50   12.7956    6.9194    5.1027   1064.23    414.94
211   2007.50   12.8071    6.9239    5.1075   1062.98    414.25
212   2017.50   12.8185    6.9284    5.1123   1061.72    413.56
213   2027.50   12.8300    6.9329    5.1171   1060.47    412.87
214   2037.50   12.8415    6.9373    5.1219   1059.22    412.18
215   2047.00   12.8524    6.9416    5.1264   1058.03    411.52
216   2057.00   12.8639    6.9458    5.1311   1056.02    410.51
217   2067.00   12.8754    6.9500    5.1359   1054.01    409.49
218   2077.00   12.8869    6.9543    5.1406   1052.01    408.48
219   2087.00   12.8984    6.9585    5.1454   1050.00    407.46
220   2096.50   12.9093    6.9625    5.1499   1048.09    406.50
221   2106.50   12.9208    6.9671    5.1546   1046.87    405.84
222   2116.50   12.9323    6.9717    5.1593   1045.66    405.18
223   2126.50   12.9438    6.9763    5.1640   1044.44    404.52
224   2136.50   12.9554    6.9808    5.1687   1043.23    403.86
225   2146.00   12.9663    6.9852    5.1732   1042.07    403.23
226   2156.00   12.9777    6.9896    5.1779   1040.06    402.26
227   2166.00   12.9890    6.9940    5.1825   1038.06    401.28
228   2176.00   13.0004    6.9984    5.1872   1036.05    400.31
229   2186.00   13.0118    7.0027    5.1919   1034.05    399.34
230   2195.50   13.0226    7.0069    5.1963   1032.14    398.41
231   2205.50   13.0339    7.0113    5.2009   1029.36    397.15
232   2215.50   13.0452    7.0157    5.2056   1026.58    395.88
233   2225.50   13.0565    7.0201    5.2102   1023.80    394.62
234   2235.50   13.0679    7.0244    5.2148   1021.02    393.36
235   2245.00   13.0786    7.0286    5.2192   1018.38    392.16
236   2255.00   13.0897    7.0330    5.2238   1016.44    391.24
237   2265.00   13.1009    7.0374    5.2284   1014.51    390.32
238   2275.00   13.1120    7.0418    5.2330   1012.57    389.40
239   2285.00   13.1231    7.0462    5.2376   1010.63    388.48
240   2294.50   13.1337    7.0504    5.2420   1008.79    387.60
241   2304.50   13.1450    7.0548    5.2466   1006.90    386.70
242   2314.50   13.1562    7.0592    5.2511   1005.01    385.80
243   2324.50   13.1675    7.0636    5.2557   1003.12    384.90
244   2334.50   13.1788    7.0680    5.2603   1001.23    384.00
245   2344.00   13.1895    7.0722    5.2646    999.44    383.14
246   2354.00   13.2010    7.0764    5.2691    997.69    382.26
247   2364.00   13.2125    7.0807    5.2737    995.94    381.38
248   2374.00   13.2240    7.0849    5.2782    994.19    380.50
249   2384.00   13.2356    7.0892    5.2827    992.43    379.62
250   2393.50   13.2465    7.0932    5.2870    990.77    378.79
251   2403.50   13.2577    7.0975    5.2915    989.73    378.21
252   2413.50   13.2688    7.1018    5.2960    988.69    377.64
253   2423.50   13.2800    7.1060    5.3005    987.65    377.06
254   2433.50   13.2911    7.1103    5.3049    986.62    376.49
255   2443.00   13.3017    7.1144    5.3092    985.63    375.94
256   2453.00   13.3132    7.1189    5.3137    983.85    375.09
257   2463.00   13.3246    7.1235    5.3181    982.07    374.25
258   2473.00   13.3361    7.1280    5.3226    980.28    373.40
259   2483.00   13.3475    7.1325    5.3271    978.50    372.55
260   2492.50   13.3584    7.1368    5.3313    976.81    371.75
261   2502.50   13.3700    7.1412    5.3357    975.12    370.92
262   2512.50   13.3815    7.1455    5.3401    973.44    370.09
263   2522.50   13.3931    7.1499    5.3445    971.75    369.27
264   2532.50   13.4046    7.1543    5.3489    970.06    368.44
265   2542.00   13.4156    7.1584    5.3531    968.46    367.65
266   2552.00   13.4274    7.1628    5.3575    966.82    366.84
267   2562.00   13.4392    7.1673    5.3619    965.19    366.03
268   2572.00   13.4511    7.1717    5.3663    963.55    365.22
269   2582.00   13.4629    7.1762    5.3706    961.91    364.41
270   2591.50   13.4741    7.1804    5.3748    960.36    363.64
271   2601.50   13.4859    7.1851    5.3792    958.64    362.83
272   2611.50   13.4976    7.1898    5.3836    956.91    362.02
273   2621.50   13.5094    7.1944    5.3880    955.19    361.21
274   2631.50   13.5211    7.1991    5.3924    953.47    360.40
275   2640.00   13.5311    7.2031    5.3962    952.00    359.71
276   2650.00   13.5429    7.2075    5.4005    949.78    358.69
277   2660.00   13.5546    7.2120    5.4048    947.55    357.67
278   2670.00   13.5664    7.2164    5.4090    945.33    356.65
279   2680.00   13.5781    7.2209    5.4133    943.10    355.63
280   2690.00   13.5899    7.2253    5.4176    940.88    354.61
281   2700.00   13.6019    7.2299    5.4218    939.35    353.86
282   2710.00   13.6139    7.2346    5.4260    937.81    353.12
283   2720.00   13.6258    7.2392    5.4303    936.28    352.37
284   2730.00   13.6378    7.2439    5.4345    934.74    351.63
285   2740.00   13.6498    7.2485    5.4387    933.21    350.88
286   2740.00   13.6498    7.2485    5.6934    722.73    271.74
287   2750.00   13.6505    7.2507    5.6987    723.56    272.19
288   2760.00   13.6512    7.2528    5.7039    724.40    272.64
289   2770.00   13.6519    7.2550    5.7092    725.23    273.09
290   2780.00   13.6526    7.2572    5.7145    726.06    273.54
291   2789.67   13.6533    7.2593    5.7196    726.87    273.97
292   2799.67   13.6540    7.2615    5.7249    726.52    273.97
293   2809.67   13.6548    7.2636    5.7302    726.16    273.97
294   2819.67   13.6555    7.2658    5.7354    725.81    273.97
295   2829.67   13.6563    7.2679    5.7407    725.45    273.97
296   2839.33   13.6570    7.2700    5.7458    725.11    273.97
297   2849.33   13.6576    7.2722    5.7508    724.73    273.97
298   2859.33   13.6582    7.2745    5.7559    724.35    273.97
299   2869.33   13.6588    7.2767    5.7609    723.97    273.97
300   2879.33   13.6594    7.2790    5.7660    723.58    273.97
301   2889.33   13.6600    7.2812    5.7710    723.20    273.97
302   2891.50   13.6601    7.2817    5.7721    723.12    273.97
303   2891.50    8.0000    0.0000    9.9145  57822.00      0.00
304   2901.50    8.0080    0.0000    9.9312  57822.00      0.00
305   2911.50    8.0160    0.0000    9.9478  57822.00      0.00
306   2921.50    8.0240    0.0000    9.9645  57822.00      0.00
307   2931.50    8.0319    0.0000    9.9812  57822.00      0.00
308   2939.33    8.0382    0.0000    9.9942  57822.00      0.00
309   2949.33    8.0561    0.0000   10.0097  57822.00      0.00
310   2959.33    8.0740    0.0000   10.0252  57822.00      0.00
311   2969.33    8.0919    0.0000   10.0407  57822.00      0.00
312   2979.33    8.1098    0.0000   10.0562  57822.00      0.00
313   2989.33    8.1277    0.0000   10.0717  57822.00      0.00
314   2989.66    8.1283    0.0000   10.0722  57822.00      0.00
315   2999.66    8.1468    0.0000   10.0874  57822.00      0.00
316   3009.66    8.1653    0.0000   10.1025  57822.00      0.00
317   3019.66    8.1837    0.0000   10.1177  57822.00      0.00
318   3029.66    8.2022    0.0000   10.1328  57822.00      0.00
319   3039.66    8.2207    0.0000   10.1480  57822.00      0.00
320   3039.99    8.2213    0.0000   10.1485  57822.00      0.00
321   3049.99    8.2394    0.0000   10.1634  57822.00      0.00
322   3059.99    8.2574    0.0000   10.1782  57822.00      0.00
323   3069.99    8.2755    0.0000   10.1931  57822.00      0.00
324   3079.99    8.2935    0.0000   10.2079  57822.00      0.00
325   3089.99    8.3116    0.0000   10.2228  57822.00      0.00
326   3090.32    8.3122    0.0000   10.2233  57822.00      0.00
327   3100.32    8.3297    0.0000   10.2378  57822.00      0.00
328   3110.32    8.3471    0.0000   10.2523  57822.00      0.00
329   3120.32    8.3646    0.0000   10.2669  57822.00      0.00
330   3130.32    8.3820    0.0000   10.2814  57822.00      0.00
331   3140.32    8.3995    0.0000   10.2959  57822.00      0.00
332   3140.66    8.4001    0.0000   10.2964  57822.00      0.00
333   3150.66    8.4172    0.0000   10.3106  57822.00      0.00
334   3160.66    8.4343    0.0000   10.3248  57822.00      0.00
335   3170.66    8.4514    0.0000   10.3390  57822.00      0.00
336   3180.66    8.4684    0.0000   10.3532  57822.00      0.00
337   3190.66    8.4855    0.0000   10.3674  57822.00      0.00
338   3190.99    8.4861    0.0000   10.3679  57822.00      0.00
339   3200.99    8.5026    0.0000   10.3818  57822.00      0.00
340   3210.99    8.5191    0.0000   10.3957  57822.00      0.00
341   3220.99    8.5356    0.0000   10.4096  57822.00      0.00
342   3230.99    8.5521    0.0000   10.4235  57822.00      0.00
343   3240.99    8.5687    0.0000   10.4373  57822.00      0.00
344   3241.32    8.5692    0.0000   10.4378  57822.00      0.00
345   3251.32    8.5852    0.0000   10.4514  57822.00      0.00
346   3261.32    8.6011    0.0000   10.4650  57822.00      0.00
347   3271.32    8.6171    0.0000   10.4786  57822.00      0.00
348   3281.32    8.6331    0.0000   10.4922  57822.00      0.00
349   3291.32    8.6491    0.0000   10.5058  57822.00      0.00
350   3291.65    8.6496    0.0000   10.5062  57822.00      0.00
351   3301.65    8.6652    0.0000   10.5195  57822.00      0.00
352   3311.65    8.6809    0.0000   10.5328  57822.00      0.00
353   3321.65    8.6965    0.0000   10.5461  57822.00      0.00
354   3331.65    8.7121    0.0000   10.5594  57822.00      0.00
355   3341.65    8.7278    0.0000   10.5727  57822.00      0.00
356   3341.98    8.7283    0.0000   10.5731  57822.00      0.00
357   3351.98    8.7433    0.0000   10.5861  57822.00      0.00
358   3361.98    8.7582    0.0000   10.5991  57822.00      0.00
359   3371.98    8.7732    0.0000   10.6121  57822.00      0.00
360   3381.98    8.7881    0.0000   10.6251  57822.00      0.00
361   3391.98    8.8031    0.0000   10.6381  57822.00      0.00
362   3392.31    8.8036    0.0000   10.6385  57822.00      0.00
363   3402.31    8.8180    0.0000   10.6512  57822.00      0.00
364   3412.31    8.8324    0.0000   10.6639  57822.00      0.00
365   3422.31    8.8468    0.0000   10.6765  57822.00      0.00
366   3432.31    8.8612    0.0000   10.6892  57822.00      0.00
367   3442.31    8.8756    0.0000   10.7019  57822.00      0.00
368   3442.64    8.8761    0.0000   10.7023  57822.00      0.00
369   3452.64    8.8900    0.0000   10.7147  57822.00      0.00
370   3462.64    8.9039    0.0000   10.7271  57822.00      0.00
371   3472.64    8.9178    0.0000   10.7395  57822.00      0.00
372   3482.64    8.9317    0.0000   10.7519  57822.00      0.00
373   3492.64    8.9456    0.0000   10.7643  57822.00      0.00
374   3492.97    8.9461    0.0000   10.7647  57822.00      0.00
375   3502.97    8.9596    0.0000   10.7768  57822.00      0.00
376   3512.97    8.9730    0.0000   10.7889  57822.00      0.00
377   3522.97    8.9865    0.0000   10.8011  57822.00      0.00
378   3532.97    8.9999    0.0000   10.8132  57822.00      0.00
379   3542.97    9.0134    0.0000   10.8253  57822.00      0.00
380   3543.30    9.0138    0.0000   10.8257  57822.00      0.00
381   3553.30    9.0268    0.0000   10.8375  57822.00      0.00
382   3563.30    9.0398    0.0000   10.8493  57822.00      0.00
383   3573.30    9.0528    0.0000   10.8612  57822.00      0.00
384   3583.30    9.0658    0.0000   10.8730  57822.00      0.00
385   3593.30    9.0788    0.0000   10.8848  57822.00      0.00
386   3593.64    9.0792    0.0000   10.8852  57822.00      0.00
387   3603.64    9.0918    0.0000   10.8968  57822.00      0.00
388   3613.64    9.1044    0.0000   10.9083  57822.00      0.00
389   3623.64    9.1170    0.0000   10.9199  57822.00      0.00
390   3633.64    9.1296    0.0000   10.9315  57822.00      0.00
391   3643.64    9.1422    0.0000   10.9430  57822.00      0.00
392   3643.97    9.1426    0.0000   10.9434  57822.00      0.00
393   3653.97    9.1548    0.0000   10.9547  57822.00      0.00
394   3663.97    9.1671    0.0000   10.9659  57822.00      0.00
395   3673.97    9.1793    0.0000   10.9772  57822.00      0.00
396   3683.97    9.1916    0.0000   10.9885  57822.00      0.00
397   3693.97    9.2038    0.0000   10.9997  57822.00      0.00
398   3694.30    9.2042    0.0000   11.0001  57822.00      0.00
399   3704.30    9.2160    0.0000   11.0111  57822.00      0.00
400   3714.30    9.2277    0.0000   11.0221  57822.00      0.00
401   3724.30    9.2395    0.0000   11.0331  57822.00      0.00
402   3734.30    9.2512    0.0000   11.0441  57822.00      0.00
403   3744.30    9.2630    0.0000   11.0551  57822.00      0.00
404   3744.63    9.2634    0.0000   11.0555  57822.00      0.00
405   3754.63    9.2747    0.0000   11.0662  57822.00      0.00
406   3764.63    9.2861    0.0000   11.0770  57822.00      0.00
407   3774.63    9.2974    0.0000   11.0877  57822.00      0.00
408   3784.63    9.3088    0.0000   11.0984  57822.00      0.00
409   3794.63    9.3201    0.0000   11.1091  57822.00      0.00
410   3794.96    9.3205    0.0000   11.1095  57822.00      0.00
411   3804.96    9.3315    0.0000   11.1200  57822.00      0.00
412   3814.96    9.3426    0.0000   11.1305  57822.00      0.00
413   3824.96    9.3536    0.0000   11.1410  57822.00      0.00
414   3834.96    9.3646    0.0000   11.1515  57822.00      0.00
415   3844.96    9.3756    0.0000   11.1620  57822.00      0.00
416   3845.29    9.3760    0.0000   11.1623  57822.00      0.00
417   3855.29    9.3867    0.0000   11.1725  57822.00      0.00
418   3865.29    9.3973    0.0000   11.1827  57822.00      0.00
419   3875.29    9.4080    0.0000   11.1929  57822.00      0.00
420   3885.29    9.4187    0.0000   11.2032  57822.00      0.00
421   3895.29    9.4293    0.0000   11.2134  57822.00      0.00
422   3895.62    9.4297    0.0000   11.2137  57822.00      0.00
423   3905.62    9.4400    0.0000   11.2237  57822.00      0.00
424   3915.62    9.4502    0.0000   11.2336  57822.00      0.00
425   3925.62    9.4605    0.0000   11.2436  57822.00      0.00
426   3935.62    9.4708    0.0000   11.2536  57822.00      0.00
427   3945.62    9.4811    0.0000   11.2636  57822.00      0.00
428   3945.95    9.4814    0.0000   11.2639  57822.00      0.00
429   3955.95    9.4912    0.0000   11.2736  57822.00      0.00
430   3965.95    9.5010    0.0000   11.2833  57822.00      0.00
431   3975.95    9.5107    0.0000   11.2930  57822.00      0.00
432   3985.95    9.5205    0.0000   11.3027  57822.00      0.00
433   3995.95    9.5303    0.0000   11.3124  57822.00      0.00
434   3996.28    9.5306    0.0000   11.3127  57822.00      0.00
435   4006.28    9.5400    0.0000   11.3222  57822.00      0.00
436   4016.28    9.5493    0.0000   11.3317  57822.00      0.00
437   4026.28    9.5587    0.0000   11.3411  57822.00      0.00
438   4036.28    9.5680    0.0000   11.3506  57822.00      0.00
439   4046.28    9.5774    0.0000   11.3601  57822.00      0.00
440   4046.62    9.5777    0.0000   11.3604  57822.00      0.00
441   4056.62    9.5867    0.0000   11.3696  57822.00      0.00
442   4066.62    9.5958    0.0000   11.3789  57822.00      0.00
443   4076.62    9.6048    0.0000   11.3881  57822.00      0.00
444   4086.62    9.6139    0.0000   11.3974  57822.00      0.00
445   4096.62    9.6229    0.0000   11.4066  57822.00      0.00
446   4096.95    9.6232    0.0000   11.4069  57822.00      0.00
447   4106.95    9.6320    0.0000   11.4159  57822.00      0.00
448   4116.95    9.6407    0.0000   11.4249  57822.00      0.00
449   4126.95    9.6495    0.0000   11.4338  57822.00      0.00
450   4136.95    9.6582    0.0000   11.4428  57822.00      0.00
451   4146.95    9.6670    0.0000   11.4518  57822.00      0.00
452   4147.28    9.6673    0.0000   11.4521  57822.00      0.00
453   4157.28    9.6758    0.0000   11.4609  57822.00      0.00
454   4167.28    9.6843    0.0000   11.4696  57822.00      0.00
455   4177.28    9.6928    0.0000   11.4784  57822.00      0.00
456   4187.28    9.7012    0.0000   11.4871  57822.00      0.00
457   4197.28    9.7097    0.0000   11.4959  57822.00      0.00
458   4197.61    9.7100    0.0000   11.4962  57822.00      0.00
459   4207.61    9.7182    0.0000   11.5047  57822.00      0.00
460   4217.61    9.7264    0.0000   11.5132  57822.00      0.00
461   4227.61    9.7346    0.0000   11.5218  57822.00      0.00
462   4237.61    9.7428    0.0000   11.5303  57822.00      0.00
463   4247.61    9.7510    0.0000   11.5388  57822.00      0.00
464   4247.94    9.7513    0.0000   11.5391  57822.00      0.00
465   4257.94    9.7593    0.0000   11.5474  57822.00      0.00
466   4267.94    9.7672    0.0000   11.5557  57822.00      0.00
467   4277.94    9.7752    0.0000   11.5640  57822.00      0.00
468   4287.94    9.7832    0.0000   11.5723  57822.00      0.00
469   4297.94    9.7911    0.0000   11.5806  57822.00      0.00
470   4298.27    9.7914    0.0000   11.5809  57822.00      0.00
471   4308.27    9.7991    0.0000   11.5890  57822.00      0.00
472   4318.27    9.8069    0.0000   11.5971  57822.00      0.00
473   4328.27    9.8146    0.0000   11.6052  57822.00      0.00
474   4338.27    9.8224    0.0000   11.6132  57822.00      0.00
475   4348.27    9.8301    0.0000   11.6213  57822.00      0.00
476   4348.60    9.8304    0.0000   11.6216  57822.00      0.00
477   4358.60    9.8379    0.0000   11.6295  57822.00      0.00
478   4368.60    9.8454    0.0000   11.6373  57822.00      0.00
479   4378.60    9.8529    0.0000   11.6452  57822.00      0.00
480   4388.60    9.8604    0.0000   11.6531  57822.00      0.00
481   4398.60    9.8680    0.0000   11.6609  57822.00      0.00
482   4398.93    9.8682    0.0000   11.6612  57822.00      0.00
483   4408.93    9.8755    0.0000   11.6689  57822.00      0.00
484   4418.93    9.8829    0.0000   11.6765  57822.00      0.00
485   4428.93    9.8902    0.0000   11.6842  57822.00      0.00
486   4438.93    9.8975    0.0000   11.6919  57822.00      0.00
487   4448.93    9.9049    0.0000   11.6995  57822.00      0.00
488   4449.26    9.9051    0.0000   11.6998  57822.00      0.00
489   4459.26    9.9122    0.0000   11.7072  57822.00      0.00
490   4469.26    9.9194    0.0000   11.7147  57822.00      0.00
491   4479.26    9.9265    0.0000   11.7221  57822.00      0.00
492   4489.26    9.9336    0.0000   11.7296  57822.00      0.00
493   4499.26    9.9408    0.0000   11.7370  57822.00      0.00
494   4499.60    9.9410    0.0000   11.7373  57822.00      0.00
495   4509.60    9.9480    0.0000   11.7445  57822.00      0.00
496   4519.60    9.9549    0.0000   11.7518  57822.00      0.00
497   4529.60    9.9619    0.0000   11.7590  57822.00      0.00
498   4539.60    9.9689    0.0000   11.7662  57822.00      0.00
499   4549.60    9.9759    0.0000   11.7735  57822.00      0.00
500   4549.93    9.9761    0.0000   11.7737  57822.00      0.00
501   4559.93    9.9829    0.0000   11.7808  57822.00      0.00
502   4569.93    9.9897    0.0000   11.7878  57822.00      0.00
503   4579.93    9.9965    0.0000   11.7949  57822.00      0.00
504   4589.93   10.0033    0.0000   11.8019  57822.00      0.00
505   4599.93   10.0101    0.0000   11.8090  57822.00      0.00
506   4600.26   10.0103    0.0000   11.8092  57822.00      0.00
507   4610.26   10.0170    0.0000   11.8161  57822.00      0.00
508   4620.26   10.0237    0.0000   11.8229  57822.00      0.00
509   4630.26   10.0303    0.0000   11.8298  57822.00      0.00
510   4640.26   10.0370    0.0000   11.8366  57822.00      0.00
511   4650.26   10.0437    0.0000   11.8435  57822.00      0.00
512   4650.59   10.0439    0.0000   11.8437  57822.00      0.00
513   4660.59   10.0504    0.0000   11.8504  57822.00      0.00
514   4670.59   10.0570    0.0000   11.8570  57822.00      0.00
515   4680.59   10.0635    0.0000   11.8637  57822.00      0.00
516   4690.59   10.0700    0.0000   11.8703  57822.00      0.00
517   4700.59   10.0766    0.0000   11.8770  57822.00      0.00
518   4700.92   10.0768    0.0000   11.8772  57822.00      0.00
519   4710.92   10.0832    0.0000   11.8836  57822.00      0.00
520   4720.92   10.0897    0.0000   11.8900  57822.00      0.00
521   4730.92   10.0961    0.0000   11.8963  57822.00      0.00
522   4740.92   10.1025    0.0000   11.9027  57822.00      0.00
523   4750.92   10.1089    0.0000   11.9091  57822.00      0.00
524   4760.92   10.1154    0.0000   11.9155  57822.00      0.00
525   4770.92   10.1218    0.0000   11.9218  57822.00      0.00
526   4780.92   10.1282    0.0000   11.9282  57822.00      0.00
527   4790.92   10.1346    0.0000   11.9346  57822.00      0.00
528   4800.92   10.1411    0.0000   11.9410  57822.00      0.00
529   4801.58   10.1415    0.0000   11.9414  57822.00      0.00
530   4811.58   10.1479    0.0000   11.9475  57822.00      0.00
531   4821.58   10.1544    0.0000   11.9536  57822.00      0.00
532   4831.58   10.1608    0.0000   11.9598  57822.00      0.00
533   4841.58   10.1673    0.0000   11.9659  57822.00      0.00
534   4851.58   10.1737    0.0000   11.9720  57822.00      0.00
535   4851.91   10.1739    0.0000   11.9722  57822.00      0.00
536   4861.91   10.1801    0.0000   11.9777  57822.00      0.00
537   4871.91   10.1862    0.0000   11.9833  57822.00      0.00
538   4881.91   10.1924    0.0000   11.9888  57822.00      0.00
539   4891.91   10.1985    0.0000   11.9944  57822.00      0.00
540   4901.91   10.2047    0.0000   11.9999  57822.00      0.00
541   4902.24   10.2049    0.0000   12.0001  57822.00      0.00
542   4912.24   10.2105    0.0000   12.0063  57822.00      0.00
543   4922.24   10.2160    0.0000   12.0124  57822.00      0.00
544   4932.24   10.2216    0.0000   12.0186  57822.00      0.00
545   4942.24   10.2271    0.0000   12.0247  57822.00      0.00
546   4952.24   10.2327    0.0000   12.0309  57822.00      0.00
547   4952.58   10.2329    0.0000   12.0311  57822.00      0.00
548   4962.58   10.2376    0.0000   12.0367  57822.00      0.00
549   4972.58   10.2423    0.0000   12.0423  57822.00      0.00
550   4982.58   10.2470    0.0000   12.0479  57822.00      0.00
551   4992.58   10.2517    0.0000   12.0535  57822.00      0.00
552   5002.58   10.2563    0.0000   12.0591  57822.00      0.00
553   5002.91   10.2565    0.0000   12.0593  57822.00      0.00
554   5012.91   10.2601    0.0000   12.0647  57822.00      0.00
555   5022.91   10.2637    0.0000   12.0702  57822.00      0.00
556   5032.91   10.2672    0.0000   12.0756  57822.00      0.00
557   5042.91   10.2708    0.0000   12.0811  57822.00      0.00
558   5052.91   10.2744    0.0000   12.0865  57822.00      0.00
559   5053.24   10.2745    0.0000   12.0867  57822.00      0.00
560   5063.24   10.2767    0.0000   12.0920  57822.00      0.00
561   5073.24   10.2788    0.0000   12.0973  57822.00      0.00
562   5083.24   10.2810    0.0000   12.1026  57822.00      0.00
563   5093.24   10.2832    0.0000   12.1078  57822.00      0.00
564   5103.24   10.2853    0.0000   12.1131  57822.00      0.00
565   5103.57   10.2854    0.0000   12.1133  57822.00      0.00
566   5113.57   10.2861    0.0000   12.1185  57822.00      0.00
567   5123.57   10.2868    0.0000   12.1236  57822.00      0.00
568   5133.57   10.2876    0.0000   12.1288  57822.00      0.00
569   5143.57   10.2883    0.0000   12.1340  57822.00      0.00
570   5153.50   10.2890    0.0000   12.1391  57822.00      0.00
571   5153.50   11.0427    3.5043   12.7037    633.26     85.03
572   5163.50   11.0458    3.5071   12.7086    632.60     85.03
573   5173.50   11.0489    3.5099   12.7136    631.94     85.03
574   5183.50   11.0520    3.5128   12.7185    631.28     85.03
575   5193.50   11.0551    3.5156   12.7234    630.62     85.03
576   5203.50   11.0582    3.5184   12.7284    629.96     85.03
577   5204.61   11.0585    3.5187   12.7289    629.89     85.03
578   5214.61   11.0611    3.5212   12.7337    629.29     85.03
579   5224.61   11.0637    3.5237   12.7384    628.70     85.03
580   5234.61   11.0664    3.5262   12.7432    628.10     85.03
581   5244.61   11.0690    3.5287   12.7479    627.51     85.03
582   5254.61   11.0716    3.5312   12.7527    626.91     85.03
583   5255.32   11.0718    3.5314   12.7530    626.87     85.03
584   5265.32   11.0744    3.5338   12.7575    626.32     85.03
585   5275.32   11.0770    3.5362   12.7621    625.77     85.03
586   5285.32   11.0796    3.5386   12.7666    625.22     85.03
587   5295.32   11.0822    3.5409   12.7711    624.67     85.03
588   5305.32   11.0848    3.5433   12.7757    624.12     85.03
589   5306.04   11.0850    3.5435   12.7760    624.08     85.03
590   5316.04   11.0876    3.5458   12.7803    623.57     85.03
591   5326.04   11.0902    3.5481   12.7847    623.06     85.03
592   5336.04   11.0929    3.5504   12.7890    622.55     85.03
593   5346.04   11.0955    3.5527   12.7934    622.04     85.03
594   5356.04   11.0981    3.5549   12.7977    621.54     85.03
595   5356.75   11.0983    3.5551   12.7980    621.50     85.03
596   5366.75   11.1019    3.5573   12.8021    621.15     85.03
597   5376.75   11.1055    3.5594   12.8062    620.79     85.03
598   5386.75   11.1091    3.5616   12.8103    620.44     85.03
599   5396.75   11.1127    3.5638   12.8144    620.09     85.03
600   5406.75   11.1163    3.5659   12.8185    619.74     85.03
601   5407.46   11.1166    3.5661   12.8188    619.71     85.03
602   5417.46   11.1196    3.5682   12.8227    619.33     85.03
603   5427.46   11.1225    3.5702   12.8266    618.95     85.03
604   5437.46   11.1255    3.5723   12.8306    618.57     85.03
605   5447.46   11.1284    3.5743   12.8345    618.19     85.03
606   5457.46   11.1314    3.5764   12.8384    617.81     85.03
607   5458.17   11.1316    3.5765   12.8387    617.78     85.03
608   5468.17   11.1344    3.5785   12.8424    617.42     85.03
609   5478.17   11.1372    3.5804   12.8461    617.05     85.03
610   5488.17   11.1399    3.5824   12.8498    616.69     85.03
611   5498.17   11.1427    3.5843   12.8534    616.32     85.03
612   5508.17   11.1455    3.5863   12.8571    615.96     85.03
613   5508.89   11.1457    3.5864   12.8574    615.93     85.03
614   5518.89   11.1483    3.5882   12.8609    615.59     85.03
615   5528.89   11.1509    3.5901   12.8644    615.25     85.03
616   5538.89   11.1536    3.5919   12.8679    614.91     85.03
617   5548.89   11.1562    3.5937   12.8714    614.57     85.03
618   5558.89   11.1588    3.5956   12.8749    614.23     85.03
619   5559.60   11.1590    3.5957   12.8751    614.21     85.03
620   5569.60   11.1615    3.5974   12.8784    613.90     85.03
621   5579.60   11.1639    3.5991   12.8816    613.58     85.03
622   5589.60   11.1664    3.6008   12.8849    613.27     85.03
623   5599.60   11.1689    3.6026   12.8882    612.96     85.03
624   5609.60   11.1713    3.6043   12.8915    612.64     85.03
625   5610.31   11.1715    3.6044   12.8917    612.62     85.03
626   5620.31   11.1738    3.6061   12.8947    612.34     85.03
627   5630.31   11.1760    3.6078   12.8977    612.05     85.03
628   5640.31   11.1783    3.6095   12.9008    611.77     85.03
629   5650.31   11.1806    3.6112   12.9038    611.48     85.03
630   5660.31   11.1828    3.6129   12.9068    611.20     85.03
631   5661.00   11.1830    3.6130   12.9070    611.18     85.03
632   5671.00   11.1852    3.6144   12.9099    610.90     85.03
633   5681.00   11.1874    3.6158   12.9128    610.61     85.03
634   5691.00   11.1896    3.6173   12.9157    610.33     85.03
635   5701.00   11.1918    3.6187   12.9186    610.04     85.03
636   5711.00   11.1939    3.6201   12.9215    609.76     85.03
637   5711.74   11.1941    3.6202   12.9217    609.74     85.03
638   5721.74   11.1960    3.6215   12.9242    609.50     85.03
639   5731.74   11.1979    3.6229   12.9268    609.26     85.03
640   5741.74   11.1998    3.6242   12.9293    609.02     85.03
641   5751.74   11.2017    3.6255   12.9318    608.78     85.03
642   5761.74   11.2036    3.6269   12.9344    608.54     85.03
643   5771.74   11.2055    3.6282   12.9369    608.30     85.03
644   5781.74   11.2074    3.6295   12.9394    608.06     85.03
645   5791.74   11.2093    3.6308   12.9420    607.82     85.03
646   5801.74   11.2112    3.6322   12.9445    607.58     85.03
647   5811.74   11.2131    3.6335   12.9470    607.34     85.03
648   5813.16   11.2134    3.6337   12.9474    607.31     85.03
649   5823.16   11.2151    3.6349   12.9496    607.10     85.03
650   5833.16   11.2168    3.6360   12.9518    606.90     85.03
651   5843.16   11.2184    3.6372   12.9540    606.69     85.03
652   5853.16   11.2201    3.6384   12.9562    606.48     85.03
653   5863.16   11.2218    3.6395   12.9584    606.27     85.03
654   5863.87   11.2219    3.6396   12.9586    606.26     85.03
655   5873.87   11.2234    3.6407   12.9606    606.07     85.03
656   5883.87   11.2249    3.6417   12.9626    605.87     85.03
657   5893.87   11.2264    3.6428   12.9646    605.68     85.03
658   5903.87   11.2279    3.6439   12.9666    605.49     85.03
659   5913.87   11.2294    3.6449   12.9687    605.29     85.03
660   5914.59   11.2295    3.6450   12.9688    605.28     85.03
661   5924.59   11.2309    3.6459   12.9706    605.11     85.03
662   5934.59   11.2322    3.6469   12.9724    604.95     85.03
663   5944.59   11.2336    3.6478   12.9742    604.78     85.03
664   5954.59   11.2349    3.6488   12.9760    604.62     85.03
665   5964.59   11.2363    3.6497   12.9778    604.45     85.03
666   5965.30   11.2364    3.6498   12.9779    604.44     85.03
667   5975.30   11.2376    3.6506   12.9795    604.29     85.03
668   5985.30   11.2388    3.6515   12.9811    604.14     85.03
669   5995.30   11.2399    3.6523   12.9826    604.00     85.03
670   6005.30   11.2411    3.6531   12.9842    603.85     85.03
671   6015.30   11.2423    3.6539   12.9858    603.70     85.03
672   6016.01   11.2424    3.6540   12.9859    603.69     85.03
673   6026.01   11.2434    3.6547   12.9873    603.56     85.03
674   6036.01   11.2445    3.6555   12.9887    603.43     85.03
675   6046.01   11.2455    3.6562   12.9900    603.31     85.03
676   6056.01   11.2466    3.6569   12.9914    603.18     85.03
677   6066.01   11.2476    3.6576   12.9928    603.05     85.03
678   6066.72   11.2477    3.6577   12.9929    603.04     85.03
679   6076.72   11.2486    3.6583   12.9941    602.93     85.03
680   6086.72   11.2494    3.6589   12.9952    602.82     85.03
681   6096.72   11.2503    3.6595   12.9964    602.71     85.03
682   6106.72   11.2512    3.6601   12.9976    602.61     85.03
683   6116.72   11.2520    3.6608   12.9987    602.50     85.03
684   6117.44   11.2521    3.6608   12.9988    602.49     85.03
685   6127.44   11.2528    3.6613   12.9997    602.40     85.03
686   6137.44   11.2535    3.6618   13.0007    602.32     85.03
687   6147.44   11.2542    3.6623   13.0016    602.23     85.03
688   6157.44   11.2549    3.6628   13.0026    602.14     85.03
689   6167.44   11.2556    3.6633   13.0035    602.06     85.03
690   6168.15   11.2557    3.6633   13.0036    602.05     85.03
691   6178.15   11.2563    3.6637   13.0043    601.98     85.03
692   6188.15   11.2568    3.6641   13.0051    601.91     85.03
693   6198.15   11.2574    3.6645   13.0058    601.84     85.03
694   6208.15   11.2580    3.6649   13.0066    601.77     85.03
695   6218.15   11.2586    3.6653   13.0073    601.70     85.03
696   6218.86   11.2586    3.6653   13.0074    601.70     85.03
697   6228.86   11.2590    3.6656   13.0079    601.65     85.03
698   6238.86   11.2594    3.6659   13.0084    601.61     85.03
699   6248.86   11.2598    3.6661   13.0089    601.56     85.03
700   6258.86   11.2602    3.6664   13.0095    601.51     85.03
701   6268.86   11.2606    3.6667   13.0100    601.46     85.03
702   6269.57   11.2606    3.6667   13.0100    601.46     85.03
703   6279.57   11.2608    3.6669   13.0103    601.43     85.03
704   6289.57   11.2611    3.6670   13.0107    601.40     85.03
705   6299.57   11.2613    3.6672   13.0110    601.38     85.03
706   6309.57   11.2615    3.6673   13.0113    601.35     85.03
707   6319.57   11.2618    3.6675   13.0117    601.32     85.03
708   6320.29   11.2618    3.6675   13.0117    601.32     85.03
709   6330.29   11.2619    3.6676   13.0118    601.31     85.03
710   6340.29   11.2620    3.6676   13.0119    601.30     85.03
711   6350.29   11.2620    3.6677   13.0120    601.29     85.03
712   6360.29   11.2621    3.6677   13.0121    601.28     85.03
713   6370.29   11.2622    3.6678   13.0122    601.27     85.03
714   6371.00   11.2622    3.6678   13.0122    601.27     85.03
