step 0 1 2 3 4 5 6 7 8 9 10 11 12 13 14 15 16 17 18 19 20 21 22 23 24 25 26 27 28 29 30 31 32 33 34 35 36 37 38 39 40 41 42 43 44 45 46 47 48 49 50 51 52 53 54 55 56 57 58 59 60 61 62 63 64 65 66 67 68 69 70 71 72 73 74 75 76 77 78 79 80 81 82 83 84 85 86 87 88 89 90 91 92 93 94 95 96 97 98 99 100 101 102 103 104 105 106 107 108 109 110 111 112 113 114 115 116 117 118 119 120 121 122 123 124 125 126 127 128 129 130 131 132 133 134 135 136 137 138 139 140 141 142 143 144 145 146 147 148 149 150 151 152 153 154 155 156 157 158 159 160 161 162 163 164 165 166 167 168 169 170 171 172 173 174 175 176 177 178 179 180 181 182 183 184 185 186 187 188 189 190 191 192 193 194 195 196 197 198 199 
train_loss1 0.5782593488693237 0.5742642283439636 0.5671111941337585 0.5649616122245789 0.5635040998458862 0.5624465346336365 0.5619768500328064 0.5614816546440125 0.5605989694595337 0.5589010119438171 0.556386411190033 0.5538175106048584 0.5514695048332214 0.5499272346496582 0.5484726428985596 0.5471649765968323 0.546420693397522 0.5460299253463745 0.5453265905380249 0.5447038412094116 0.5443757176399231 0.5439956784248352 0.5437878966331482 0.5436433553695679 0.5432797074317932 0.5432096123695374 0.5430415868759155 0.54264897108078 0.5428357720375061 0.542506992816925 0.5420143008232117 0.5423656702041626 0.5422618985176086 0.5419707298278809 0.5419267416000366 0.5420740246772766 0.5418879389762878 0.5417293906211853 0.5415478348731995 0.5416081547737122 0.5414552092552185 0.5413647890090942 0.5414648652076721 0.5413645505905151 0.5414187908172607 0.5412113070487976 0.5411595106124878 0.5409603118896484 0.540630578994751 0.5405815839767456 0.5408760905265808 0.5406336188316345 0.5405223369598389 0.5405621528625488 0.5404961109161377 0.540362536907196 0.5403990149497986 0.5402154922485352 0.5401855111122131 0.5401574969291687 0.5401126146316528 0.5399175882339478 0.5400163531303406 0.5397204756736755 0.539911150932312 0.5398633480072021 0.5396760702133179 0.5395167469978333 0.5394725799560547 0.5395458340644836 0.5390896797180176 0.539116382598877 0.5393723249435425 0.5390494465827942 0.5392233729362488 0.5389652848243713 0.5389842391014099 0.538945198059082 0.5387551784515381 0.5387169718742371 0.5387241840362549 0.5384417176246643 0.5385052561759949 0.5383531451225281 0.5382204651832581 0.5382463932037354 0.5380445122718811 0.5377427935600281 0.5376096367835999 0.5375664830207825 0.5373640656471252 0.5372589826583862 0.5369775891304016 0.5365790128707886 0.5364691019058228 0.535877525806427 0.5353270173072815 0.5343849658966064 0.5340646505355835 0.5330160856246948 0.5321572422981262 0.5310214161872864 0.5302896499633789 0.5292559862136841 0.5286853313446045 0.5275983214378357 0.5269904732704163 0.5262916088104248 0.5257166028022766 0.5249361991882324 0.5247132778167725 0.5242635607719421 0.5235303640365601 0.5231289863586426 0.5227293372154236 0.5221448540687561 0.5216271281242371 0.5210543274879456 0.5203434228897095 0.5197345018386841 0.5187041163444519 0.5178152918815613 0.5169848799705505 0.5164189338684082 0.5156005024909973 0.5147019624710083 0.5143752098083496 0.5140752196311951 0.5127803087234497 0.5124689936637878 0.5118213295936584 0.5114409923553467 0.5108446478843689 0.5099688172340393 0.509789764881134 0.5093258619308472 0.5090920925140381 0.5084958076477051 0.5082588791847229 0.50754314661026 0.5075106024742126 0.507196843624115 0.5064195990562439 0.5068573951721191 0.505939781665802 0.5061363577842712 0.5052360892295837 0.5058956146240234 0.5051694512367249 0.5050035715103149 0.5045663118362427 0.5047685503959656 0.5043420195579529 0.504198431968689 0.5039823055267334 0.5038872361183167 0.5035840272903442 0.5037022829055786 0.503224790096283 0.5034255981445312 0.5031024217605591 0.5028064250946045 0.5026659369468689 0.5028249621391296 0.5026894211769104 0.5024264454841614 0.5020596385002136 0.5017207264900208 0.5017155408859253 0.5017605423927307 0.50176602602005 0.5016654133796692 0.5015544295310974 0.5010206699371338 0.5011947154998779 0.5011082887649536 0.5013205409049988 0.5010160207748413 0.5011416077613831 0.5003693699836731 0.5007517337799072 0.5005835294723511 0.5001479983329773 0.5001464486122131 0.5001081228256226 0.5000302791595459 0.4997625946998596 0.4997013807296753 0.4995517432689667 0.4995281398296356 0.499570369720459 0.49959588050842285 0.4989529550075531 0.4992007315158844 0.4992349147796631 0.49871960282325745 0.4990276098251343 0.4988155961036682 0.49860110878944397 0.49884799122810364 
train_loss2 0.5773231983184814 0.5665506720542908 0.5206462144851685 0.4671036899089813 0.3980991840362549 0.3387187123298645 0.3058738708496094 0.2844266891479492 0.27588140964508057 0.2729925811290741 0.2775188982486725 0.276883065700531 0.2707695960998535 0.2654806077480316 0.26019641757011414 0.25233951210975647 0.2470274716615677 0.23844921588897705 0.23840317130088806 0.23464004695415497 0.23452706634998322 0.22508397698402405 0.22160889208316803 0.22262853384017944 0.22007861733436584 0.21306072175502777 0.21408140659332275 0.2066122144460678 0.2039179652929306 0.19983991980552673 0.20050008594989777 0.19163241982460022 0.19764989614486694 0.19189715385437012 0.18983331322669983 0.1897556036710739 0.1894189417362213 0.18814519047737122 0.1848646104335785 0.18650472164154053 0.18438173830509186 0.180681973695755 0.18037185072898865 0.17657384276390076 0.17318005859851837 0.17863963544368744 0.17331385612487793 0.17318587005138397 0.1714019775390625 0.17350070178508759 0.1749570071697235 0.17573198676109314 0.1707787960767746 0.17171013355255127 0.1739034652709961 0.17164675891399384 0.16555017232894897 0.16790516674518585 0.16872014105319977 0.16005997359752655 0.1652238816022873 0.16305463016033173 0.16524304449558258 0.1673794984817505 0.16061121225357056 0.16446438431739807 0.1639852225780487 0.16111768782138824 0.15702460706233978 0.15850327908992767 0.15276244282722473 0.1621612161397934 0.15635612607002258 0.15414869785308838 0.1573633849620819 0.1564844250679016 0.15400251746177673 0.15573903918266296 0.15478351712226868 0.1519024819135666 0.1550378054380417 0.15084001421928406 0.15080773830413818 0.15452301502227783 0.1547652781009674 0.1524176299571991 0.14936473965644836 0.1490887701511383 0.15281742811203003 0.15633293986320496 0.14955754578113556 0.1481557935476303 0.15046542882919312 0.14783510565757751 0.1535264104604721 0.1490837037563324 0.15129108726978302 0.15148469805717468 0.14561226963996887 0.15261797606945038 0.15494894981384277 0.15549463033676147 0.14971119165420532 0.14870163798332214 0.15173156559467316 0.1488872617483139 0.15837650001049042 0.1566920429468155 0.1553964465856552 0.15426605939865112 0.15791809558868408 0.15525570511817932 0.15205121040344238 0.15181361138820648 0.15238787233829498 0.15062978863716125 0.15239223837852478 0.15476876497268677 0.15034130215644836 0.15362365543842316 0.15350426733493805 0.15206056833267212 0.15069204568862915 0.15298283100128174 0.1512564867734909 0.1504606455564499 0.1480274349451065 0.14636477828025818 0.15218113362789154 0.15418711304664612 0.14818687736988068 0.14985761046409607 0.14913713932037354 0.1521090865135193 0.14648525416851044 0.14841023087501526 0.14634908735752106 0.14475859701633453 0.14673374593257904 0.1468900591135025 0.14915111660957336 0.14634430408477783 0.14753976464271545 0.14788523316383362 0.14735299348831177 0.14831431210041046 0.14279207587242126 0.1465122401714325 0.1427771896123886 0.14677996933460236 0.143339604139328 0.14632000029087067 0.14386488497257233 0.1406673938035965 0.14806848764419556 0.14214645326137543 0.14188487827777863 0.1446532905101776 0.1453581303358078 0.1407775729894638 0.1438656896352768 0.14807796478271484 0.14054663479328156 0.13628141582012177 0.1384000927209854 0.14023178815841675 0.13964836299419403 0.13881182670593262 0.13790422677993774 0.13603748381137848 0.1398465484380722 0.1414322555065155 0.1395692527294159 0.13622643053531647 0.14012642204761505 0.13925909996032715 0.14058932662010193 0.13892434537410736 0.13895142078399658 0.13780920207500458 0.13676817715168 0.13493461906909943 0.13865244388580322 0.13477538526058197 0.1413201540708542 0.13917046785354614 0.1358693689107895 0.13729165494441986 0.1367339789867401 0.1368209421634674 0.13752077519893646 0.1382669061422348 0.1387653946876526 0.1371089369058609 0.1371481567621231 0.13634519279003143 0.13474275171756744 0.1350543051958084 0.13552330434322357 0.13603036105632782 
train_loss3 0.45210695266723633 0.43478092551231384 0.4249202609062195 0.4007684290409088 0.3673044741153717 0.33527272939682007 0.3132053315639496 0.2844691574573517 0.27014192938804626 0.2587302327156067 0.2590012550354004 0.25877636671066284 0.2629012167453766 0.2637917697429657 0.26167404651641846 0.25707781314849854 0.2559325098991394 0.24867229163646698 0.2462785243988037 0.24096953868865967 0.23377221822738647 0.23234200477600098 0.22798548638820648 0.22449788451194763 0.2185153365135193 0.21122397482395172 0.2111731320619583 0.20809632539749146 0.2012331187725067 0.19911402463912964 0.19743888080120087 0.19461172819137573 0.19163230061531067 0.18749262392520905 0.1854538768529892 0.18780457973480225 0.1811441034078598 0.18007409572601318 0.18348947167396545 0.17725498974323273 0.17665478587150574 0.17418795824050903 0.171803280711174 0.16751183569431305 0.16692084074020386 0.16945196688175201 0.1638881415128708 0.1635074019432068 0.1609102487564087 0.1626436859369278 0.1632683426141739 0.16244825720787048 0.1623660773038864 0.1557857096195221 0.15928415954113007 0.1591566950082779 0.15459755063056946 0.15349824726581573 0.15563760697841644 0.15033406019210815 0.1508173644542694 0.15093553066253662 0.15142378211021423 0.15125392377376556 0.14818236231803894 0.15090754628181458 0.14808662235736847 0.15061156451702118 0.1480865627527237 0.14309555292129517 0.14515836536884308 0.14862993359565735 0.1452707052230835 0.1412273794412613 0.14659370481967926 0.1424015462398529 0.1439189612865448 0.14483186602592468 0.14092594385147095 0.14233458042144775 0.14103318750858307 0.13912250101566315 0.13963940739631653 0.14122729003429413 0.1414245069026947 0.14108306169509888 0.13953529298305511 0.14004750549793243 0.13886727392673492 0.13850431144237518 0.13802242279052734 0.13521616160869598 0.14196911454200745 0.13721689581871033 0.13975632190704346 0.13769273459911346 0.13839830458164215 0.13424280285835266 0.13820169866085052 0.14058877527713776 0.14007167518138885 0.14023056626319885 0.14471033215522766 0.13802537322044373 0.1437983363866806 0.14130516350269318 0.14381656050682068 0.1439552754163742 0.14460046589374542 0.14054521918296814 0.139234721660614 0.13970784842967987 0.14104512333869934 0.1417793482542038 0.13862664997577667 0.14121457934379578 0.1389305144548416 0.13887937366962433 0.13958275318145752 0.1400855928659439 0.14198853075504303 0.13894124329090118 0.14116664230823517 0.14141637086868286 0.14096634089946747 0.1363692730665207 0.13932432234287262 0.14056608080863953 0.14119963347911835 0.1431494802236557 0.1366041600704193 0.13939696550369263 0.13952019810676575 0.13942784070968628 0.13512511551380157 0.13754771649837494 0.1353064626455307 0.1333463490009308 0.13797445595264435 0.1389482170343399 0.14128939807415009 0.13711756467819214 0.13731975853443146 0.13867822289466858 0.136099711060524 0.13798968493938446 0.1384841650724411 0.13553541898727417 0.13213276863098145 0.1388692706823349 0.13252341747283936 0.13749787211418152 0.1345173418521881 0.13332010805606842 0.13417091965675354 0.132379412651062 0.13449423015117645 0.13307327032089233 0.13074810802936554 0.12852318584918976 0.13461095094680786 0.13513906300067902 0.13161338865756989 0.13130736351013184 0.13238057494163513 0.13183487951755524 0.1326361447572708 0.12923121452331543 0.1299525946378708 0.1327071189880371 0.1298530548810959 0.13226544857025146 0.1323062926530838 0.13023121654987335 0.1286083608865738 0.12868809700012207 0.1298236846923828 0.13088279962539673 0.13012592494487762 0.13031893968582153 0.1305871605873108 0.1272059977054596 0.13052761554718018 0.12667633593082428 0.1288168877363205 0.12865324318408966 0.12607917189598083 0.12871351838111877 0.12797212600708008 0.12699131667613983 0.1269727498292923 0.12574726343154907 0.12714841961860657 0.13004732131958008 0.12710945308208466 0.1276933252811432 0.12915505468845367 0.12990409135818481 0.12580400705337524 0.12492356449365616 
train_loss_all 0.5715541839599609 0.5665532946586609 0.5570857524871826 0.5512832999229431 0.5453788638114929 0.5408234596252441 0.5384578108787537 0.5363683104515076 0.5348532199859619 0.5328624844551086 0.530681312084198 0.5282789468765259 0.526040256023407 0.5244809985160828 0.5229165554046631 0.521344780921936 0.5204724669456482 0.5196676254272461 0.5189472436904907 0.5181219577789307 0.5176204442977905 0.5169830322265625 0.5165876150131226 0.5163893103599548 0.5158360600471497 0.5154187679290771 0.5152862071990967 0.5146678686141968 0.514617919921875 0.5141692161560059 0.5136876702308655 0.513752281665802 0.5137238502502441 0.5132343173027039 0.5131046175956726 0.513290524482727 0.512968897819519 0.5127713680267334 0.5126031637191772 0.5125653147697449 0.5123652815818787 0.5121537446975708 0.5121932625770569 0.511938214302063 0.5119092464447021 0.5118749141693115 0.5116122364997864 0.5114166736602783 0.5110250115394592 0.5110532641410828 0.511368989944458 0.5111429691314697 0.510938823223114 0.5108738541603088 0.5109192728996277 0.5107473134994507 0.5105805993080139 0.5104349851608276 0.5104609131813049 0.5101770758628845 0.510240375995636 0.5100191831588745 0.5101613998413086 0.5099230408668518 0.509920060634613 0.5099946856498718 0.5097619891166687 0.5096029043197632 0.5094429850578308 0.5094544887542725 0.5089592337608337 0.5092141628265381 0.5092894434928894 0.5088812112808228 0.5091908574104309 0.5088637471199036 0.5088620185852051 0.508871853351593 0.5086125731468201 0.5085488557815552 0.5085899233818054 0.5082206726074219 0.508287787437439 0.5082371234893799 0.5081206560134888 0.5080975890159607 0.5078303813934326 0.5075517892837524 0.5074734687805176 0.507490336894989 0.5071732401847839 0.5070062875747681 0.5068918466567993 0.5063966512680054 0.5064343810081482 0.5057700276374817 0.505305290222168 0.5043620467185974 0.5040236711502075 0.5032044053077698 0.5024352073669434 0.501386284828186 0.5006737112998962 0.4995787441730499 0.49919480085372925 0.4980865716934204 0.49773314595222473 0.4970512092113495 0.49650105834007263 0.49568262696266174 0.4955201745033264 0.4950583279132843 0.4943369925022125 0.49396997690200806 0.4935542643070221 0.4930194914340973 0.49252939224243164 0.4920368790626526 0.4913034439086914 0.49080267548561096 0.48986995220184326 0.48896151781082153 0.4881981611251831 0.48771557211875916 0.48691150546073914 0.4859803020954132 0.48568034172058105 0.4853913486003876 0.48429760336875916 0.4840778112411499 0.48325100541114807 0.4829728603363037 0.4824046194553375 0.4816393256187439 0.4812973141670227 0.4809388816356659 0.4806458055973053 0.480027973651886 0.4799187183380127 0.4792692959308624 0.479320228099823 0.4789048433303833 0.47820353507995605 0.47864195704460144 0.47773125767707825 0.47796431183815 0.47703251242637634 0.47766533493995667 0.4768639802932739 0.47689300775527954 0.47631651163101196 0.4766417145729065 0.4761490821838379 0.4759388267993927 0.47588294744491577 0.4756583571434021 0.4754052758216858 0.475541353225708 0.47506973147392273 0.47514063119888306 0.47499212622642517 0.4748004972934723 0.47447624802589417 0.4745467007160187 0.47447365522384644 0.47425052523612976 0.4739106297492981 0.47352397441864014 0.4735151529312134 0.4735703766345978 0.4735942780971527 0.4735671579837799 0.4734315872192383 0.47284141182899475 0.4730450212955475 0.47295045852661133 0.4731902480125427 0.4728938341140747 0.4729994237422943 0.4722609519958496 0.47260499000549316 0.4723624289035797 0.47207188606262207 0.4719426929950714 0.47205352783203125 0.4719405770301819 0.4715927839279175 0.4716016352176666 0.4714403450489044 0.47140413522720337 0.47145533561706543 0.47147268056869507 0.47090232372283936 0.4711519777774811 0.47113746404647827 0.470651239156723 0.47093552350997925 0.4707546830177307 0.4704965353012085 0.4707221984863281 
train_loss_back 0.5715541839599609 0.5665532946586609 0.5570857524871826 0.5512832999229431 0.5453788638114929 0.5408234596252441 0.5384578108787537 0.5363683104515076 0.5348532199859619 0.5328624844551086 0.530681312084198 0.5282789468765259 0.526040256023407 0.5244809985160828 0.5229165554046631 0.521344780921936 0.5204724669456482 0.5196676254272461 0.5189472436904907 0.5181219577789307 0.5176204442977905 0.5169830322265625 0.5165876150131226 0.5163893103599548 0.5158360600471497 0.5154187679290771 0.5152862071990967 0.5146678686141968 0.514617919921875 0.5141692161560059 0.5136876702308655 0.513752281665802 0.5137238502502441 0.5132343173027039 0.5131046175956726 0.513290524482727 0.512968897819519 0.5127713680267334 0.5126031637191772 0.5125653147697449 0.5123652815818787 0.5121537446975708 0.5121932625770569 0.511938214302063 0.5119092464447021 0.5118749141693115 0.5116122364997864 0.5114166736602783 0.5110250115394592 0.5110532641410828 0.511368989944458 0.5111429691314697 0.510938823223114 0.5108738541603088 0.5109192728996277 0.5107473134994507 0.5105805993080139 0.5104349851608276 0.5104609131813049 0.5101770758628845 0.510240375995636 0.5100191831588745 0.5101613998413086 0.5099230408668518 0.509920060634613 0.5099946856498718 0.5097619891166687 0.5096029043197632 0.5094429850578308 0.5094544887542725 0.5089592337608337 0.5092141628265381 0.5092894434928894 0.5088812112808228 0.5091908574104309 0.5088637471199036 0.5088620185852051 0.508871853351593 0.5086125731468201 0.5085488557815552 0.5085899233818054 0.5082206726074219 0.508287787437439 0.5082371234893799 0.5081206560134888 0.5080975890159607 0.5078303813934326 0.5075517892837524 0.5074734687805176 0.507490336894989 0.5071732401847839 0.5070062875747681 0.5068918466567993 0.5063966512680054 0.5064343810081482 0.5057700276374817 0.505305290222168 0.5043620467185974 0.5040236711502075 0.5032044053077698 0.5024352073669434 0.501386284828186 0.5006737112998962 0.4995787441730499 0.49919480085372925 0.4980865716934204 0.49773314595222473 0.4970512092113495 0.49650105834007263 0.49568262696266174 0.4955201745033264 0.4950583279132843 0.4943369925022125 0.49396997690200806 0.4935542643070221 0.4930194914340973 0.49252939224243164 0.4920368790626526 0.4913034439086914 0.49080267548561096 0.48986995220184326 0.48896151781082153 0.4881981611251831 0.48771557211875916 0.48691150546073914 0.4859803020954132 0.48568034172058105 0.4853913486003876 0.48429760336875916 0.4840778112411499 0.48325100541114807 0.4829728603363037 0.4824046194553375 0.4816393256187439 0.4812973141670227 0.4809388816356659 0.4806458055973053 0.480027973651886 0.4799187183380127 0.4792692959308624 0.479320228099823 0.4789048433303833 0.47820353507995605 0.47864195704460144 0.47773125767707825 0.47796431183815 0.47703251242637634 0.47766533493995667 0.4768639802932739 0.47689300775527954 0.47631651163101196 0.4766417145729065 0.4761490821838379 0.4759388267993927 0.47588294744491577 0.4756583571434021 0.4754052758216858 0.475541353225708 0.47506973147392273 0.47514063119888306 0.47499212622642517 0.4748004972934723 0.47447624802589417 0.4745467007160187 0.47447365522384644 0.47425052523612976 0.4739106297492981 0.47352397441864014 0.4735151529312134 0.4735703766345978 0.4735942780971527 0.4735671579837799 0.4734315872192383 0.47284141182899475 0.4730450212955475 0.47295045852661133 0.4731902480125427 0.4728938341140747 0.4729994237422943 0.4722609519958496 0.47260499000549316 0.4723624289035797 0.47207188606262207 0.4719426929950714 0.47205352783203125 0.4719405770301819 0.4715927839279175 0.4716016352176666 0.4714403450489044 0.47140413522720337 0.47145533561706543 0.47147268056869507 0.47090232372283936 0.4711519777774811 0.47113746404647827 0.470651239156723 0.47093552350997925 0.4707546830177307 0.4704965353012085 0.4707221984863281 
train_loss1_vel 0.017347780987620354 0.01722792536020279 0.017013337463140488 0.016948848962783813 0.016905123367905617 0.016873396933078766 0.016859304159879684 0.016844451427459717 0.0168179702013731 0.016767030581831932 0.01669159159064293 0.016614524647593498 0.01654408499598503 0.016497816890478134 0.0164541807025671 0.016414949670433998 0.016392620280385017 0.016380896791815758 0.01635979861021042 0.016341114416718483 0.016331272199749947 0.016319870948791504 0.016313638538122177 0.016309300437569618 0.016298390924930573 0.01629628799855709 0.016291247680783272 0.016279470175504684 0.01628507301211357 0.016275210306048393 0.016260430216789246 0.016270969063043594 0.01626785658299923 0.016259120777249336 0.01625780202448368 0.016262222081422806 0.01625663787126541 0.016251880675554276 0.016246434301137924 0.016248244792222977 0.01624365709722042 0.01624094322323799 0.01624394580721855 0.016240937635302544 0.016242563724517822 0.016236338764429092 0.016234785318374634 0.0162288099527359 0.016218917444348335 0.016217447817325592 0.016226282343268394 0.0162190068513155 0.016215670853853226 0.016216864809393883 0.01621488481760025 0.016210876405239105 0.016211969777941704 0.016206465661525726 0.016205566003918648 0.016204724088311195 0.01620337925851345 0.016197526827454567 0.016200490295886993 0.01619161292910576 0.016197334975004196 0.01619590073823929 0.01619028113782406 0.016185501590371132 0.01618417724967003 0.01618637517094612 0.01617269031703472 0.01617349125444889 0.01618116907775402 0.01617148332297802 0.016176702454686165 0.016168957576155663 0.016169527545571327 0.01616835594177246 0.016162656247615814 0.016161508858203888 0.0161617249250412 0.016153251752257347 0.01615515723824501 0.016150595620274544 0.016146613284945488 0.016147391870617867 0.016141336411237717 0.016132283955812454 0.016128288581967354 0.016126995906233788 0.016120923683047295 0.016117768362164497 0.016109326854348183 0.01609737053513527 0.01609407365322113 0.016076326370239258 0.016059812158346176 0.016031550243496895 0.016021938994526863 0.01599048264324665 0.015964718535542488 0.015930643305182457 0.01590868830680847 0.015877678990364075 0.015860559418797493 0.015827950090169907 0.015809714794158936 0.015788748860359192 0.015771497040987015 0.01574808731675148 0.015741396695375443 0.015727907419204712 0.015705911442637444 0.015693869441747665 0.015681879594922066 0.015664346516132355 0.015648813918232918 0.015631629154086113 0.015610301867127419 0.01559203490614891 0.015561124309897423 0.015534458681941032 0.015509546734392643 0.015492568723857403 0.015468014404177666 0.01544105913490057 0.015431256964802742 0.015422255732119083 0.015383409336209297 0.015374070033431053 0.015354640781879425 0.015343230217695236 0.015325340442359447 0.015299064107239246 0.015293693169951439 0.01527977641671896 0.01527276262640953 0.015254874713718891 0.015247765928506851 0.015226295217871666 0.015225318260490894 0.015215905383229256 0.015192587859928608 0.01520572230219841 0.015178192406892776 0.015184090472757816 0.015157083049416542 0.015176868066191673 0.015155084431171417 0.015150107443332672 0.015136989764869213 0.015143057331442833 0.015130260959267616 0.015125952661037445 0.015119467861950397 0.0151166170835495 0.01510752085596323 0.015111069194972515 0.01509674359112978 0.015102768316864967 0.015093072317540646 0.015084192156791687 0.015079977922141552 0.015084748156368732 0.015080682933330536 0.015072793699800968 0.015061789192259312 0.015051621943712234 0.015051466412842274 0.015052815899252892 0.015052981674671173 0.015049961395561695 0.01504663284868002 0.01503061968833208 0.015035840682685375 0.01503324881196022 0.015039615333080292 0.015030479989945889 0.015034248121082783 0.015011081472039223 0.015022551640868187 0.01501750573515892 0.015004439279437065 0.015004393644630909 0.015003243461251259 0.015000908635556698 0.014992877840995789 0.014991041272878647 0.014986552298069 0.014985843561589718 0.01498711109161377 0.014987876638770103 0.014968588948249817 0.014976021833717823 0.014977047219872475 0.014961588196456432 0.014970827847719193 0.014964467845857143 0.014958033338189125 0.014965440146625042 
train_loss2_dep 17.3196964263916 16.99652099609375 15.619385719299316 14.013111114501953 11.942975044250488 10.161561012268066 9.176216125488281 8.532800674438477 8.276442527770996 8.189777374267578 8.325567245483398 8.30649185180664 8.123087882995605 7.964418888092041 7.805892467498779 7.57018518447876 7.410824298858643 7.153476238250732 7.152095317840576 7.039201259613037 7.035811901092529 6.752519130706787 6.648266792297363 6.678855895996094 6.602358341217041 6.391821384429932 6.4224419593811035 6.198366641998291 6.117538928985596 5.995197772979736 6.015002727508545 5.748972415924072 5.929496765136719 5.7569146156311035 5.694999694824219 5.6926679611206055 5.682568073272705 5.644355773925781 5.545938491821289 5.595141887664795 5.531452178955078 5.420459270477295 5.411155700683594 5.297215461730957 5.195401668548584 5.359189033508301 5.199415683746338 5.195576190948486 5.142059326171875 5.205020904541016 5.2487101554870605 5.2719597816467285 5.123363971710205 5.151303768157959 5.217103958129883 5.149402618408203 4.96650505065918 5.0371551513671875 5.0616044998168945 4.8017988204956055 4.956716060638428 4.891639232635498 4.957291126251221 5.021385192871094 4.818336486816406 4.933931350708008 4.919556617736816 4.833530902862549 4.710738182067871 4.755098342895508 4.5828728675842285 4.8648362159729 4.690683841705322 4.6244611740112305 4.7209014892578125 4.694532871246338 4.620075225830078 4.672171115875244 4.643505573272705 4.557074546813965 4.651134014129639 4.525200366973877 4.524231910705566 4.635690212249756 4.642958164215088 4.572528839111328 4.480942249298096 4.472663402557373 4.584522724151611 4.689988136291504 4.4867262840271 4.444674015045166 4.513962745666504 4.43505334854126 4.60579252243042 4.472510814666748 4.538732528686523 4.544540882110596 4.368368148803711 4.5785393714904785 4.648468494415283 4.664839267730713 4.491335868835449 4.4610490798950195 4.551946640014648 4.466618061065674 4.75129508972168 4.700761318206787 4.661893367767334 4.627982139587402 4.737543106079102 4.657670974731445 4.5615363121032715 4.554408550262451 4.571636199951172 4.518893718719482 4.5717668533325195 4.643063068389893 4.510239124298096 4.608709812164307 4.605128288269043 4.561816692352295 4.520761489868164 4.589484691619873 4.537694931030273 4.513819694519043 4.440823078155518 4.39094352722168 4.565433979034424 4.625613212585449 4.445606708526611 4.495728492736816 4.474114418029785 4.563272476196289 4.394557476043701 4.452306747436523 4.390472412109375 4.3427581787109375 4.402012348175049 4.406702041625977 4.4745330810546875 4.390328884124756 4.426192760467529 4.436557292938232 4.420589923858643 4.449429512023926 4.283762454986572 4.39536714553833 4.283315658569336 4.4033989906311035 4.300188064575195 4.3896002769470215 4.315946578979492 4.220021724700928 4.442054271697998 4.2643938064575195 4.256546497344971 4.339598655700684 4.360743999481201 4.223327159881592 4.3159708976745605 4.442338943481445 4.216399192810059 4.088442325592041 4.152002811431885 4.206953525543213 4.189450740814209 4.1643548011779785 4.137126922607422 4.081124782562256 4.195396423339844 4.24296760559082 4.187077522277832 4.086792945861816 4.203792572021484 4.1777729988098145 4.217679977416992 4.167730331420898 4.168542385101318 4.134275913238525 4.103045463562012 4.048038482666016 4.159573554992676 4.043261528015137 4.239604473114014 4.175114154815674 4.076081275939941 4.118749618530273 4.102019309997559 4.104628562927246 4.1256232261657715 4.148006916046143 4.162961959838867 4.11326789855957 4.114444732666016 4.09035587310791 4.042282581329346 4.051629066467285 4.065699100494385 4.080911159515381 
train_loss3_thi 13.56320858001709 13.043427467346191 12.747608184814453 12.023053169250488 11.019134521484375 10.058181762695312 9.396160125732422 8.534074783325195 8.104257583618164 7.76190710067749 7.7700371742248535 7.763291358947754 7.887036323547363 7.913753509521484 7.850221633911133 7.712334632873535 7.677975177764893 7.460168838500977 7.388355731964111 7.229086399078369 7.013166427612305 6.970260143280029 6.839564800262451 6.734936714172363 6.555459976196289 6.336719036102295 6.335193634033203 6.242889881134033 6.036993503570557 5.9734206199646 5.923166275024414 5.838352203369141 5.748969078063965 5.624778747558594 5.5636162757873535 5.634137153625488 5.434322834014893 5.402223110198975 5.504683971405029 5.3176493644714355 5.299643516540527 5.2256388664245605 5.1540985107421875 5.025354862213135 5.007625102996826 5.083559036254883 4.916644096374512 4.905221939086914 4.827307224273682 4.879310607910156 4.898050308227539 4.873447418212891 4.8709821701049805 4.6735711097717285 4.778524875640869 4.774701118469238 4.6379265785217285 4.604947566986084 4.669127941131592 4.510021686553955 4.5245208740234375 4.528066158294678 4.542713165283203 4.5376176834106445 4.445470809936523 4.527226448059082 4.442598819732666 4.518346786499023 4.442596912384033 4.2928667068481445 4.354751110076904 4.458898067474365 4.358120918273926 4.236821174621582 4.397811412811279 4.272046089172363 4.317568778991699 4.344955921173096 4.22777795791626 4.2700371742248535 4.2309956550598145 4.173675060272217 4.189182281494141 4.236818790435791 4.242734909057617 4.232491970062256 4.186058521270752 4.201425075531006 4.166018009185791 4.155129432678223 4.14067268371582 4.056484699249268 4.259073257446289 4.116507053375244 4.192689418792725 4.130782127380371 4.151949405670166 4.027284145355225 4.146050930023193 4.217663288116455 4.202150344848633 4.2069172859191895 4.341310024261475 4.140761375427246 4.313950538635254 4.239154815673828 4.314496994018555 4.318657875061035 4.338014125823975 4.2163567543029785 4.177041530609131 4.191235542297363 4.231353759765625 4.253380298614502 4.158799648284912 4.2364373207092285 4.1679158210754395 4.166381359100342 4.187482833862305 4.202568054199219 4.259655952453613 4.168237686157227 4.234999179840088 4.242491245269775 4.22899055480957 4.091078281402588 4.179729461669922 4.216982364654541 4.235989093780518 4.294484615325928 4.0981245040893555 4.181909084320068 4.185606002807617 4.182835102081299 4.05375337600708 4.126431465148926 4.0591936111450195 4.00039005279541 4.139233589172363 4.1684465408325195 4.238681793212891 4.113526821136475 4.119592666625977 4.160346984863281 4.082991600036621 4.139690399169922 4.154525279998779 4.0660624504089355 3.9639830589294434 4.166078090667725 3.9757027626037598 4.124936103820801 4.035520553588867 3.999603271484375 4.02512788772583 3.9713826179504395 4.034826755523682 3.9921982288360596 3.922443151473999 3.8556957244873047 4.038328647613525 4.054172039031982 3.94840145111084 3.939221143722534 3.971417188644409 3.9550461769104004 3.9790844917297363 3.876936435699463 3.898577928543091 3.9812138080596924 3.8955914974212646 3.967963218688965 3.969188928604126 3.9069366455078125 3.858250617980957 3.860642671585083 3.8947105407714844 3.9264838695526123 3.903777837753296 3.9095683097839355 3.917614698410034 3.8161799907684326 3.9158284664154053 3.80029034614563 3.864506721496582 3.8595974445343018 3.7823753356933594 3.861405611038208 3.8391640186309814 3.809739589691162 3.8091824054718018 3.7724177837371826 3.814452648162842 3.9014196395874023 3.8132834434509277 3.8307998180389404 3.8746514320373535 3.897122859954834 3.774120330810547 3.747706890106201 
validate_loss1 0.574317216873169 0.5651637315750122 0.5620999336242676 0.561876118183136 0.5608292818069458 0.5604888796806335 0.5605717301368713 0.5598885416984558 0.5585528612136841 0.5564712285995483 0.5559539794921875 0.5545313358306885 0.5540379285812378 0.5539620518684387 0.5539506077766418 0.5536858439445496 0.5542082190513611 0.553492546081543 0.5541952848434448 0.5536201000213623 0.553381085395813 0.5533701777458191 0.5535990595817566 0.5535793900489807 0.5535964369773865 0.5538466572761536 0.5537956953048706 0.5537344217300415 0.5541338920593262 0.5537993907928467 0.5538793802261353 0.5534745454788208 0.5540159344673157 0.5534407496452332 0.5536772608757019 0.5534802675247192 0.5533525347709656 0.5532149076461792 0.5539877414703369 0.553523063659668 0.5542859435081482 0.5536535978317261 0.5537545084953308 0.5536093711853027 0.5536735653877258 0.5537225008010864 0.5537816882133484 0.5536360740661621 0.5544677376747131 0.5536206364631653 0.5538326501846313 0.5543112754821777 0.5536068081855774 0.5536131858825684 0.5539568662643433 0.5539284944534302 0.5537437200546265 0.5537258386611938 0.5536156296730042 0.5542994141578674 0.5539652705192566 0.5540343523025513 0.5537527203559875 0.5535145998001099 0.5537559986114502 0.5536978840827942 0.5544129610061646 0.553841769695282 0.5539319515228271 0.5540013909339905 0.5545708537101746 0.5543612837791443 0.5541864037513733 0.5544399619102478 0.5542714595794678 0.5541714429855347 0.5542804002761841 0.5544693470001221 0.5544238090515137 0.5548126697540283 0.5540704727172852 0.554903507232666 0.5548273921012878 0.5547411441802979 0.5544779896736145 0.554923415184021 0.5557734966278076 0.5549994707107544 0.5545444488525391 0.5549455881118774 0.5547709465026855 0.5544072389602661 0.5543175339698792 0.5544378757476807 0.5548114776611328 0.554711639881134 0.5545939803123474 0.5540667176246643 0.5533459186553955 0.5534955859184265 0.5537947416305542 0.5530663728713989 0.5532848238945007 0.5522903203964233 0.5525356531143188 0.55186927318573 0.5524117946624756 0.5517707467079163 0.5521363615989685 0.5516756176948547 0.5511144995689392 0.5506777763366699 0.5512375831604004 0.5514525771141052 0.5510285496711731 0.5504328012466431 0.5496636033058167 0.5492019653320312 0.5493526458740234 0.5492419600486755 0.5470998883247375 0.5474191904067993 0.5462222099304199 0.5460472702980042 0.5454835891723633 0.5442880988121033 0.5439181923866272 0.5428882241249084 0.5438902974128723 0.5433163642883301 0.5425385236740112 0.5421856641769409 0.5424866676330566 0.5412985682487488 0.5408591032028198 0.5414546132087708 0.5398735404014587 0.5409096479415894 0.5394824147224426 0.5390930771827698 0.5395969152450562 0.5392794013023376 0.5393038988113403 0.5391649007797241 0.5394685864448547 0.5396909117698669 0.5397868752479553 0.5402540564537048 0.5391796231269836 0.539546012878418 0.5394346117973328 0.5398692488670349 0.5379456281661987 0.5390741229057312 0.5388110280036926 0.5381557941436768 0.538048267364502 0.5379683971405029 0.5390775203704834 0.5387359261512756 0.5384126901626587 0.538837730884552 0.5388476848602295 0.5391490459442139 0.5378988981246948 0.5385504961013794 0.5384204387664795 0.5387609601020813 0.5387616157531738 0.5378876328468323 0.5377880334854126 0.5384303331375122 0.5386026501655579 0.5385759472846985 0.5382832288742065 0.5388150811195374 0.5389464497566223 0.5384522080421448 0.5391085147857666 0.5390279293060303 0.5386468172073364 0.5379875898361206 0.5386208295822144 0.5380404591560364 0.5382983684539795 0.5379601716995239 0.538300633430481 0.5385000705718994 0.5387201309204102 0.5382367968559265 0.5383579730987549 0.5388796329498291 0.5388988256454468 0.5382086634635925 0.538527250289917 0.5388695001602173 0.5379589796066284 0.5389112830162048 0.5388156771659851 0.5383259654045105 
validate_loss2 0.5698748230934143 0.5373135805130005 0.5245727300643921 0.5224350094795227 0.5245232582092285 0.5420218110084534 0.5370321869850159 0.524539053440094 0.5131399035453796 0.5061621069908142 0.4991239905357361 0.5044278502464294 0.5045948028564453 0.4995381832122803 0.5078680515289307 0.5020970702171326 0.5044555068016052 0.5058369636535645 0.5110043287277222 0.5023518800735474 0.5089065432548523 0.5075109601020813 0.5089877843856812 0.501743495464325 0.4970642328262329 0.5018487572669983 0.5010247230529785 0.5007363557815552 0.5023640990257263 0.4997073709964752 0.49691760540008545 0.49883753061294556 0.49551472067832947 0.4908539056777954 0.49316734075546265 0.49898579716682434 0.4937662184238434 0.49237173795700073 0.4884375035762787 0.4888995289802551 0.49041464924812317 0.4890492260456085 0.4850113093852997 0.4855591952800751 0.48478561639785767 0.48921048641204834 0.48831695318222046 0.48587289452552795 0.49001336097717285 0.4852277934551239 0.48253124952316284 0.48854345083236694 0.4834858179092407 0.4833202362060547 0.4830580949783325 0.4855022430419922 0.4778260588645935 0.47961318492889404 0.4793274402618408 0.479215532541275 0.4778730869293213 0.4865102767944336 0.4806259572505951 0.48120561242103577 0.4777095317840576 0.48277774453163147 0.4808022081851959 0.47886374592781067 0.47752341628074646 0.4746705889701843 0.4785442650318146 0.4755227565765381 0.47732865810394287 0.4756973683834076 0.4743940234184265 0.47758376598358154 0.47879165410995483 0.47455501556396484 0.4756731688976288 0.47936877608299255 0.47885289788246155 0.47629135847091675 0.474702388048172 0.47559207677841187 0.47217854857444763 0.4733803868293762 0.47334471344947815 0.4789219796657562 0.4761579930782318 0.47636064887046814 0.4747045040130615 0.4737134575843811 0.4731145203113556 0.4727330803871155 0.4726202189922333 0.47122296690940857 0.4742377698421478 0.4715692698955536 0.4726090729236603 0.4728105664253235 0.47773274779319763 0.47458603978157043 0.47381192445755005 0.4754939675331116 0.47494375705718994 0.46877601742744446 0.4715370535850525 0.47196701169013977 0.47422146797180176 0.47145596146583557 0.47233152389526367 0.4704144597053528 0.4687757194042206 0.47116532921791077 0.46915125846862793 0.47005829215049744 0.4701692759990692 0.4696701765060425 0.4700241982936859 0.46901735663414 0.4671042561531067 0.46625497937202454 0.4663904905319214 0.468274861574173 0.4669942259788513 0.46409177780151367 0.4637337327003479 0.4625887870788574 0.4661533236503601 0.46451812982559204 0.46330180764198303 0.46501845121383667 0.4646684229373932 0.4634689390659332 0.4623224437236786 0.4639855623245239 0.46182429790496826 0.46199265122413635 0.4650072157382965 0.4646027088165283 0.46191564202308655 0.45926594734191895 0.4596151113510132 0.46294963359832764 0.46240144968032837 0.4620650112628937 0.4589349925518036 0.4598703980445862 0.46091899275779724 0.457587331533432 0.46177786588668823 0.463855504989624 0.464169979095459 0.46027106046676636 0.4574795365333557 0.4602218568325043 0.4596706032752991 0.4602322280406952 0.45792949199676514 0.46062466502189636 0.4598359763622284 0.46194764971733093 0.4617016315460205 0.462319940328598 0.46367141604423523 0.4611123502254486 0.46139031648635864 0.463991641998291 0.4599393904209137 0.461805522441864 0.4641321897506714 0.46207195520401 0.46141278743743896 0.45903801918029785 0.4641609489917755 0.4624980092048645 0.46244576573371887 0.46232056617736816 0.46221062541007996 0.4616846740245819 0.4580111801624298 0.4635714590549469 0.4598754644393921 0.46175339818000793 0.46125873923301697 0.4598745107650757 0.4618772864341736 0.4581628441810608 0.4578413665294647 0.4603042006492615 0.4573615491390228 0.4607146680355072 0.4576384127140045 0.4598276913166046 0.456191748380661 0.45786890387535095 0.4581005871295929 0.45793595910072327 0.4563586413860321 0.4581853449344635 
validate_loss3 0.43329015374183655 0.42218345403671265 0.4406435787677765 0.4478188455104828 0.44960328936576843 0.46244528889656067 0.46555835008621216 0.46578165888786316 0.4798906147480011 0.48121288418769836 0.4826599359512329 0.4790080785751343 0.48569729924201965 0.46560928225517273 0.474998414516449 0.4637185037136078 0.4621866047382355 0.45353177189826965 0.4618993401527405 0.454397052526474 0.4643322825431824 0.455548495054245 0.4577297270298004 0.455621600151062 0.449158638715744 0.45309343934059143 0.4569137394428253 0.4541342854499817 0.4568324089050293 0.45590636134147644 0.45789992809295654 0.45801404118537903 0.4562087953090668 0.45919251441955566 0.4568271338939667 0.46176809072494507 0.4618527889251709 0.4591422379016876 0.4536901116371155 0.4590025246143341 0.45634233951568604 0.4608634114265442 0.45794200897216797 0.45919057726860046 0.45825809240341187 0.45560362935066223 0.4590892791748047 0.4590570032596588 0.4571070969104767 0.45929092168807983 0.46158573031425476 0.4651300013065338 0.4578673541545868 0.46121835708618164 0.45735591650009155 0.4604032337665558 0.45882174372673035 0.4582649767398834 0.46280351281166077 0.45369261503219604 0.4528602957725525 0.4599039554595947 0.4560786783695221 0.4519599676132202 0.45329704880714417 0.47057244181632996 0.45811551809310913 0.4594859480857849 0.4569445550441742 0.454630047082901 0.460090309381485 0.45496752858161926 0.4579252302646637 0.45628225803375244 0.46157434582710266 0.46319958567619324 0.45790478587150574 0.45633256435394287 0.4566897749900818 0.4580579102039337 0.46647265553474426 0.45802029967308044 0.45839548110961914 0.4569791257381439 0.4597761631011963 0.4591442346572876 0.45317018032073975 0.4505730867385864 0.46177202463150024 0.45680558681488037 0.4579312801361084 0.4599023461341858 0.45912396907806396 0.4527014195919037 0.45698708295822144 0.45439210534095764 0.4590730667114258 0.4514572322368622 0.4569125771522522 0.45967647433280945 0.4624248445034027 0.45988863706588745 0.4558718204498291 0.45807814598083496 0.4610103964805603 0.45426028966903687 0.46029821038246155 0.45738616585731506 0.46334534883499146 0.4620469808578491 0.464721143245697 0.45868435502052307 0.45636576414108276 0.4571799337863922 0.45634254813194275 0.4564684331417084 0.46349307894706726 0.46229982376098633 0.4616806209087372 0.46037572622299194 0.4645700752735138 0.4626103639602661 0.4625698924064636 0.46156013011932373 0.4639476239681244 0.4618304669857025 0.45949167013168335 0.46229517459869385 0.46024665236473083 0.4584297835826874 0.4593566358089447 0.46288225054740906 0.4602184593677521 0.4597426652908325 0.45800039172172546 0.457722932100296 0.4523699879646301 0.4560447633266449 0.4538220465183258 0.4574052393436432 0.4523068070411682 0.45340514183044434 0.4543505311012268 0.4568730294704437 0.45610761642456055 0.4529949426651001 0.4541342854499817 0.4545367658138275 0.45594289898872375 0.4528058171272278 0.45438188314437866 0.4527643024921417 0.45208945870399475 0.45255833864212036 0.4493005871772766 0.44811683893203735 0.4496535658836365 0.45381486415863037 0.4466226398944855 0.45104485750198364 0.45307090878486633 0.45329296588897705 0.45261940360069275 0.45466023683547974 0.4527371823787689 0.449821412563324 0.4523516595363617 0.453814297914505 0.4488375186920166 0.448489248752594 0.4554394781589508 0.448911190032959 0.4470621347427368 0.4504612982273102 0.45139676332473755 0.4515714943408966 0.44794130325317383 0.45123031735420227 0.4507330656051636 0.44690459966659546 0.4487948715686798 0.450185626745224 0.45287835597991943 0.4521197974681854 0.4519115388393402 0.44949114322662354 0.45091819763183594 0.44897255301475525 0.4509637653827667 0.44984492659568787 0.447931706905365 0.45775532722473145 0.45140591263771057 0.4526468813419342 0.4495801329612732 0.44913506507873535 0.4505365192890167 0.44442668557167053 0.44551822543144226 0.45405468344688416 
validate_loss_all 0.5667295455932617 0.5561471581459045 0.5535281896591187 0.5535474419593811 0.5528115630149841 0.5541214346885681 0.5540629625320435 0.5527589321136475 0.5516459941864014 0.5494740009307861 0.5487074851989746 0.5475330352783203 0.5474479794502258 0.5460790395736694 0.5469956398010254 0.5458752512931824 0.5463942289352417 0.5454017519950867 0.5467262268066406 0.5453688502311707 0.5460041761398315 0.5454825162887573 0.545875608921051 0.5453595519065857 0.5448071360588074 0.5454807281494141 0.5455779433250427 0.5453709959983826 0.5459492802619934 0.5454606413841248 0.5454806089401245 0.5452266931533813 0.5454445481300354 0.5448283553123474 0.5450462698936462 0.5454260110855103 0.5450363159179688 0.544704020023346 0.5449199676513672 0.5447893738746643 0.5454220175743103 0.5450066328048706 0.5447399616241455 0.5447003245353699 0.5446711182594299 0.5448167324066162 0.5449948310852051 0.5447340607643127 0.545601487159729 0.5446979999542236 0.544861376285553 0.5457825064659119 0.5445240139961243 0.5446873903274536 0.5447904467582703 0.5450437068939209 0.544400155544281 0.5444490313529968 0.5445610880851746 0.5447180867195129 0.5443078279495239 0.5451667308807373 0.544417679309845 0.5440319180488586 0.5441328883171082 0.5452054738998413 0.5451198816299438 0.5445747375488281 0.544460654258728 0.5442622303962708 0.5452425479888916 0.5446457862854004 0.5447275042533875 0.5447900891304016 0.5448341965675354 0.5449894666671753 0.5448864102363586 0.5447604060173035 0.5447944402694702 0.5454015135765076 0.545128583908081 0.545322597026825 0.5451912879943848 0.5450894832611084 0.5448169708251953 0.545246958732605 0.5457149147987366 0.5451793074607849 0.5451796054840088 0.545304000377655 0.5451177358627319 0.5448380708694458 0.5446882843971252 0.5444605946540833 0.5450010299682617 0.5447124242782593 0.5449914932250977 0.5440069437026978 0.5436804294586182 0.5439621806144714 0.5446204543113708 0.5436784029006958 0.5436357855796814 0.5429385900497437 0.5432763695716858 0.5420277118682861 0.5429550409317017 0.5422567129135132 0.5429978370666504 0.5423775315284729 0.5420532822608948 0.5412606000900269 0.5415643453598022 0.5419197678565979 0.5413945913314819 0.5409122109413147 0.5405789613723755 0.5400791764259338 0.5402013063430786 0.539984941482544 0.538176953792572 0.5383208394050598 0.5372517704963684 0.5371401906013489 0.5366901159286499 0.5353619456291199 0.5348933935165405 0.5340532660484314 0.5350303053855896 0.5343399047851562 0.5336267948150635 0.5335773825645447 0.533693790435791 0.5325426459312439 0.5320014953613281 0.5326067805290222 0.5308080315589905 0.5319311618804932 0.5306934714317322 0.5305044651031494 0.5305613279342651 0.5301961302757263 0.5302835702896118 0.5304569005966187 0.5306624174118042 0.5306878089904785 0.5306714773178101 0.5311586260795593 0.5303189754486084 0.5303199887275696 0.5305128693580627 0.5309281349182129 0.5291847586631775 0.5300206542015076 0.5294791460037231 0.5289716720581055 0.5289236903190613 0.5290897488594055 0.5296080708503723 0.5296592712402344 0.529430627822876 0.5299312472343445 0.529893696308136 0.5302984714508057 0.5291497707366943 0.529456615447998 0.5294809341430664 0.5299936532974243 0.5295370221138 0.5288307070732117 0.5292105078697205 0.5293525457382202 0.5293813347816467 0.529405415058136 0.5294523239135742 0.5298527479171753 0.5297866463661194 0.5295009016990662 0.530059278011322 0.529769241809845 0.5293334722518921 0.5290960669517517 0.529609739780426 0.5291469693183899 0.5293425917625427 0.5288468599319458 0.5293264985084534 0.529218316078186 0.5294991135597229 0.5291348695755005 0.528998076915741 0.5301313400268555 0.529671311378479 0.529225766658783 0.5291728973388672 0.5295431613922119 0.5288075804710388 0.5293503999710083 0.5292383432388306 0.5293182134628296 
validate_loss1_vel 0.017229516059160233 0.01695491187274456 0.01686299778521061 0.016856282949447632 0.016824878752231598 0.016814665868878365 0.016817152500152588 0.01679665595293045 0.016756584867835045 0.01669413596391678 0.016678620129823685 0.016635939478874207 0.016621137037873268 0.016618860885500908 0.01661851815879345 0.01661057397723198 0.016626248136162758 0.016604777425527573 0.01662585884332657 0.016608603298664093 0.016601432114839554 0.01660110615193844 0.016607971861958504 0.016607381403446198 0.016607893630862236 0.016615400090813637 0.016613870859146118 0.016612032428383827 0.01662401668727398 0.016613982617855072 0.01661638170480728 0.016604235395789146 0.01662047766149044 0.016603222116827965 0.016610318794846535 0.016604406759142876 0.016600575298070908 0.016596447676420212 0.01661963202059269 0.016605691984295845 0.016628578305244446 0.01660960726439953 0.016612635925412178 0.016608281061053276 0.01661020703613758 0.016611674800515175 0.01661345176398754 0.016609081998467445 0.016634032130241394 0.016608618199825287 0.01661498099565506 0.016629338264465332 0.016608204692602158 0.01660839468240738 0.01661870628595352 0.016617855057120323 0.016612311825156212 0.016611775383353233 0.0166084673255682 0.01662898249924183 0.016618957743048668 0.016621030867099762 0.01661258190870285 0.01660543866455555 0.01661267876625061 0.01661093719303608 0.016632389277219772 0.016615252941846848 0.01661795750260353 0.01662004180252552 0.016637125983834267 0.016630837693810463 0.01662559248507023 0.016633199527859688 0.016628144308924675 0.016625143587589264 0.016628412529826164 0.016634080559015274 0.01663271337747574 0.01664438098669052 0.016622114926576614 0.016647106036543846 0.01664482243359089 0.016642233356833458 0.016634339466691017 0.01664770394563675 0.01667320542037487 0.016649983823299408 0.016636334359645844 0.016648367047309875 0.01664312742650509 0.016632217913866043 0.016629524528980255 0.016633136197924614 0.016644345596432686 0.016641348600387573 0.01663782075047493 0.01662200130522251 0.01660037599503994 0.016604866832494736 0.01661384291946888 0.016591990366578102 0.016598545014858246 0.016568711027503014 0.016576070338487625 0.01655607856810093 0.01657235249876976 0.0165531225502491 0.01656409166753292 0.016550268977880478 0.01653343439102173 0.016520334407687187 0.016537128016352654 0.01654357835650444 0.016530856490135193 0.016512984409928322 0.0164899080991745 0.016476059332489967 0.01648057997226715 0.016477258875966072 0.016412995755672455 0.0164225772023201 0.016386667266488075 0.016381418332457542 0.016364509239792824 0.016328642144799232 0.016317546367645264 0.01628664694726467 0.01631671003997326 0.016299491748213768 0.016276156529784203 0.016265571117401123 0.016274599358439445 0.01623895764350891 0.016225771978497505 0.01624363847076893 0.016196206212043762 0.01622729003429413 0.016184471547603607 0.01617279089987278 0.01618790812790394 0.016178380697965622 0.016179118305444717 0.01617494784295559 0.01618405617773533 0.016190726310014725 0.016193605959415436 0.0162076223641634 0.016175389289855957 0.01618638075888157 0.0161830373108387 0.016196077689528465 0.016138369217514992 0.016172224655747414 0.016164330765604973 0.01614467427134514 0.01614144816994667 0.01613905094563961 0.016172325238585472 0.016162076964974403 0.016152381896972656 0.016165131703019142 0.01616542972624302 0.016174471005797386 0.01613696850836277 0.0161565151065588 0.01615261286497116 0.016162829473614693 0.016162848100066185 0.01613662764430046 0.016133641824126244 0.016152910888195038 0.016158079728484154 0.016157278791069984 0.01614849641919136 0.016164451837539673 0.016168393194675446 0.016153566539287567 0.01617325469851494 0.016170836985111237 0.016159405931830406 0.016139626502990723 0.01615862548351288 0.016141213476657867 0.016148950904607773 0.016138805076479912 0.016149017959833145 0.016155002638697624 0.0161616038531065 0.016147103160619736 0.016150739043951035 0.016166388988494873 0.016166964545845985 0.016146259382367134 0.016155816614627838 0.01616608537733555 0.016138769686222076 0.01616733893752098 0.016164470463991165 0.01614977978169918 
validate_loss2_dep 17.09624481201172 16.119407653808594 15.737181663513184 15.673050880432129 15.735698699951172 16.26065444946289 16.110965728759766 15.736170768737793 15.394196510314941 15.18486213684082 14.973719596862793 15.13283634185791 15.137843132019043 14.986145973205566 15.236042022705078 15.062911987304688 15.133666038513184 15.175108909606934 15.330129623413086 15.070555686950684 15.267195701599121 15.225329399108887 15.269634246826172 15.052305221557617 14.911927223205566 15.055462837219238 15.030742645263672 15.022089958190918 15.070921897888184 14.99122142791748 14.907527923583984 14.965126037597656 14.865442276000977 14.725617408752441 14.79502010345459 14.969573974609375 14.812986373901367 14.77115249633789 14.653124809265137 14.666985511779785 14.71243953704834 14.671476364135742 14.550339698791504 14.566776275634766 14.54356861114502 14.676314353942871 14.649508476257324 14.576187133789062 14.700401306152344 14.556833267211914 14.475937843322754 14.656303405761719 14.504573822021484 14.49960708618164 14.491743087768555 14.565067291259766 14.334782600402832 14.388395309448242 14.379823684692383 14.376465797424316 14.336193084716797 14.595308303833008 14.418778419494629 14.436168670654297 14.331286430358887 14.483332633972168 14.424066543579102 14.365912437438965 14.325701713562012 14.240118026733398 14.356328010559082 14.2656831741333 14.319859504699707 14.270920753479004 14.231820106506348 14.327513694763184 14.363749504089355 14.236650466918945 14.270195007324219 14.381063461303711 14.36558723449707 14.288741111755371 14.241071701049805 14.267762184143066 14.165356636047363 14.201411247253418 14.20034122467041 14.367658615112305 14.284740447998047 14.29081916809082 14.241134643554688 14.211403846740723 14.193435668945312 14.181991577148438 14.178606033325195 14.136689186096191 14.227133750915527 14.147078514099121 14.178272247314453 14.184316635131836 14.331982612609863 14.237580299377441 14.214357376098633 14.264819145202637 14.248312950134277 14.063281059265137 14.146111488342285 14.15900993347168 14.226643562316895 14.143678665161133 14.16994571685791 14.112434387207031 14.063271522521973 14.134960174560547 14.07453727722168 14.1017484664917 14.10507869720459 14.090105056762695 14.100725173950195 14.070520401000977 14.013127326965332 13.987648963928223 13.991714477539062 14.048245429992676 14.009827613830566 13.92275333404541 13.912012100219727 13.877663612365723 13.984599113464355 13.93554401397705 13.899053573608398 13.950553894042969 13.940052032470703 13.904067993164062 13.869673728942871 13.919567108154297 13.854729652404785 13.859779357910156 13.950216293334961 13.938080787658691 13.85746955871582 13.777978897094727 13.788453102111816 13.88848876953125 13.872042655944824 13.861950874328613 13.768049240112305 13.796112060546875 13.827569961547852 13.727619171142578 13.853336334228516 13.915665626525879 13.92509937286377 13.80813217163086 13.724386215209961 13.806655883789062 13.790118217468262 13.806966781616211 13.737884521484375 13.818739891052246 13.795079231262207 13.858429908752441 13.851049423217773 13.869598388671875 13.91014289855957 13.833370208740234 13.84170913696289 13.91974925994873 13.798181533813477 13.854165077209473 13.923966407775879 13.862157821655273 13.84238338470459 13.771140098571777 13.92482852935791 13.874939918518066 13.873373031616211 13.869616508483887 13.866318702697754 13.850540161132812 13.740335464477539 13.907143592834473 13.796263694763184 13.852602005004883 13.837761878967285 13.796235084533691 13.856318473815918 13.744884490966797 13.735240936279297 13.809125900268555 13.720847129821777 13.821439743041992 13.729151725769043 13.794831275939941 13.685751914978027 13.736067771911621 13.74301815032959 13.738079071044922 13.690759658813477 13.745560646057129 
validate_loss3_thi 12.99870491027832 12.66550350189209 13.219307899475098 13.434564590454102 13.488099098205566 13.873358726501465 13.966751098632812 13.97344970703125 14.396718978881836 14.436386108398438 14.479798316955566 14.37024211883545 14.570919036865234 13.968278884887695 14.24995231628418 13.911555290222168 13.86559772491455 13.605953216552734 13.856980323791504 13.631911277770996 13.929967880249023 13.666454315185547 13.731891632080078 13.668647766113281 13.474759101867676 13.592803955078125 13.707412719726562 13.624029159545898 13.704972267150879 13.677190780639648 13.736997604370117 13.740421295166016 13.686264038085938 13.775775909423828 13.704813957214355 13.853042602539062 13.855583190917969 13.774267196655273 13.610703468322754 13.770075798034668 13.69027042388916 13.825901985168457 13.738260269165039 13.775716781616211 13.747742652893066 13.668108940124512 13.77267837524414 13.771709442138672 13.713212966918945 13.778727531433105 13.84757137298584 13.953900337219238 13.736021041870117 13.83655071258545 13.720677375793457 13.812097549438477 13.764652252197266 13.747949600219727 13.884105682373047 13.61077880859375 13.585808753967285 13.797119140625 13.682360649108887 13.558798789978027 13.59891128540039 14.117173194885254 13.7434663772583 13.784579277038574 13.708335876464844 13.638901710510254 13.802709579467773 13.649025917053223 13.737757682800293 13.688467979431152 13.847229957580566 13.895988464355469 13.737143516540527 13.689977645874023 13.700693130493164 13.741737365722656 13.994179725646973 13.740609169006348 13.751864433288574 13.70937442779541 13.79328441619873 13.77432632446289 13.595105171203613 13.517192840576172 13.853160858154297 13.704167366027832 13.737937927246094 13.797070503234863 13.773719787597656 13.581042289733887 13.709612846374512 13.631763458251953 13.772192001342773 13.543717384338379 13.707377433776855 13.790294647216797 13.872745513916016 13.796658515930176 13.676155090332031 13.74234390258789 13.83031177520752 13.627808570861816 13.808945655822754 13.721585273742676 13.900361061096191 13.861409187316895 13.941634178161621 13.760531425476074 13.690973281860352 13.715397834777832 13.690276145935059 13.694052696228027 13.904792785644531 13.86899471282959 13.850419044494629 13.811271667480469 13.937102317810059 13.878310203552246 13.877097129821777 13.84680461883545 13.918428421020508 13.854913711547852 13.784749984741211 13.868855476379395 13.80739974975586 13.752894401550293 13.780698776245117 13.886467933654785 13.806553840637207 13.792279243469238 13.740011215209961 13.731687545776367 13.571099281311035 13.681343078613281 13.614662170410156 13.722156524658203 13.569204330444336 13.602153778076172 13.630516052246094 13.706191062927246 13.683228492736816 13.589847564697266 13.624029159545898 13.636102676391602 13.6782865524292 13.584174156188965 13.63145637512207 13.582929611206055 13.562684059143066 13.576749801635742 13.47901725769043 13.44350528717041 13.489607810974121 13.614446640014648 13.39867877960205 13.53134536743164 13.592127799987793 13.59878921508789 13.578581809997559 13.63980770111084 13.58211612701416 13.49464225769043 13.570549964904785 13.614428520202637 13.46512508392334 13.454676628112793 13.66318416595459 13.46733570098877 13.411863327026367 13.513838768005371 13.541902542114258 13.547144889831543 13.438239097595215 13.536910057067871 13.521991729736328 13.407137870788574 13.463846206665039 13.505568504333496 13.586350440979004 13.563593864440918 13.55734634399414 13.484734535217285 13.527545928955078 13.46917724609375 13.528913497924805 13.49534797668457 13.43795108795166 13.732660293579102 13.542177200317383 13.57940673828125 13.487403869628906 13.474051475524902 13.516096115112305 13.332799911499023 13.365547180175781 13.6216402053833 
