step 0 1 2 3 4 5 6 7 8 9 10 11 12 13 14 15 16 17 18 19 20 21 22 23 24 25 26 27 28 29 30 31 32 33 34 35 36 37 38 39 40 41 42 43 44 45 46 47 48 49 50 51 52 53 54 55 56 57 58 59 60 61 62 63 64 65 66 67 68 69 70 71 72 73 74 75 76 77 78 79 80 81 82 83 84 85 86 87 88 89 90 91 92 93 94 95 96 97 98 99 100 101 102 103 104 105 106 107 108 109 110 111 112 113 114 115 116 117 118 119 120 121 122 123 124 125 126 127 128 129 130 131 132 133 134 135 136 137 138 139 140 141 142 143 144 145 146 147 148 149 150 151 152 153 154 155 156 157 158 159 160 161 162 163 164 165 166 167 168 169 170 171 172 173 174 175 176 177 178 179 180 181 182 183 184 185 186 187 188 189 190 191 192 193 194 195 196 197 198 199 
train_loss1 0.5091879963874817 0.41423413157463074 0.3582803010940552 0.32751142978668213 0.3063165545463562 0.29015839099884033 0.27635109424591064 0.26175937056541443 0.2470633089542389 0.2322000414133072 0.2198934257030487 0.20898738503456116 0.20028391480445862 0.1932118982076645 0.189162477850914 0.18486934900283813 0.182061567902565 0.17922379076480865 0.17671124637126923 0.1753861904144287 0.17281749844551086 0.17180955410003662 0.1699809730052948 0.16927149891853333 0.16799919307231903 0.16660939157009125 0.16580188274383545 0.1661481261253357 0.16445572674274445 0.16386428475379944 0.16295678913593292 0.16310302913188934 0.1615523099899292 0.16203570365905762 0.16082239151000977 0.16030079126358032 0.1599387377500534 0.15985813736915588 0.15901856124401093 0.1588352918624878 0.15799541771411896 0.15826305747032166 0.15762805938720703 0.1579827517271042 0.15701358020305634 0.15742099285125732 0.1566091924905777 0.15643171966075897 0.1557358354330063 0.15590539574623108 0.15565615892410278 0.15527638792991638 0.1551172286272049 0.1545644849538803 0.15474237501621246 0.15444546937942505 0.15403391420841217 0.15381556749343872 0.1535641849040985 0.1532880663871765 0.15289610624313354 0.15306510031223297 0.153255894780159 0.15269170701503754 0.1525946855545044 0.1528278887271881 0.15329712629318237 0.1518854796886444 0.15220192074775696 0.1519937813282013 0.1514299362897873 0.15140196681022644 0.15147018432617188 0.1514042466878891 0.1517002433538437 0.1510167419910431 0.1508815735578537 0.1510758399963379 0.1510324627161026 0.15022750198841095 0.15035729110240936 0.14969582855701447 0.14995057880878448 0.14943324029445648 0.14964158833026886 0.14992772042751312 0.15022875368595123 0.15000365674495697 0.14902253448963165 0.14934729039669037 0.1491369903087616 0.14870920777320862 0.14923498034477234 0.14934590458869934 0.14885826408863068 0.14906111359596252 0.14866316318511963 0.1489790380001068 0.14826475083827972 0.14865423738956451 0.1475701630115509 0.14796794950962067 0.14820891618728638 0.1478210836648941 0.14784428477287292 0.14737342298030853 0.14746683835983276 0.14706160128116608 0.14660358428955078 0.14651958644390106 0.14709827303886414 0.14723117649555206 0.14679326117038727 0.14674890041351318 0.14668335020542145 0.14688146114349365 0.14579744637012482 0.14613445103168488 0.14626358449459076 0.14538441598415375 0.14671273529529572 0.1461356282234192 0.14560054242610931 0.14602531492710114 0.1457826942205429 0.1459570825099945 0.14532344043254852 0.14573310315608978 0.14557500183582306 0.14532437920570374 0.14547814428806305 0.14476406574249268 0.1451466828584671 0.14503657817840576 0.14527617394924164 0.1443784385919571 0.14491680264472961 0.14438284933567047 0.14485329389572144 0.14438046514987946 0.14447663724422455 0.1436794251203537 0.1440419703722 0.1437804400920868 0.14402936398983002 0.14413025975227356 0.1436185985803604 0.14392545819282532 0.14351172745227814 0.14359454810619354 0.1430424600839615 0.14335928857326508 0.14293573796749115 0.14300060272216797 0.1429060697555542 0.1434776335954666 0.143203467130661 0.1428823620080948 0.1425127387046814 0.14327383041381836 0.14217515289783478 0.14254100620746613 0.1421702653169632 0.14238303899765015 0.14216166734695435 0.1416902244091034 0.14221090078353882 0.142085999250412 0.14198772609233856 0.14250385761260986 0.14138902723789215 0.14132899045944214 0.1422024667263031 0.14196991920471191 0.141616091132164 0.14117860794067383 0.1412920355796814 0.1414281278848648 0.14140433073043823 0.14180192351341248 0.141459658741951 0.14137937128543854 0.14151668548583984 0.1412631720304489 0.14094747602939606 0.14036737382411957 0.14060130715370178 0.14078719913959503 0.14065293967723846 0.1406317502260208 0.1402098387479782 0.14065755903720856 0.1398540735244751 0.14057524502277374 0.13996125757694244 0.13984526693820953 0.14002028107643127 0.13945253193378448 0.14009559154510498 0.13975732028484344 
train_loss2 0.3987022638320923 0.3299931287765503 0.29901939630508423 0.2649189829826355 0.2316763699054718 0.2000696212053299 0.17444036900997162 0.15393146872520447 0.1406673938035965 0.12417349219322205 0.11488175392150879 0.10450629889965057 0.09703053534030914 0.09212500602006912 0.0878567099571228 0.08316321671009064 0.0794181302189827 0.0768522098660469 0.07280503213405609 0.0713086649775505 0.0696834847331047 0.06754139810800552 0.06565742939710617 0.06502382457256317 0.06261955201625824 0.06273423135280609 0.06149463355541229 0.05920041352510452 0.05943606048822403 0.058101192116737366 0.058063849806785583 0.05729864165186882 0.05636042356491089 0.055083874613046646 0.054481133818626404 0.05342552438378334 0.05387827754020691 0.05293285846710205 0.052403151988983154 0.052094705402851105 0.05102108046412468 0.050971951335668564 0.05014011263847351 0.050299353897571564 0.049943745136260986 0.05024484544992447 0.04883117601275444 0.04877692088484764 0.048314232379198074 0.047082751989364624 0.04766140505671501 0.04692380130290985 0.046879205852746964 0.046789489686489105 0.04670874401926994 0.04608558863401413 0.04612695425748825 0.04569480940699577 0.045336317270994186 0.0457124300301075 0.04523848742246628 0.04474322125315666 0.04412334784865379 0.04455010965466499 0.0445527508854866 0.04412632808089256 0.04381902515888214 0.04393395408987999 0.043789658695459366 0.04290783777832985 0.04389326646924019 0.043490197509527206 0.04277857020497322 0.042952265590429306 0.04167834669351578 0.04201746731996536 0.04221199080348015 0.04235904663801193 0.04193807393312454 0.0409541055560112 0.041753605008125305 0.04140721261501312 0.0414692685008049 0.04093847796320915 0.04126090928912163 0.04113653302192688 0.04064355790615082 0.041197240352630615 0.04112701490521431 0.04030163586139679 0.04117398336529732 0.039958931505680084 0.04024186357855797 0.04051843658089638 0.03950319066643715 0.03932515159249306 0.040333159267902374 0.03934323415160179 0.03947959840297699 0.03961149603128433 0.039150651544332504 0.039109282195568085 0.039418090134859085 0.039168525487184525 0.039210524410009384 0.03926010802388191 0.038762979209423065 0.03866107761859894 0.038726359605789185 0.03870246559381485 0.03824407234787941 0.038452181965112686 0.037811264395713806 0.0382964052259922 0.03836951032280922 0.038869913667440414 0.03826173022389412 0.03843618184328079 0.038267552852630615 0.038498714566230774 0.03726455941796303 0.037738896906375885 0.03797630965709686 0.037461213767528534 0.0376841202378273 0.037468042224645615 0.037613026797771454 0.03792228177189827 0.03687984496355057 0.037271540611982346 0.03706780821084976 0.036927931010723114 0.03762654960155487 0.03714035451412201 0.037267934530973434 0.037022098898887634 0.03742245212197304 0.03665224462747574 0.036554496735334396 0.03698645159602165 0.03633297607302666 0.036900442093610764 0.036206260323524475 0.03650517016649246 0.03670332580804825 0.036176297813653946 0.036646224558353424 0.03615352511405945 0.03624098375439644 0.036414217203855515 0.036378584802150726 0.036569736897945404 0.035942692309617996 0.03615889698266983 0.036762140691280365 0.03587842360138893 0.035823650658130646 0.03576895594596863 0.0361214317381382 0.03631735220551491 0.03618006035685539 0.035908132791519165 0.03583662584424019 0.035667434334754944 0.03577812388539314 0.0353432297706604 0.035548463463783264 0.03587187081575394 0.03569142892956734 0.03555593639612198 0.035020966082811356 0.035430826246738434 0.035302117466926575 0.03514925390481949 0.035342663526535034 0.03560802713036537 0.03546074777841568 0.035319216549396515 0.0356457345187664 0.0352923721075058 0.0348769873380661 0.03520072251558304 0.03511955589056015 0.034628212451934814 0.03497990965843201 0.034973446279764175 0.03443039953708649 0.0345550961792469 0.035108450800180435 0.035415034741163254 0.03482026979327202 0.03478829935193062 0.034682199358940125 0.03478194400668144 0.03473775088787079 0.03412100672721863 0.03453175723552704 0.03412298858165741 0.03422314673662186 0.0349494144320488 
train_loss3 0.42772483825683594 0.4017764627933502 0.3796272575855255 0.35673949122428894 0.33062732219696045 0.2966283857822418 0.2555016279220581 0.2182539701461792 0.19195501506328583 0.17058497667312622 0.15173114836215973 0.13781729340553284 0.12531177699565887 0.1149478405714035 0.1094854548573494 0.10398705303668976 0.09847763180732727 0.09412983804941177 0.09017373621463776 0.08574160188436508 0.08486372232437134 0.08142135292291641 0.0790703073143959 0.07702328264713287 0.07580558955669403 0.07381991297006607 0.072880320250988 0.07135339081287384 0.07170425355434418 0.06963687390089035 0.06744596362113953 0.06716814637184143 0.06617178022861481 0.06451030820608139 0.06379050016403198 0.06462807953357697 0.06335970014333725 0.06194223091006279 0.06060599908232689 0.06111215054988861 0.05930813401937485 0.05926501005887985 0.05962945520877838 0.058211762458086014 0.05757783725857735 0.057254258543252945 0.05703585222363472 0.05574556812644005 0.05547364428639412 0.05422849580645561 0.05460526421666145 0.05347398295998573 0.05386636406183243 0.05385478213429451 0.053180031478405 0.053683020174503326 0.05244506523013115 0.052856821566820145 0.052374668419361115 0.05198025330901146 0.050708044320344925 0.051763810217380524 0.050930529832839966 0.05070784315466881 0.04983679950237274 0.05064382031559944 0.04975965619087219 0.050513554364442825 0.04952047020196915 0.049289993941783905 0.04955446720123291 0.04907013103365898 0.04851970076560974 0.04861833527684212 0.04737676680088043 0.04767198860645294 0.048063725233078 0.047518812119960785 0.04775650426745415 0.04690586403012276 0.04680294916033745 0.04718146100640297 0.047302160412073135 0.04672320559620857 0.0467897430062294 0.04547795280814171 0.0453936867415905 0.04600061848759651 0.045362718403339386 0.04505511745810509 0.04594925418496132 0.044965386390686035 0.044772665947675705 0.044115349650382996 0.044849880039691925 0.044740743935108185 0.045218367129564285 0.044429272413253784 0.044547755271196365 0.044775813817977905 0.0445588193833828 0.04384296014904976 0.0437072329223156 0.04373088479042053 0.04344792664051056 0.04272371530532837 0.04328792169690132 0.04395328462123871 0.04306672886013985 0.04373493418097496 0.04244689270853996 0.04261808097362518 0.04301441088318825 0.04226842150092125 0.04230262339115143 0.0426374152302742 0.04205142706632614 0.042261138558387756 0.04200799763202667 0.0424061194062233 0.04215274751186371 0.042149126529693604 0.04174121841788292 0.041519895195961 0.04182920232415199 0.04191523417830467 0.04168084263801575 0.041524339467287064 0.04186035692691803 0.041459184139966965 0.04062030464410782 0.041359998285770416 0.04163217172026634 0.04103011637926102 0.041281960904598236 0.04011958837509155 0.0406193807721138 0.041044045239686966 0.04074959456920624 0.04076613485813141 0.040026213973760605 0.04036296531558037 0.04022294282913208 0.04032466933131218 0.04015783965587616 0.04031291604042053 0.04025471210479736 0.03991031274199486 0.03969062119722366 0.040005967020988464 0.040214285254478455 0.03948846831917763 0.03967661038041115 0.03983199968934059 0.03981894254684448 0.0401325561106205 0.03945652022957802 0.03931174799799919 0.03963233903050423 0.03957255929708481 0.03910068795084953 0.038577303290367126 0.038518279790878296 0.03964054211974144 0.03874104842543602 0.039247941225767136 0.038959767669439316 0.038798872381448746 0.03912483528256416 0.03851795196533203 0.038424473255872726 0.039389513432979584 0.03865092620253563 0.038109928369522095 0.03797993063926697 0.03819863125681877 0.037826746702194214 0.03824816644191742 0.03822346776723862 0.038504283875226974 0.03864964842796326 0.03802093490958214 0.03731657564640045 0.037888091057538986 0.037545181810855865 0.0377684012055397 0.03747623413801193 0.038003094494342804 0.03793464973568916 0.03833606466650963 0.037614818662405014 0.03718045353889465 0.03744475916028023 0.03740711882710457 0.03710130602121353 0.0371982641518116 0.03758249059319496 0.03696030378341675 0.037761617451906204 0.037175003439188004 
train_loss_all 0.4988810122013092 0.40902814269065857 0.3563706874847412 0.325973778963089 0.30393844842910767 0.28603729605674744 0.27021336555480957 0.2542693316936493 0.23914532363414764 0.22403664886951447 0.21164856851100922 0.20074144005775452 0.19202062487602234 0.18497416377067566 0.18091963231563568 0.17663182318210602 0.17374783754348755 0.1709117740392685 0.16835445165634155 0.16695213317871094 0.16450387239456177 0.16341377794742584 0.16160336136817932 0.16087138652801514 0.1595994234085083 0.1582561731338501 0.1574515998363495 0.15768060088157654 0.15612201392650604 0.15548738837242126 0.154585599899292 0.1546977460384369 0.15320928394794464 0.15359023213386536 0.15243031084537506 0.15194353461265564 0.1515844315290451 0.15145531296730042 0.15063057839870453 0.15046560764312744 0.14961889386177063 0.1498662829399109 0.14926660060882568 0.1495673954486847 0.14864258468151093 0.1490209400653839 0.14823156595230103 0.1480361521244049 0.14737235009670258 0.14747978746891022 0.1472664624452591 0.1468738168478012 0.14673295617103577 0.14621545374393463 0.14636534452438354 0.14608755707740784 0.14567790925502777 0.14547494053840637 0.14522352814674377 0.14496450126171112 0.1445634663105011 0.14473409950733185 0.14488358795642853 0.14436012506484985 0.1442517638206482 0.1444782316684723 0.14489270746707916 0.14359252154827118 0.1438649594783783 0.1436503529548645 0.14314690232276917 0.14310374855995178 0.14314377307891846 0.143087238073349 0.14331701397895813 0.14269031584262848 0.142575204372406 0.14274843037128448 0.1427052766084671 0.14192001521587372 0.14205293357372284 0.1414365917444229 0.14167793095111847 0.14117436110973358 0.14137576520442963 0.14161573350429535 0.14188699424266815 0.14169763028621674 0.14076782763004303 0.14105138182640076 0.14088673889636993 0.14044781029224396 0.14094014465808868 0.141036257147789 0.14057733118534088 0.14076188206672668 0.14041587710380554 0.14067967236042023 0.14001673460006714 0.14038710296154022 0.13936252892017365 0.13972018659114838 0.13994796574115753 0.1395818591117859 0.1395990401506424 0.13914667069911957 0.13923603296279907 0.13886795938014984 0.13842467963695526 0.13835811614990234 0.13886786997318268 0.13899855315685272 0.1385861039161682 0.13853897154331207 0.13847951591014862 0.1386789083480835 0.13764525949954987 0.13796685636043549 0.13808023929595947 0.13726955652236938 0.13848653435707092 0.13795462250709534 0.13745102286338806 0.1378358155488968 0.13761810958385468 0.13777919113636017 0.13718505203723907 0.13757017254829407 0.1374117136001587 0.1371764987707138 0.1373022347688675 0.13664549589157104 0.13701918721199036 0.13689777255058289 0.13712823390960693 0.13626471161842346 0.13678312301635742 0.1362791508436203 0.1367122083902359 0.13627733290195465 0.13634398579597473 0.13561351597309113 0.13593903183937073 0.1357010006904602 0.13593395054340363 0.1360226720571518 0.13555070757865906 0.13582384586334229 0.1354345977306366 0.13552020490169525 0.13500714302062988 0.13529378175735474 0.13489113748073578 0.13495786488056183 0.13487884402275085 0.13540469110012054 0.13513579964637756 0.1348322182893753 0.13449768722057343 0.13521133363246918 0.13417382538318634 0.13450270891189575 0.13415393233299255 0.13436943292617798 0.1341487318277359 0.13370980322360992 0.13419489562511444 0.1340804398059845 0.1339912861585617 0.13446147739887238 0.13340909779071808 0.133375883102417 0.13417793810367584 0.13394901156425476 0.13361893594264984 0.13321764767169952 0.13331516087055206 0.1334472894668579 0.13342973589897156 0.13380075991153717 0.13347674906253815 0.13339604437351227 0.1335114985704422 0.1332763284444809 0.13298077881336212 0.13244189321994781 0.13264743983745575 0.13283200562000275 0.13271383941173553 0.13270559906959534 0.13228963315486908 0.13270063698291779 0.1319519430398941 0.13262730836868286 0.13204734027385712 0.13193099200725555 0.13210737705230713 0.13155977427959442 0.13217608630657196 0.1318611204624176 
train_loss_back 0.4988810122013092 0.40902814269065857 0.3563706874847412 0.325973778963089 0.30393844842910767 0.28603729605674744 0.27021336555480957 0.2542693316936493 0.23914532363414764 0.22403664886951447 0.21164856851100922 0.20074144005775452 0.19202062487602234 0.18497416377067566 0.18091963231563568 0.17663182318210602 0.17374783754348755 0.1709117740392685 0.16835445165634155 0.16695213317871094 0.16450387239456177 0.16341377794742584 0.16160336136817932 0.16087138652801514 0.1595994234085083 0.1582561731338501 0.1574515998363495 0.15768060088157654 0.15612201392650604 0.15548738837242126 0.154585599899292 0.1546977460384369 0.15320928394794464 0.15359023213386536 0.15243031084537506 0.15194353461265564 0.1515844315290451 0.15145531296730042 0.15063057839870453 0.15046560764312744 0.14961889386177063 0.1498662829399109 0.14926660060882568 0.1495673954486847 0.14864258468151093 0.1490209400653839 0.14823156595230103 0.1480361521244049 0.14737235009670258 0.14747978746891022 0.1472664624452591 0.1468738168478012 0.14673295617103577 0.14621545374393463 0.14636534452438354 0.14608755707740784 0.14567790925502777 0.14547494053840637 0.14522352814674377 0.14496450126171112 0.1445634663105011 0.14473409950733185 0.14488358795642853 0.14436012506484985 0.1442517638206482 0.1444782316684723 0.14489270746707916 0.14359252154827118 0.1438649594783783 0.1436503529548645 0.14314690232276917 0.14310374855995178 0.14314377307891846 0.143087238073349 0.14331701397895813 0.14269031584262848 0.142575204372406 0.14274843037128448 0.1427052766084671 0.14192001521587372 0.14205293357372284 0.1414365917444229 0.14167793095111847 0.14117436110973358 0.14137576520442963 0.14161573350429535 0.14188699424266815 0.14169763028621674 0.14076782763004303 0.14105138182640076 0.14088673889636993 0.14044781029224396 0.14094014465808868 0.141036257147789 0.14057733118534088 0.14076188206672668 0.14041587710380554 0.14067967236042023 0.14001673460006714 0.14038710296154022 0.13936252892017365 0.13972018659114838 0.13994796574115753 0.1395818591117859 0.1395990401506424 0.13914667069911957 0.13923603296279907 0.13886795938014984 0.13842467963695526 0.13835811614990234 0.13886786997318268 0.13899855315685272 0.1385861039161682 0.13853897154331207 0.13847951591014862 0.1386789083480835 0.13764525949954987 0.13796685636043549 0.13808023929595947 0.13726955652236938 0.13848653435707092 0.13795462250709534 0.13745102286338806 0.1378358155488968 0.13761810958385468 0.13777919113636017 0.13718505203723907 0.13757017254829407 0.1374117136001587 0.1371764987707138 0.1373022347688675 0.13664549589157104 0.13701918721199036 0.13689777255058289 0.13712823390960693 0.13626471161842346 0.13678312301635742 0.1362791508436203 0.1367122083902359 0.13627733290195465 0.13634398579597473 0.13561351597309113 0.13593903183937073 0.1357010006904602 0.13593395054340363 0.1360226720571518 0.13555070757865906 0.13582384586334229 0.1354345977306366 0.13552020490169525 0.13500714302062988 0.13529378175735474 0.13489113748073578 0.13495786488056183 0.13487884402275085 0.13540469110012054 0.13513579964637756 0.1348322182893753 0.13449768722057343 0.13521133363246918 0.13417382538318634 0.13450270891189575 0.13415393233299255 0.13436943292617798 0.1341487318277359 0.13370980322360992 0.13419489562511444 0.1340804398059845 0.1339912861585617 0.13446147739887238 0.13340909779071808 0.133375883102417 0.13417793810367584 0.13394901156425476 0.13361893594264984 0.13321764767169952 0.13331516087055206 0.1334472894668579 0.13342973589897156 0.13380075991153717 0.13347674906253815 0.13339604437351227 0.1335114985704422 0.1332763284444809 0.13298077881336212 0.13244189321994781 0.13264743983745575 0.13283200562000275 0.13271383941173553 0.13270559906959534 0.13228963315486908 0.13270063698291779 0.1319519430398941 0.13262730836868286 0.13204734027385712 0.13193099200725555 0.13210737705230713 0.13155977427959442 0.13217608630657196 0.1318611204624176 
train_loss1_vel 0.015275640413165092 0.01242702454328537 0.010748409666121006 0.009825343266129494 0.009189496748149395 0.00870475172996521 0.008290532976388931 0.007852780632674694 0.007411899510771036 0.006966001354157925 0.006596802733838558 0.006269621662795544 0.00600851746276021 0.005796356592327356 0.005674874410033226 0.005546080879867077 0.005461846943944693 0.005376713816076517 0.005301337223500013 0.005261586047708988 0.005184524692595005 0.00515428651124239 0.0050994292832911015 0.005078144837170839 0.005039975978434086 0.0049982815980911255 0.004974056500941515 0.004984443541616201 0.004933672025799751 0.0049159289337694645 0.00488870358094573 0.004893091041594744 0.004846569150686264 0.004861070774495602 0.004824671428650618 0.004809023812413216 0.004798161797225475 0.0047957440838217735 0.004770556464791298 0.004765058867633343 0.004739862401038408 0.004747891332954168 0.004728842061012983 0.0047394828870892525 0.0047104074619710445 0.004722629673779011 0.004698276054114103 0.004692951217293739 0.004672075156122446 0.004677162040024996 0.0046696849167346954 0.004658291582018137 0.004653516691178083 0.004636934492737055 0.0046422709710896015 0.004633364267647266 0.004621017724275589 0.004614467266947031 0.004606925416737795 0.0045986417680978775 0.00458688335493207 0.004591953009366989 0.004597676917910576 0.0045807515271008015 0.004577840678393841 0.004584836307913065 0.004598913714289665 0.00455656461417675 0.004566057585179806 0.004559813532978296 0.004542897921055555 0.004542059265077114 0.004544105380773544 0.004542127251625061 0.004551006946712732 0.004530502483248711 0.0045264470390975475 0.004532275255769491 0.004530973732471466 0.004506825003772974 0.004510718863457441 0.004490874707698822 0.004498517140746117 0.004482997115701437 0.004489247687160969 0.0044978316873312 0.004506862256675959 0.004500109702348709 0.004470675718039274 0.004480418283492327 0.004474109970033169 0.00446127587929368 0.004477049224078655 0.004480376839637756 0.004465748090296984 0.0044718338176608086 0.004459895193576813 0.004469370935112238 0.004447942599654198 0.0044596269726753235 0.004427104722708464 0.004439038690179586 0.004446267616003752 0.004434632603079081 0.004435328301042318 0.004421202931553125 0.004424004815518856 0.004411847796291113 0.0043981075286865234 0.004395587835460901 0.004412948153913021 0.00441693514585495 0.004403797909617424 0.0044024670496582985 0.004400500562041998 0.004406443797051907 0.004373923409730196 0.004384033381938934 0.004387907683849335 0.004361532628536224 0.0044013820588588715 0.004384069237858057 0.004368016496300697 0.004380759317427874 0.004373480565845966 0.004378712270408869 0.004359703045338392 0.004371993243694305 0.004367250483483076 0.004359731450676918 0.0043643442913889885 0.004342922009527683 0.004354400560259819 0.004351097624748945 0.00435828510671854 0.00433135312050581 0.004347504116594791 0.004331485368311405 0.004345598630607128 0.004331414122134447 0.0043342988938093185 0.004310382530093193 0.004321259446442127 0.004313413053750992 0.004320880863815546 0.004323908127844334 0.004308558069169521 0.004317763727158308 0.0043053519912064075 0.004307836294174194 0.004291273653507233 0.004300778731703758 0.004288072232156992 0.004290018230676651 0.004287182353436947 0.0043043289333581924 0.004296103958040476 0.004286470822989941 0.004275382496416569 0.004298215266317129 0.004265254829078913 0.004276229999959469 0.004265108145773411 0.004271490965038538 0.004264849703758955 0.004250706639140844 0.004266326781362295 0.004262580070644617 0.0042596315033733845 0.004275115672498941 0.004241670947521925 0.004239869769662619 0.004266073927283287 0.00425909785553813 0.004248482640832663 0.004235357977449894 0.004238761030137539 0.004242843482643366 0.00424213008955121 0.004254058003425598 0.004243789706379175 0.004241380840539932 0.004245500545948744 0.004237895365804434 0.004228424280881882 0.00421102112159133 0.004218039568513632 0.004223615862429142 0.004219588357955217 0.004218952730298042 0.004206295125186443 0.004219726659357548 0.00419562216848135 0.004217257257550955 0.00419883755967021 0.004195357672870159 0.004200608469545841 0.004183575976639986 0.004202867858111858 0.0041927192360162735 
train_loss2_dep 11.961068153381348 9.89979362487793 8.970582008361816 7.947569370269775 6.950291156768799 6.00208854675293 5.233211040496826 4.617944240570068 4.220021724700928 3.7252047061920166 3.4464526176452637 3.1351890563964844 2.9109160900115967 2.7637503147125244 2.6357011795043945 2.494896650314331 2.3825438022613525 2.3055663108825684 2.1841509342193604 2.1392600536346436 2.0905044078826904 2.0262420177459717 1.9697227478027344 1.9507147073745728 1.8785864114761353 1.88202702999115 1.8448389768600464 1.7760124206542969 1.7830817699432373 1.7430357933044434 1.7419154644012451 1.7189592123031616 1.6908127069473267 1.65251624584198 1.6344339847564697 1.6027657985687256 1.616348385810852 1.5879857540130615 1.5720945596694946 1.5628411769866943 1.5306323766708374 1.529158592224121 1.5042033195495605 1.508980631828308 1.4983123540878296 1.50734543800354 1.4649351835250854 1.4633076190948486 1.4494268894195557 1.412482500076294 1.4298421144485474 1.4077140092849731 1.4063762426376343 1.4036847352981567 1.4012622833251953 1.3825676441192627 1.3838086128234863 1.3708442449569702 1.3600894212722778 1.371372938156128 1.3571546077728271 1.3422966003417969 1.3237004280090332 1.336503267288208 1.3365825414657593 1.3237898349761963 1.3145707845687866 1.3180186748504639 1.3136897087097168 1.287235140800476 1.3167979717254639 1.3047059774398804 1.2833571434020996 1.2885680198669434 1.2503503561019897 1.260524034500122 1.266359806060791 1.2707713842391968 1.2581422328948975 1.2286231517791748 1.2526081800460815 1.2422163486480713 1.2440780401229858 1.2281543016433716 1.237827181816101 1.2340959310531616 1.2193067073822021 1.2359172105789185 1.2338104248046875 1.209049105644226 1.2352194786071777 1.1987680196762085 1.2072559595108032 1.2155531644821167 1.1850956678390503 1.1797544956207275 1.2099947929382324 1.1802970170974731 1.1843879222869873 1.188344955444336 1.1745195388793945 1.1732784509658813 1.1825426816940308 1.1750558614730835 1.1763157844543457 1.1778031587600708 1.1628894805908203 1.159832239151001 1.1617908477783203 1.161073923110962 1.147322177886963 1.153565526008606 1.1343380212783813 1.1488921642303467 1.151085376739502 1.1660974025726318 1.1478519439697266 1.153085470199585 1.1480265855789185 1.1549614667892456 1.1179368495941162 1.132166862487793 1.1392892599105835 1.1238363981246948 1.1305235624313354 1.124041199684143 1.1283907890319824 1.1376683712005615 1.1063953638076782 1.1181461811065674 1.1120342016220093 1.1078380346298218 1.1287964582443237 1.114210605621338 1.1180380582809448 1.1106629371643066 1.122673511505127 1.0995674133300781 1.0966349840164185 1.1095935106277466 1.089989185333252 1.10701322555542 1.0861878395080566 1.095155119895935 1.1010997295379639 1.0852890014648438 1.0993868112564087 1.0846056938171387 1.0872294902801514 1.0924265384674072 1.0913575887680054 1.0970921516418457 1.0782806873321533 1.0847668647766113 1.1028642654418945 1.0763527154922485 1.074709415435791 1.073068618774414 1.0836429595947266 1.0895205736160278 1.0854017734527588 1.0772439241409302 1.0750988721847534 1.0700230598449707 1.0733437538146973 1.060296893119812 1.0664538145065308 1.0761561393737793 1.0707428455352783 1.0666780471801758 1.050628900527954 1.0629247426986694 1.0590635538101196 1.0544776916503906 1.0602798461914062 1.0682408809661865 1.0638223886489868 1.0595765113830566 1.0693720579147339 1.0587711334228516 1.0463095903396606 1.0560216903686523 1.053586721420288 1.0388463735580444 1.049397349357605 1.0492033958435059 1.032912015914917 1.0366528034210205 1.0532535314559937 1.0624511241912842 1.0446079969406128 1.0436489582061768 1.040466070175171 1.0434582233428955 1.0421326160430908 1.0236302614212036 1.0359526872634888 1.0236896276474 1.026694416999817 1.0484824180603027 
train_loss3_thi 12.831745147705078 12.053293228149414 11.38881778717041 10.702184677124023 9.918819427490234 8.89885139465332 7.665049076080322 6.547619342803955 5.758650779724121 5.117549419403076 4.551934242248535 4.134519100189209 3.7593533992767334 3.4484353065490723 3.2845635414123535 3.1196117401123047 2.954329013824463 2.823895215988159 2.705212116241455 2.5722479820251465 2.5459115505218506 2.442640542984009 2.3721091747283936 2.3106985092163086 2.274167537689209 2.214597463607788 2.1864097118377686 2.140601634979248 2.151127576828003 2.089106321334839 2.023378849029541 2.0150442123413086 1.9851534366607666 1.9353092908859253 1.9137150049209595 1.9388422966003418 1.9007909297943115 1.8582669496536255 1.818179965019226 1.8333646059036255 1.779244065284729 1.777950406074524 1.7888836860656738 1.7463527917861938 1.7273350954055786 1.717627763748169 1.7110755443572998 1.6723670959472656 1.6642093658447266 1.6268548965454102 1.6381579637527466 1.6042195558547974 1.6159908771514893 1.6156433820724487 1.5954009294509888 1.6104905605316162 1.5733519792556763 1.5857046842575073 1.5712400674819946 1.5594075918197632 1.521241307258606 1.5529143810272217 1.5279158353805542 1.5212353467941284 1.4951039552688599 1.5193146467208862 1.4927897453308105 1.515406608581543 1.4856141805648804 1.478699803352356 1.4866340160369873 1.4721039533615112 1.4555909633636475 1.458549976348877 1.4213030338287354 1.4301596879959106 1.4419118165969849 1.4255642890930176 1.4326951503753662 1.407175898551941 1.4040884971618652 1.415443778038025 1.4190648794174194 1.4016962051391602 1.403692364692688 1.3643385171890259 1.361810564994812 1.3800185918807983 1.3608814477920532 1.3516535758972168 1.3784775733947754 1.348961591720581 1.3431799411773682 1.323460578918457 1.345496416091919 1.3422223329544067 1.3565510511398315 1.3328782320022583 1.336432695388794 1.343274474143982 1.3367645740509033 1.315288782119751 1.3112170696258545 1.3119264841079712 1.3034377098083496 1.281711459159851 1.2986376285552979 1.3185985088348389 1.2920018434524536 1.312048077583313 1.273406744003296 1.2785425186157227 1.290432333946228 1.2680526971817017 1.2690787315368652 1.2791224718093872 1.261542797088623 1.267834186553955 1.2602399587631226 1.2721836566925049 1.2645825147628784 1.264473795890808 1.2522366046905518 1.2455968856811523 1.2548760175704956 1.2574570178985596 1.2504252195358276 1.2457301616668701 1.2558107376098633 1.243775486946106 1.218609094619751 1.2408000230789185 1.2489651441574097 1.2309035062789917 1.2384588718414307 1.2035876512527466 1.2185814380645752 1.2313214540481567 1.2224879264831543 1.2229840755462646 1.2007863521575928 1.2108889818191528 1.2066882848739624 1.209740161895752 1.204735279083252 1.2093875408172607 1.207641363143921 1.1973094940185547 1.190718650817871 1.2001789808273315 1.2064285278320312 1.1846539974212646 1.190298318862915 1.1949598789215088 1.1945682764053345 1.2039766311645508 1.1836955547332764 1.1793524026870728 1.1889700889587402 1.1871768236160278 1.173020601272583 1.1573190689086914 1.1555484533309937 1.1892162561416626 1.1622314453125 1.1774382591247559 1.168792963027954 1.163966178894043 1.173745036125183 1.155538558959961 1.1527341604232788 1.181685447692871 1.1595277786254883 1.1432979106903076 1.1393979787826538 1.1459590196609497 1.1348023414611816 1.1474449634552002 1.146704077720642 1.1551284790039062 1.159489393234253 1.1406280994415283 1.119497299194336 1.1366426944732666 1.1263554096221924 1.1330519914627075 1.1242870092391968 1.1400928497314453 1.138039469718933 1.150081992149353 1.1284446716308594 1.1154136657714844 1.123342752456665 1.1222134828567505 1.113039255142212 1.115947961807251 1.1274746656417847 1.1088091135025024 1.1328485012054443 1.1152501106262207 
validate_loss1 0.43679970502853394 0.3707415759563446 0.3247779607772827 0.3196333050727844 0.2900819778442383 0.27452966570854187 0.2665025293827057 0.2633822560310364 0.25995588302612305 0.2637516260147095 0.2605035603046417 0.2593311667442322 0.2566722631454468 0.2578502893447876 0.25923800468444824 0.25938430428504944 0.2578437328338623 0.2555040717124939 0.25580352544784546 0.2556561827659607 0.25376853346824646 0.25759047269821167 0.25396445393562317 0.25691986083984375 0.2528013586997986 0.2541719675064087 0.2546561062335968 0.25302621722221375 0.2560090720653534 0.25268274545669556 0.2535192668437958 0.25336748361587524 0.2529262900352478 0.2527800500392914 0.25164398550987244 0.2515985369682312 0.25244924426078796 0.2520148754119873 0.2505131661891937 0.25139281153678894 0.2513982057571411 0.2516888678073883 0.2508693337440491 0.25145480036735535 0.25046974420547485 0.25220388174057007 0.25195208191871643 0.2512970268726349 0.2511037290096283 0.25141027569770813 0.250925749540329 0.25175023078918457 0.2509720027446747 0.2518874704837799 0.2514590620994568 0.25134435296058655 0.2509639859199524 0.25022515654563904 0.2505410611629486 0.25062990188598633 0.24973492324352264 0.25140538811683655 0.25021201372146606 0.25045594573020935 0.24910633265972137 0.24946969747543335 0.2500072419643402 0.24958278238773346 0.2500843107700348 0.2502896189689636 0.2495536357164383 0.24935434758663177 0.2500538229942322 0.25059348344802856 0.25019749999046326 0.2498835325241089 0.2489386796951294 0.2505624294281006 0.24934767186641693 0.24933551251888275 0.24943199753761292 0.2486819475889206 0.2485395222902298 0.2495914101600647 0.24911734461784363 0.2496607005596161 0.24958328902721405 0.250011146068573 0.24884983897209167 0.24930715560913086 0.24912624061107635 0.2490273118019104 0.24940620362758636 0.2492537796497345 0.2488858699798584 0.24944578111171722 0.24968132376670837 0.24845828115940094 0.24839317798614502 0.24875271320343018 0.2491264045238495 0.24873054027557373 0.24866817891597748 0.24823594093322754 0.24781614542007446 0.2485448569059372 0.24746958911418915 0.24798332154750824 0.24774329364299774 0.24851474165916443 0.2480090707540512 0.24898067116737366 0.24790321290493011 0.2483380287885666 0.24761126935482025 0.24746271967887878 0.2482575625181198 0.2483588606119156 0.24875463545322418 0.24832852184772491 0.24802367389202118 0.24808035790920258 0.2474530190229416 0.24727293848991394 0.24823938310146332 0.2476544976234436 0.24778245389461517 0.248030886054039 0.2478683441877365 0.24787554144859314 0.24745914340019226 0.24708884954452515 0.24711774289608002 0.247639462351799 0.24792928993701935 0.2475023716688156 0.24808549880981445 0.24782264232635498 0.24768757820129395 0.2476532757282257 0.24735714495182037 0.2468419373035431 0.2478037327528 0.24721986055374146 0.24762025475502014 0.24769823253154755 0.2473362237215042 0.246937096118927 0.24761255085468292 0.24782612919807434 0.24753180146217346 0.24738268554210663 0.24738651514053345 0.24729564785957336 0.2468624860048294 0.24681009352207184 0.24724039435386658 0.24695254862308502 0.24670115113258362 0.2469286322593689 0.24662277102470398 0.24684935808181763 0.24693667888641357 0.24693666398525238 0.24699434638023376 0.24709577858448029 0.24771083891391754 0.2469940036535263 0.24711978435516357 0.24670438468456268 0.2474737912416458 0.24741122126579285 0.24687443673610687 0.2462536096572876 0.24636299908161163 0.24711135029792786 0.2468850165605545 0.24679863452911377 0.24688543379306793 0.2476075440645218 0.24696297943592072 0.2474556565284729 0.24695153534412384 0.24696651101112366 0.24717482924461365 0.24663832783699036 0.24697479605674744 0.24694868922233582 0.2471833974123001 0.24707746505737305 0.24720549583435059 0.24698002636432648 0.24692493677139282 0.2473216950893402 0.24698719382286072 0.2476031333208084 0.2471168488264084 0.24710506200790405 0.24681216478347778 0.2466893494129181 
validate_loss2 0.3281230926513672 0.31981605291366577 0.2903856635093689 0.29668304324150085 0.28417542576789856 0.2749614417552948 0.28407880663871765 0.2903359532356262 0.2917068600654602 0.28933897614479065 0.28791385889053345 0.2955981492996216 0.2847256362438202 0.28330135345458984 0.2847616374492645 0.284431129693985 0.2872118055820465 0.28439971804618835 0.2835082411766052 0.28250962495803833 0.2880266606807709 0.2853747308254242 0.2863864004611969 0.2865692377090454 0.28791162371635437 0.2871878743171692 0.28900080919265747 0.28440526127815247 0.28876277804374695 0.2855603098869324 0.28671175241470337 0.2855991721153259 0.28472140431404114 0.2848499119281769 0.2832646667957306 0.28646713495254517 0.2852875888347626 0.2839074730873108 0.2850140929222107 0.2829839885234833 0.2828572392463684 0.28528833389282227 0.2837541401386261 0.28481847047805786 0.28581270575523376 0.28331515192985535 0.2852005362510681 0.2838827073574066 0.2849602699279785 0.2872994840145111 0.28365716338157654 0.2863016426563263 0.28486621379852295 0.28531256318092346 0.28694412112236023 0.28673481941223145 0.2851443290710449 0.28398939967155457 0.28517478704452515 0.28391018509864807 0.28559938073158264 0.2864154875278473 0.2862728238105774 0.28545334935188293 0.28349700570106506 0.2866213917732239 0.2846037447452545 0.2851071357727051 0.2846856713294983 0.28549739718437195 0.28468868136405945 0.28774651885032654 0.28604039549827576 0.28557905554771423 0.2844568192958832 0.28547874093055725 0.28656500577926636 0.28685322403907776 0.2855965197086334 0.28583991527557373 0.2879859209060669 0.28614941239356995 0.2877592444419861 0.28574517369270325 0.2872162461280823 0.28739234805107117 0.2876127362251282 0.28704705834388733 0.2876160144805908 0.28694796562194824 0.28796595335006714 0.2863936722278595 0.2869581878185272 0.286668598651886 0.28779757022857666 0.28610044717788696 0.28919264674186707 0.28722110390663147 0.2860017418861389 0.2858293354511261 0.28661543130874634 0.2865700423717499 0.2859687805175781 0.2853632867336273 0.2854919731616974 0.28700876235961914 0.28457099199295044 0.2865806818008423 0.285857230424881 0.2853841483592987 0.2864822447299957 0.28723055124282837 0.2867526412010193 0.2853599190711975 0.2864270806312561 0.28515833616256714 0.2856556475162506 0.28475451469421387 0.28566646575927734 0.2868206799030304 0.287705659866333 0.28682810068130493 0.28635501861572266 0.2856987416744232 0.2858912944793701 0.2858731150627136 0.28674840927124023 0.2859126031398773 0.28763315081596375 0.2878890931606293 0.28708383440971375 0.2865082621574402 0.287665992975235 0.2876781225204468 0.28715381026268005 0.2870069146156311 0.2874070703983307 0.28628993034362793 0.2868747115135193 0.28739291429519653 0.28805944323539734 0.2869405448436737 0.287308007478714 0.2874833643436432 0.286348432302475 0.28618088364601135 0.28647148609161377 0.2863764464855194 0.286445289850235 0.28749385476112366 0.2876541018486023 0.2875663936138153 0.2870481610298157 0.28783944249153137 0.2875145971775055 0.2885700762271881 0.28809013962745667 0.2866229712963104 0.2876942753791809 0.2861194908618927 0.2865762710571289 0.2872726619243622 0.28739991784095764 0.2863633334636688 0.28763648867607117 0.2864471673965454 0.2876628637313843 0.2868126332759857 0.2865488827228546 0.28680792450904846 0.28561604022979736 0.2863283157348633 0.28564873337745667 0.28674983978271484 0.285814106464386 0.28740355372428894 0.28758764266967773 0.2872338891029358 0.28845104575157166 0.28743070363998413 0.28746652603149414 0.2874979078769684 0.2879140079021454 0.2871076464653015 0.2875935137271881 0.2875104546546936 0.2873208820819855 0.2872876524925232 0.28666767477989197 0.28759077191352844 0.285783588886261 0.28673243522644043 0.28663134574890137 0.28773003816604614 0.28857147693634033 0.28769758343696594 0.2871137261390686 0.2869502902030945 0.28705260157585144 0.2865269184112549 
validate_loss3 0.39570295810699463 0.39499253034591675 0.3753850758075714 0.3794812858104706 0.37896034121513367 0.36647671461105347 0.37432292103767395 0.3866959512233734 0.380403071641922 0.38714852929115295 0.3757859170436859 0.3859265148639679 0.3824268877506256 0.3875233829021454 0.3770153820514679 0.3767542839050293 0.3769509792327881 0.37893787026405334 0.37839004397392273 0.3775206506252289 0.37892910838127136 0.3820495307445526 0.37522560358047485 0.38080018758773804 0.37808921933174133 0.38058584928512573 0.3759637773036957 0.3721696734428406 0.3813897669315338 0.37551552057266235 0.37932121753692627 0.3776009976863861 0.3764505386352539 0.3768881857395172 0.3781740367412567 0.3774496912956238 0.3743443191051483 0.37418973445892334 0.37771016359329224 0.37657949328422546 0.3744922876358032 0.37876343727111816 0.3753298223018646 0.37483957409858704 0.37836387753486633 0.3742148280143738 0.37539002299308777 0.373966783285141 0.3741801381111145 0.37478989362716675 0.37404873967170715 0.3769473731517792 0.3745724856853485 0.37444838881492615 0.37689781188964844 0.3765980899333954 0.37383097410202026 0.374298095703125 0.3755304217338562 0.37517547607421875 0.3761723041534424 0.37596070766448975 0.3753167688846588 0.37531787157058716 0.37388041615486145 0.3757205009460449 0.3743417263031006 0.3747160732746124 0.3749850392341614 0.3772774934768677 0.374759316444397 0.376954585313797 0.3734893202781677 0.37606585025787354 0.3736916780471802 0.3756043016910553 0.37584978342056274 0.3756215572357178 0.3758605122566223 0.3748191297054291 0.37685322761535645 0.3767728805541992 0.3783740997314453 0.37657904624938965 0.37560567259788513 0.3779619038105011 0.377085417509079 0.37448418140411377 0.37623119354248047 0.37654584646224976 0.3765561878681183 0.3760746717453003 0.3756534159183502 0.3769421875476837 0.3755419850349426 0.3773026168346405 0.37846052646636963 0.37669143080711365 0.3764706552028656 0.3762039840221405 0.3777157664299011 0.3775536119937897 0.3758952021598816 0.3742368817329407 0.37642672657966614 0.3763256072998047 0.37544694542884827 0.3757501542568207 0.3752153515815735 0.37657681107521057 0.3776761591434479 0.3782123029232025 0.37606510519981384 0.3768337666988373 0.37584978342056274 0.37451857328414917 0.3748404085636139 0.3737550377845764 0.37360772490501404 0.375144898891449 0.37522339820861816 0.376270592212677 0.3743019998073578 0.3745303750038147 0.3748750686645508 0.3725712299346924 0.3747045397758484 0.37370750308036804 0.3750554919242859 0.3785930871963501 0.3745776414871216 0.37544986605644226 0.3755923807621002 0.3765415549278259 0.375681608915329 0.3753907084465027 0.37517306208610535 0.37488284707069397 0.37593820691108704 0.37593016028404236 0.37695005536079407 0.37670668959617615 0.37578514218330383 0.37558713555336 0.3761827349662781 0.376341849565506 0.3748573064804077 0.3766151964664459 0.37520310282707214 0.37547096610069275 0.37692204117774963 0.3771514594554901 0.37507739663124084 0.37578368186950684 0.3756047487258911 0.3762023448944092 0.376001238822937 0.37536707520484924 0.3763902187347412 0.376554936170578 0.3766975402832031 0.3760508596897125 0.3754504919052124 0.3761873245239258 0.3768869638442993 0.3766616880893707 0.37546223402023315 0.3756154477596283 0.3754426836967468 0.37521690130233765 0.37569528818130493 0.37544599175453186 0.37659552693367004 0.3756074905395508 0.3740721046924591 0.37596049904823303 0.37739163637161255 0.3766080141067505 0.37697887420654297 0.3749809265136719 0.37698832154273987 0.37500548362731934 0.37570130825042725 0.3763328492641449 0.3770305812358856 0.3758716881275177 0.3766731917858124 0.3760027587413788 0.3745563328266144 0.37580934166908264 0.3749501705169678 0.37637463212013245 0.3760937750339508 0.3758990168571472 0.3763497769832611 0.376080185174942 0.37564393877983093 0.37622395157814026 0.3762103021144867 0.3767993450164795 
validate_loss_all 0.428825706243515 0.3694225251674652 0.326068252325058 0.32217174768447876 0.29571250081062317 0.28079789876937866 0.2750585377216339 0.27379488945007324 0.27045226097106934 0.2740840017795563 0.27029842138290405 0.2706318497657776 0.26739799976348877 0.2687372863292694 0.2691265642642975 0.2692088782787323 0.2680905759334564 0.2660950720310211 0.26624706387519836 0.2659870386123657 0.2648555040359497 0.2681849002838135 0.2646063268184662 0.26758700609207153 0.26395994424819946 0.26528269052505493 0.26542043685913086 0.26343104243278503 0.2670042812824249 0.26349297165870667 0.26459386944770813 0.2642498314380646 0.26372411847114563 0.2636452913284302 0.26269248127937317 0.2627970576286316 0.26317986845970154 0.26271140575408936 0.26180940866470337 0.26232749223709106 0.2621482014656067 0.2629091143608093 0.2618284225463867 0.2623501121997833 0.26187944412231445 0.26283591985702515 0.2628413438796997 0.26208367943763733 0.26200687885284424 0.2624674141407013 0.2617621123790741 0.26287221908569336 0.2619224786758423 0.26271480321884155 0.26266324520111084 0.26252761483192444 0.2618711590766907 0.26121193170547485 0.2616587281227112 0.26162296533584595 0.26105955243110657 0.2625049352645874 0.26143330335617065 0.2615867555141449 0.26019975543022156 0.260863333940506 0.26107078790664673 0.260776162147522 0.26119545102119446 0.26161494851112366 0.2607283294200897 0.26094362139701843 0.261130690574646 0.2617741823196411 0.26116737723350525 0.26112914085388184 0.2604226768016815 0.26179239153862 0.2607060968875885 0.26062333583831787 0.26101601123809814 0.2602577805519104 0.26037877798080444 0.26098233461380005 0.26059484481811523 0.2612646222114563 0.2611390948295593 0.26124340295791626 0.26044830679893494 0.26081734895706177 0.26073166728019714 0.26050543785095215 0.26082587242126465 0.2607879340648651 0.2604319751262665 0.26094383001327515 0.26144126057624817 0.2601317763328552 0.2599790394306183 0.2602483630180359 0.2607429623603821 0.2603924870491028 0.26015982031822205 0.2596152722835541 0.25945591926574707 0.26015982031822205 0.2590206563472748 0.25960972905158997 0.2593149244785309 0.2600506544113159 0.259789377450943 0.2607022821903229 0.25958022475242615 0.25992199778556824 0.25929468870162964 0.2589738070964813 0.2597036361694336 0.25963884592056274 0.26001933217048645 0.259864866733551 0.2596721053123474 0.2597518861293793 0.25902488827705383 0.2588498592376709 0.2597064971923828 0.2590166926383972 0.2593623697757721 0.25943297147750854 0.2595221996307373 0.25984689593315125 0.25910091400146484 0.25882574915885925 0.2589377760887146 0.2594589293003082 0.2595956027507782 0.2592015564441681 0.2597005069255829 0.25938162207603455 0.25939562916755676 0.25939980149269104 0.2592810094356537 0.2587534487247467 0.2595086693763733 0.2590113878250122 0.2593255639076233 0.25939396023750305 0.25898125767707825 0.25878897309303284 0.25924187898635864 0.25951290130615234 0.2593992054462433 0.2592875361442566 0.2590799331665039 0.25911521911621094 0.2587139904499054 0.2587900757789612 0.2591036558151245 0.2587113380432129 0.2586570978164673 0.2587599754333496 0.2585444450378418 0.25872525572776794 0.25875580310821533 0.25875112414360046 0.2589426040649414 0.25893115997314453 0.2594260275363922 0.2587798237800598 0.25885385274887085 0.2585015892982483 0.25911304354667664 0.2590852975845337 0.25868719816207886 0.25815168023109436 0.2580515742301941 0.25894665718078613 0.25889065861701965 0.25872769951820374 0.2589121162891388 0.2592828869819641 0.2589137852191925 0.2591613829135895 0.25882333517074585 0.2588372230529785 0.2591039836406708 0.258547842502594 0.25888723134994507 0.2588057518005371 0.2588396370410919 0.2589174509048462 0.25883427262306213 0.25882771611213684 0.25875070691108704 0.25913986563682556 0.2589518129825592 0.2593902349472046 0.2589053511619568 0.25893428921699524 0.25869321823120117 0.2586059868335724 
validate_loss1_vel 0.013103991746902466 0.011122247204184532 0.009743338450789452 0.009588999673724174 0.008702459745109081 0.008235889486968517 0.007995076477527618 0.007901467382907867 0.0077986763790249825 0.007912549190223217 0.007815106771886349 0.007779934909194708 0.007700168062001467 0.007735508028417826 0.007777140010148287 0.00778152933344245 0.0077353124506771564 0.007665122393518686 0.007674105931073427 0.007669685408473015 0.007613055873662233 0.007727714255452156 0.007618933916091919 0.007707595359534025 0.007584040518850088 0.007625159341841936 0.007639682851731777 0.007590786553919315 0.007680272217839956 0.007580482866615057 0.007605578284710646 0.007601024117320776 0.007587789092212915 0.007583401165902615 0.007549319416284561 0.007547955960035324 0.007573477458208799 0.007560445927083492 0.007515395060181618 0.007541784085333347 0.00754194613546133 0.007550665643066168 0.007526079658418894 0.007543643936514854 0.007514091674238443 0.007566116284579039 0.0075585623271763325 0.007538910955190659 0.007533111609518528 0.007542308419942856 0.0075277723371982574 0.007552506867796183 0.0075291600078344345 0.00755662377923727 0.007543771993368864 0.00754033075645566 0.007528919260948896 0.007506754714995623 0.0075162313878536224 0.007518896833062172 0.007492047734558582 0.007542161736637354 0.007506359834223986 0.007513678167015314 0.007473189849406481 0.007484090980142355 0.007500217761844397 0.007487483322620392 0.007502529304474592 0.007508688606321812 0.007486609276384115 0.007480630651116371 0.007501615211367607 0.007517804857343435 0.00750592490658164 0.007496505975723267 0.007468160707503557 0.0075168730691075325 0.0074804299511015415 0.007480065803974867 0.0074829598888754845 0.0074604582041502 0.007456185761839151 0.007487742230296135 0.007473520468920469 0.007489821407943964 0.007487498689442873 0.007500334642827511 0.007465495262295008 0.007479214575141668 0.007473786827176809 0.007470819167792797 0.007482185959815979 0.007477613631635904 0.007466576062142849 0.007483373396098614 0.007490439806133509 0.007453748490661383 0.007451795041561127 0.007462581619620323 0.00747379194945097 0.00746191618964076 0.007460045162588358 0.007447077892720699 0.007434484548866749 0.007456345949321985 0.007424087729305029 0.007439499720931053 0.007432298734784126 0.007455442566424608 0.007440271787345409 0.007469420321285725 0.007437096443027258 0.00745014101266861 0.007428337819874287 0.007423881441354752 0.007447727024555206 0.007450765464454889 0.007462638895958662 0.007449856027960777 0.007440709974616766 0.007442410569638014 0.0074235908687114716 0.007418188266456127 0.007447181735187769 0.007429635152220726 0.007433473598212004 0.007440926507115364 0.007436050567775965 0.007436266168951988 0.007423774339258671 0.007412665523588657 0.007413532119244337 0.007429183926433325 0.007437878753989935 0.007425071205943823 0.0074425651691854 0.0074346791952848434 0.0074306270107626915 0.007429598364979029 0.007420714013278484 0.007405258249491453 0.007434112019836903 0.007416595704853535 0.007428607903420925 0.007430946920067072 0.007420086767524481 0.007408113218843937 0.007428376469761133 0.007434783969074488 0.007425954099744558 0.007421480491757393 0.007421595510095358 0.007418869528919458 0.007405874785035849 0.007404302712529898 0.007417211774736643 0.007408576551824808 0.007401034701615572 0.007407858967781067 0.007398683112114668 0.007405480835586786 0.00740810064598918 0.007408099714666605 0.007409830577671528 0.007412873208522797 0.007431325037032366 0.007409820333123207 0.007413593586534262 0.007401131559163332 0.007424213923513889 0.0074223363772034645 0.007406232878565788 0.007387608289718628 0.007390890270471573 0.007413340266793966 0.007406550459563732 0.007403959054499865 0.0074065630324184895 0.007428226061165333 0.007408889010548592 0.0074236695654690266 0.007408545818179846 0.007408995646983385 0.007415244821459055 0.00739914970472455 0.00740924384444952 0.007408461067825556 0.007415502332150936 0.0074123237282037735 0.007416164502501488 0.007409400772303343 0.0074077476747334 0.007419650908559561 0.007409615907818079 0.007428094279021025 0.007413505110889673 0.007413151673972607 0.007404365111142397 0.007400680333375931 
validate_loss2_dep 9.843692779541016 9.594481468200684 8.711569786071777 8.900491714477539 8.525262832641602 8.2488431930542 8.522363662719727 8.710079193115234 8.751206398010254 8.680169105529785 8.637415885925293 8.867944717407227 8.541769027709961 8.499040603637695 8.54284954071045 8.532934188842773 8.616354942321777 8.531991004943848 8.505247116088867 8.475288391113281 8.640800476074219 8.56124210357666 8.591591835021973 8.597077369689941 8.637348175048828 8.615636825561523 8.670024871826172 8.532157897949219 8.662883758544922 8.56680965423584 8.60135269165039 8.567975044250488 8.541642189025879 8.54549789428711 8.497940063476562 8.594014167785645 8.558627128601074 8.517224311828613 8.550422668457031 8.489520072937012 8.4857177734375 8.558650016784668 8.512624740600586 8.544554710388184 8.574380874633789 8.499454498291016 8.556015968322754 8.516481399536133 8.548808097839355 8.61898422241211 8.50971508026123 8.589049339294434 8.54598617553711 8.559377670288086 8.608323097229004 8.602045059204102 8.554329872131348 8.519681930541992 8.555243492126465 8.517306327819824 8.567980766296387 8.5924654006958 8.58818531036377 8.563600540161133 8.504910469055176 8.598641395568848 8.53811264038086 8.553214073181152 8.540570259094238 8.564922332763672 8.540660858154297 8.63239574432373 8.581212043762207 8.56737232208252 8.53370475769043 8.564362525939941 8.59695053100586 8.605597496032715 8.567895889282227 8.575197219848633 8.639577865600586 8.584482192993164 8.632777214050293 8.572355270385742 8.616487503051758 8.621769905090332 8.628381729125977 8.611412048339844 8.628480911254883 8.608439445495605 8.638978004455566 8.59181022644043 8.608745574951172 8.600058555603027 8.633926391601562 8.583013534545898 8.675779342651367 8.616632461547852 8.580052375793457 8.574880599975586 8.59846305847168 8.597101211547852 8.579063415527344 8.560898780822754 8.564759254455566 8.610262870788574 8.537129402160645 8.597420692443848 8.575716972351074 8.561524391174316 8.594467163085938 8.61691665649414 8.602579116821289 8.560797691345215 8.592811584472656 8.554749488830566 8.569669723510742 8.542634963989258 8.56999397277832 8.604619979858398 8.631169319152832 8.604843139648438 8.59065055847168 8.570961952209473 8.576738357543945 8.576193809509277 8.602452278137207 8.577377319335938 8.628994941711426 8.636672973632812 8.612515449523926 8.595248222351074 8.629979133605957 8.630343437194824 8.614614486694336 8.610207557678223 8.622211456298828 8.58869743347168 8.606241226196289 8.621787071228027 8.641783714294434 8.608216285705566 8.619240760803223 8.624500274658203 8.590453147888184 8.585426330566406 8.594144821166992 8.591293334960938 8.593358993530273 8.624815940856934 8.629623413085938 8.626991271972656 8.611444473266602 8.635183334350586 8.62543773651123 8.657102584838867 8.642704010009766 8.598689079284668 8.630827903747559 8.583584785461426 8.597288131713867 8.618179321289062 8.621997833251953 8.590900421142578 8.629094123840332 8.593415260314941 8.62988567352295 8.604378700256348 8.596467018127441 8.60423755645752 8.5684814453125 8.589849472045898 8.569462776184082 8.602495193481445 8.574422836303711 8.622106552124023 8.627629280090332 8.617015838623047 8.653532028198242 8.622920989990234 8.623995780944824 8.624937057495117 8.637419700622559 8.613229751586914 8.62780475616455 8.625313758850098 8.61962604522705 8.618629455566406 8.600029945373535 8.627723693847656 8.573507308959961 8.601973533630371 8.5989408493042 8.631900787353516 8.657143592834473 8.630928039550781 8.613411903381348 8.608508110046387 8.611577987670898 8.595807075500488 
validate_loss3_thi 11.871088981628418 11.849776268005371 11.261552810668945 11.384439468383789 11.368810653686523 10.994301795959473 11.229687690734863 11.60087776184082 11.412092208862305 11.614456176757812 11.273577690124512 11.577795028686523 11.472805976867676 11.625700950622559 11.310461044311523 11.302628517150879 11.3085298538208 11.368135452270508 11.351701736450195 11.3256196975708 11.367873191833496 11.461485862731934 11.256768226623535 11.424005508422852 11.342676162719727 11.417574882507324 11.278913497924805 11.165090560913086 11.441693305969238 11.26546573638916 11.379636764526367 11.32802963256836 11.293516159057617 11.306646347045898 11.345220565795898 11.323491096496582 11.230329513549805 11.225691795349121 11.331304550170898 11.297385215759277 11.23476791381836 11.362902641296387 11.259894371032715 11.245186805725098 11.350915908813477 11.226445198059082 11.261700630187988 11.219003677368164 11.225404739379883 11.243696212768555 11.22146224975586 11.30842113494873 11.237174987792969 11.233451843261719 11.306934356689453 11.297942161560059 11.214929580688477 11.22894287109375 11.265913009643555 11.255264282226562 11.28516960144043 11.278820991516113 11.259503364562988 11.259536743164062 11.216412544250488 11.271615028381348 11.230252265930176 11.241482734680176 11.249550819396973 11.31832504272461 11.242778778076172 11.308637619018555 11.204679489135742 11.281975746154785 11.210750579833984 11.268129348754883 11.275493621826172 11.268646240234375 11.2758150100708 11.244573593139648 11.305597305297852 11.303186416625977 11.35122299194336 11.297371864318848 11.268170356750488 11.33885669708252 11.312562942504883 11.234525680541992 11.286935806274414 11.296375274658203 11.296686172485352 11.282240867614746 11.26960277557373 11.308265686035156 11.26625919342041 11.31907844543457 11.353816032409668 11.300743103027344 11.294119834899902 11.28611946105957 11.331472396850586 11.326608657836914 11.276856422424316 11.227106094360352 11.292801856994629 11.28976821899414 11.263408660888672 11.272504806518555 11.256461143493652 11.297304153442383 11.33028507232666 11.346368789672852 11.281953811645508 11.305012702941895 11.275492668151855 11.235557556152344 11.24521255493164 11.212651252746582 11.208231925964355 11.25434684753418 11.256702423095703 11.288117408752441 11.229060173034668 11.23591136932373 11.246252059936523 11.17713737487793 11.24113655090332 11.211225509643555 11.251664161682129 11.357792854309082 11.237329483032227 11.263496398925781 11.26777172088623 11.296246528625488 11.270447731018066 11.261720657348633 11.255191802978516 11.246485710144043 11.278146743774414 11.277905464172363 11.308501243591309 11.301200866699219 11.273554801940918 11.267613410949707 11.285481452941895 11.290255546569824 11.245718955993652 11.298456192016602 11.25609302520752 11.264128684997559 11.307661056518555 11.314543724060059 11.25232219696045 11.273509979248047 11.268142700195312 11.286069869995117 11.280036926269531 11.261012077331543 11.291707038879395 11.296648025512695 11.300926208496094 11.281525611877441 11.263514518737793 11.285619735717773 11.306608200073242 11.299851417541504 11.263867378234863 11.268463134765625 11.263280868530273 11.25650691986084 11.270858764648438 11.263379096984863 11.297865867614746 11.268224716186523 11.222163200378418 11.278815269470215 11.321748733520508 11.298240661621094 11.309366226196289 11.249427795410156 11.309649467468262 11.250164031982422 11.271039009094238 11.289985656738281 11.310916900634766 11.276150703430176 11.300195693969727 11.280082702636719 11.236690521240234 11.274280548095703 11.248505592346191 11.291239738464355 11.28281307220459 11.276970863342285 11.29049301147461 11.282405853271484 11.269317626953125 11.286718368530273 11.286309242248535 11.303980827331543 
