step 0 1 2 3 4 5 6 7 8 9 10 11 12 13 14 15 16 17 18 19 20 21 22 23 24 25 26 27 28 29 30 31 32 33 34 35 36 37 38 39 40 41 42 43 44 45 46 47 48 49 50 51 52 53 54 55 56 57 58 59 60 61 62 63 64 65 66 67 68 69 70 71 72 73 74 75 76 77 78 79 80 81 82 83 84 85 86 87 88 89 90 91 92 93 94 95 96 97 98 99 100 101 102 103 104 105 106 107 108 109 110 111 112 113 114 115 116 117 118 119 120 121 122 123 124 125 126 127 128 129 130 131 132 133 134 135 136 137 138 139 140 141 142 143 144 145 146 147 148 149 150 151 152 153 154 155 156 157 158 159 160 161 162 163 164 165 166 167 168 169 170 171 172 173 174 175 176 177 178 179 180 181 182 183 184 185 186 187 188 189 190 191 192 193 194 195 196 197 198 199 
train_loss1 0.49249446392059326 0.3904678225517273 0.3339248597621918 0.30782294273376465 0.28537583351135254 0.2670322358608246 0.2506847679615021 0.2349165827035904 0.2209332138299942 0.2094348967075348 0.20054465532302856 0.1943584382534027 0.18866458535194397 0.18453288078308105 0.1817130148410797 0.1787690669298172 0.17639058828353882 0.1748971790075302 0.1727248728275299 0.1713220477104187 0.16999612748622894 0.16870960593223572 0.167279914021492 0.1668022871017456 0.16554298996925354 0.1646779626607895 0.1639387011528015 0.1632544994354248 0.16240252554416656 0.16198958456516266 0.16162587702274323 0.16083742678165436 0.16077634692192078 0.15974970161914825 0.1591799557209015 0.15883590281009674 0.1589822769165039 0.1582135409116745 0.15758855640888214 0.15760357677936554 0.15720349550247192 0.15675753355026245 0.15653643012046814 0.15634861588478088 0.15582305192947388 0.15517474710941315 0.15521608293056488 0.15539240837097168 0.15426798164844513 0.15456731617450714 0.15394330024719238 0.1537325233221054 0.15385979413986206 0.15314769744873047 0.15353044867515564 0.15253835916519165 0.15241174399852753 0.15217244625091553 0.15235713124275208 0.15207600593566895 0.15216976404190063 0.1521313637495041 0.15147145092487335 0.15154977142810822 0.15156255662441254 0.15047554671764374 0.15066391229629517 0.15053220093250275 0.15096589922904968 0.15022434294223785 0.14980420470237732 0.14968353509902954 0.14942072331905365 0.1496032476425171 0.14936184883117676 0.14999467134475708 0.14944735169410706 0.14899276196956635 0.14939284324645996 0.14878419041633606 0.14855438470840454 0.1487121880054474 0.14833807945251465 0.14863263070583344 0.14774388074874878 0.14819924533367157 0.14835676550865173 0.14786195755004883 0.1475640833377838 0.147505521774292 0.14769761264324188 0.1475054770708084 0.14695441722869873 0.14671893417835236 0.14634644985198975 0.1462106853723526 0.14641527831554413 0.14628158509731293 0.14634378254413605 0.14603006839752197 0.1460658609867096 0.1460627317428589 0.14573882520198822 0.14583821594715118 0.1458858996629715 0.14548160135746002 0.1453893631696701 0.14493854343891144 0.14476826786994934 0.14487150311470032 0.14473050832748413 0.14537160098552704 0.14472289383411407 0.1446567326784134 0.14432311058044434 0.14435836672782898 0.14450150728225708 0.14421051740646362 0.14404410123825073 0.14374199509620667 0.14445693790912628 0.14389145374298096 0.14375938475131989 0.1439855545759201 0.1431422382593155 0.14365074038505554 0.14334994554519653 0.1431085765361786 0.14329765737056732 0.14309200644493103 0.1427532583475113 0.14281009137630463 0.14249937236309052 0.14252662658691406 0.14263397455215454 0.1425563544034958 0.14203636348247528 0.1424659639596939 0.14228248596191406 0.14152945578098297 0.1418309360742569 0.1417437642812729 0.14171375334262848 0.1411016583442688 0.14158901572227478 0.14122432470321655 0.14113609492778778 0.1411130428314209 0.1412346214056015 0.141092911362648 0.14116953313350677 0.14069458842277527 0.1403309553861618 0.14031146466732025 0.14068716764450073 0.14064311981201172 0.14072313904762268 0.1403025984764099 0.14029346406459808 0.14000260829925537 0.14018744230270386 0.14024077355861664 0.1401924341917038 0.1400204598903656 0.13956931233406067 0.1394917368888855 0.1392691284418106 0.13950151205062866 0.1391909122467041 0.1392517387866974 0.1392117738723755 0.1390628218650818 0.13907977938652039 0.13894960284233093 0.1388731449842453 0.13881491124629974 0.1388878971338272 0.13848935067653656 0.13824769854545593 0.1380268931388855 0.13851891458034515 0.13859422504901886 0.13807430863380432 0.1382179707288742 0.137464240193367 0.13805752992630005 0.13802359998226166 0.1375877559185028 0.13815566897392273 0.1372455358505249 0.13774622976779938 0.13741447031497955 0.13705717027187347 0.13727623224258423 0.13728170096874237 0.13685280084609985 0.1376349925994873 0.13709203898906708 0.13709767162799835 0.1367415189743042 
train_loss2 0.3682030141353607 0.3147473633289337 0.2788580358028412 0.23928116261959076 0.2041146606206894 0.1725980043411255 0.15348383784294128 0.13462381064891815 0.12044285237789154 0.10960374027490616 0.10189300775527954 0.09243050962686539 0.08712314814329147 0.08280970901250839 0.080025315284729 0.07626679539680481 0.07323822379112244 0.07120463997125626 0.06833251565694809 0.06740318238735199 0.06516014039516449 0.0641387403011322 0.06237398087978363 0.06156742200255394 0.06058729067444801 0.059059493243694305 0.057929348200559616 0.0572701171040535 0.05648303031921387 0.0559338703751564 0.05465708673000336 0.054001372307538986 0.05348029360175133 0.052948664873838425 0.05200400948524475 0.05166661739349365 0.0505373477935791 0.050731852650642395 0.050541989505290985 0.04925698786973953 0.049948908388614655 0.049096062779426575 0.048087649047374725 0.04813404008746147 0.048051655292510986 0.04714536666870117 0.046784162521362305 0.04682490602135658 0.04679735004901886 0.04663489758968353 0.04518385976552963 0.045327506959438324 0.044383466243743896 0.04473511874675751 0.04537424072623253 0.04494674131274223 0.04375594109296799 0.04431413486599922 0.044265344738960266 0.04343823716044426 0.04370289295911789 0.04295026510953903 0.042964451014995575 0.042875345796346664 0.04281855747103691 0.04244043305516243 0.042510002851486206 0.04248287156224251 0.04193190485239029 0.042013924568891525 0.04140067473053932 0.0411033071577549 0.041144292801618576 0.041896969079971313 0.040966909378767014 0.04111813008785248 0.0409514345228672 0.040572389960289 0.04097489267587662 0.04036819562315941 0.0401923768222332 0.04020942747592926 0.04048983380198479 0.040267087519168854 0.04054006561636925 0.03986094892024994 0.039887137711048126 0.03922513499855995 0.03923344239592552 0.039422549307346344 0.04009699821472168 0.03878847882151604 0.03880612924695015 0.03835340589284897 0.03857537731528282 0.038950446993112564 0.038826633244752884 0.038493718951940536 0.03847512975335121 0.038258470594882965 0.03880540281534195 0.03837798163294792 0.03832581639289856 0.03810422867536545 0.037892889231443405 0.03791382908821106 0.037616830319166183 0.03763825073838234 0.03777625411748886 0.03778012841939926 0.037089575082063675 0.03777952119708061 0.037298109382390976 0.037238627672195435 0.037498991936445236 0.03716909885406494 0.037448909133672714 0.03701191022992134 0.03695952519774437 0.03686322644352913 0.03682516887784004 0.03668234869837761 0.03664059564471245 0.03623368963599205 0.03666837140917778 0.03653109446167946 0.036448270082473755 0.036573559045791626 0.0365045927464962 0.036620937287807465 0.03606050834059715 0.03595969080924988 0.035930193960666656 0.03616348281502724 0.03608014062047005 0.0362187959253788 0.03571011498570442 0.03608238324522972 0.03614244610071182 0.03585352003574371 0.03541296720504761 0.035537801682949066 0.03591097518801689 0.03569785878062248 0.03573376312851906 0.035342179238796234 0.035315606743097305 0.0354480966925621 0.03542517125606537 0.03536876663565636 0.035218577831983566 0.03510161489248276 0.034987132996320724 0.03477407246828079 0.034702982753515244 0.03525540232658386 0.03465580567717552 0.03478236496448517 0.035000935196876526 0.03471735492348671 0.035077475011348724 0.03516985476016998 0.034720465540885925 0.03472248837351799 0.034606028348207474 0.03471142798662186 0.0346231684088707 0.03471929952502251 0.03467606008052826 0.034730881452560425 0.0345756970345974 0.03415711969137192 0.03441550210118294 0.0347067266702652 0.034160129725933075 0.03457382693886757 0.033934544771909714 0.03421930596232414 0.03400949016213417 0.03438083454966545 0.03388771414756775 0.03402608633041382 0.03365296497941017 0.03364349156618118 0.03387755528092384 0.03395281359553337 0.03391491621732712 0.03357275575399399 0.034086089581251144 0.033601682633161545 0.03407131880521774 0.033484771847724915 0.03368281200528145 0.03362995758652687 0.03370227664709091 0.03361896798014641 0.03303244709968567 0.033637337386608124 0.033705949783325195 0.033527977764606476 
train_loss3 0.4215449392795563 0.3952791690826416 0.3706275224685669 0.3410585820674896 0.3090769350528717 0.2676684260368347 0.2313125729560852 0.1975366324186325 0.17030631005764008 0.14745153486728668 0.13440406322479248 0.12092670798301697 0.11170389503240585 0.10551482439041138 0.10049238055944443 0.09667174518108368 0.09181114286184311 0.08875172585248947 0.08567944169044495 0.0825839638710022 0.08151347935199738 0.07894600927829742 0.07604042440652847 0.07512127608060837 0.07478242367506027 0.07185793668031693 0.07078789919614792 0.06924893707036972 0.06850484013557434 0.06759877502918243 0.06625571846961975 0.06459803134202957 0.06395334005355835 0.06288351863622665 0.06310687959194183 0.062197983264923096 0.060912709683179855 0.06057761237025261 0.060240328311920166 0.05920826271176338 0.059016983956098557 0.05813051015138626 0.05764519423246384 0.057091645896434784 0.05650164932012558 0.05606653168797493 0.05521804466843605 0.05522416532039642 0.05428074300289154 0.05419164523482323 0.05372105911374092 0.05285099521279335 0.05304887145757675 0.05243166163563728 0.052346549928188324 0.052017003297805786 0.05197545513510704 0.051653921604156494 0.051822904497385025 0.05101022124290466 0.05018164962530136 0.04980666562914848 0.050157856196165085 0.049500301480293274 0.049344390630722046 0.04903826490044594 0.04837159067392349 0.04906575009226799 0.04840724915266037 0.04805881157517433 0.04768034815788269 0.04777516424655914 0.046897631138563156 0.047387078404426575 0.04666433855891228 0.046632155776023865 0.046145666390657425 0.046594616025686264 0.04660002514719963 0.046193771064281464 0.046337272971868515 0.045665252953767776 0.04578358680009842 0.04510633274912834 0.04480057582259178 0.04565726965665817 0.045570094138383865 0.044681038707494736 0.04423651471734047 0.04477296024560928 0.04427963122725487 0.04402386024594307 0.044082969427108765 0.044053882360458374 0.04391986504197121 0.043848611414432526 0.0435895100235939 0.04293939471244812 0.04307324439287186 0.04292718693614006 0.04326249286532402 0.043235648423433304 0.0430874302983284 0.04265201464295387 0.04244518280029297 0.042237356305122375 0.04272013530135155 0.04254236817359924 0.0421118438243866 0.04178269952535629 0.04210152477025986 0.04210709407925606 0.041685305535793304 0.04188239946961403 0.04188446328043938 0.04163806512951851 0.04140763729810715 0.0412447564303875 0.04145147278904915 0.041553616523742676 0.04080316051840782 0.041748497635126114 0.040571995079517365 0.041002579033374786 0.04097786173224449 0.04052077978849411 0.04019765555858612 0.04061201587319374 0.040225379168987274 0.04017837718129158 0.040290869772434235 0.03968001529574394 0.04001281037926674 0.03987167030572891 0.03952271491289139 0.03968294337391853 0.039893221110105515 0.040116749703884125 0.039520230144262314 0.039304230362176895 0.03920428827404976 0.0394270159304142 0.0392904058098793 0.03949115797877312 0.03874184563755989 0.03903358429670334 0.03895071893930435 0.039209965616464615 0.03892818093299866 0.03901386260986328 0.03880663216114044 0.03907105699181557 0.038320478051900864 0.03838147222995758 0.03870394080877304 0.03843763470649719 0.03830412030220032 0.038442447781562805 0.03814493864774704 0.03823088854551315 0.03812926262617111 0.03841935843229294 0.038453541696071625 0.03827574476599693 0.03780088573694229 0.03768222779035568 0.03782006725668907 0.037904784083366394 0.03764483332633972 0.037843797355890274 0.03781876713037491 0.037457168102264404 0.037714555859565735 0.0374775268137455 0.037302300333976746 0.03711826726794243 0.03735560551285744 0.03690074011683464 0.036951761692762375 0.03739619627594948 0.03719170019030571 0.037430986762046814 0.03676067665219307 0.036778487265110016 0.03696412965655327 0.036444347351789474 0.03727670758962631 0.03682361915707588 0.03632063418626785 0.03636801615357399 0.036193329840898514 0.0369107723236084 0.036655277013778687 0.03614304959774017 0.03645697608590126 0.03647373616695404 0.036334991455078125 0.03642915189266205 0.03662324324250221 0.035878393799066544 
train_loss_all 0.4821237027645111 0.3867122530937195 0.3332296311855316 0.3062967360019684 0.2827160060405731 0.26245778799057007 0.24491360783576965 0.22815516591072083 0.21360807120800018 0.2017131745815277 0.1927691400051117 0.18626272678375244 0.18051935732364655 0.1763646900653839 0.17350997030735016 0.17055922746658325 0.16812069714069366 0.16658900678157806 0.1644095480442047 0.16299259662628174 0.16167697310447693 0.16038377583026886 0.15893231332302094 0.15844441950321198 0.15724287927150726 0.1563243269920349 0.15558336675167084 0.1548919379711151 0.15406300127506256 0.15364350378513336 0.15324357151985168 0.15245428681373596 0.1523706018924713 0.15137748420238495 0.1508331298828125 0.15048366785049438 0.15056654810905457 0.14984624087810516 0.14925219118595123 0.14921660721302032 0.1488528549671173 0.1483999788761139 0.148163303732872 0.14797647297382355 0.1474715769290924 0.14684008061885834 0.14685292541980743 0.14701826870441437 0.14594832062721252 0.14622250199317932 0.14560332894325256 0.1453905701637268 0.1454964429140091 0.14482514560222626 0.14519214630126953 0.14425165951251984 0.14411109685897827 0.14389102160930634 0.14406605064868927 0.14377179741859436 0.14384688436985016 0.14379002153873444 0.1431814432144165 0.14323952794075012 0.1432473063468933 0.1422196477651596 0.14238330721855164 0.14227384328842163 0.14265590906143188 0.14195796847343445 0.14154751598834991 0.14143161475658417 0.14116959273815155 0.14136266708374023 0.14110702276229858 0.14170002937316895 0.14117658138275146 0.14075423777103424 0.1411348581314087 0.14054818451404572 0.140333354473114 0.14046809077262878 0.14012564718723297 0.14038410782814026 0.13955272734165192 0.1399829238653183 0.14012883603572845 0.13963869214057922 0.13935217261314392 0.13931068778038025 0.1394921988248825 0.1392861157655716 0.1387726068496704 0.13854461908340454 0.13819770514965057 0.13807569444179535 0.13825999200344086 0.13811761140823364 0.13817787170410156 0.13787849247455597 0.1379271000623703 0.13791663944721222 0.13761037588119507 0.1376916617155075 0.13772903382778168 0.1373477578163147 0.13726551830768585 0.1368412971496582 0.13667656481266022 0.13676717877388 0.13663002848625183 0.13724040985107422 0.1366187334060669 0.13655948638916016 0.13625189661979675 0.13627509772777557 0.13640925288200378 0.13612733781337738 0.13597464561462402 0.1356925666332245 0.13634689152240753 0.13583290576934814 0.13568779826164246 0.13590040802955627 0.1351185292005539 0.13558357954025269 0.13529542088508606 0.1350790411233902 0.13524790108203888 0.13505667448043823 0.13473309576511383 0.13477396965026855 0.1344888061285019 0.13451549410820007 0.13460849225521088 0.1345408856868744 0.1340503841638565 0.13446179032325745 0.13428081572055817 0.13356846570968628 0.13384170830249786 0.13376599550247192 0.13374143838882446 0.1331692934036255 0.13361260294914246 0.1332704722881317 0.13318614661693573 0.13317112624645233 0.13327957689762115 0.13314767181873322 0.13321341574192047 0.1327720582485199 0.13241738080978394 0.1323968917131424 0.13275264203548431 0.13271546363830566 0.13277871906757355 0.13238978385925293 0.13237956166267395 0.13210465013980865 0.1322813481092453 0.13233758509159088 0.13228599727153778 0.13212217390537262 0.13169045746326447 0.13161754608154297 0.13141033053398132 0.1316305547952652 0.13133504986763 0.1313961297273636 0.13135592639446259 0.13120409846305847 0.1312282681465149 0.13110704720020294 0.13102416694164276 0.13097301125526428 0.13103540241718292 0.13065944612026215 0.13043107092380524 0.13023775815963745 0.13068686425685883 0.13076342642307281 0.13026028871536255 0.1303948014974594 0.1296965479850769 0.1302439421415329 0.13022547960281372 0.1298050433397293 0.130335733294487 0.1294778436422348 0.12995047867298126 0.12964309751987457 0.12930768728256226 0.1295032799243927 0.1295146942138672 0.12911255657672882 0.12983298301696777 0.12933585047721863 0.1293453872203827 0.12899728119373322 
train_loss_back 0.4821237027645111 0.3867122530937195 0.3332296311855316 0.3062967360019684 0.2827160060405731 0.26245778799057007 0.24491360783576965 0.22815516591072083 0.21360807120800018 0.2017131745815277 0.1927691400051117 0.18626272678375244 0.18051935732364655 0.1763646900653839 0.17350997030735016 0.17055922746658325 0.16812069714069366 0.16658900678157806 0.1644095480442047 0.16299259662628174 0.16167697310447693 0.16038377583026886 0.15893231332302094 0.15844441950321198 0.15724287927150726 0.1563243269920349 0.15558336675167084 0.1548919379711151 0.15406300127506256 0.15364350378513336 0.15324357151985168 0.15245428681373596 0.1523706018924713 0.15137748420238495 0.1508331298828125 0.15048366785049438 0.15056654810905457 0.14984624087810516 0.14925219118595123 0.14921660721302032 0.1488528549671173 0.1483999788761139 0.148163303732872 0.14797647297382355 0.1474715769290924 0.14684008061885834 0.14685292541980743 0.14701826870441437 0.14594832062721252 0.14622250199317932 0.14560332894325256 0.1453905701637268 0.1454964429140091 0.14482514560222626 0.14519214630126953 0.14425165951251984 0.14411109685897827 0.14389102160930634 0.14406605064868927 0.14377179741859436 0.14384688436985016 0.14379002153873444 0.1431814432144165 0.14323952794075012 0.1432473063468933 0.1422196477651596 0.14238330721855164 0.14227384328842163 0.14265590906143188 0.14195796847343445 0.14154751598834991 0.14143161475658417 0.14116959273815155 0.14136266708374023 0.14110702276229858 0.14170002937316895 0.14117658138275146 0.14075423777103424 0.1411348581314087 0.14054818451404572 0.140333354473114 0.14046809077262878 0.14012564718723297 0.14038410782814026 0.13955272734165192 0.1399829238653183 0.14012883603572845 0.13963869214057922 0.13935217261314392 0.13931068778038025 0.1394921988248825 0.1392861157655716 0.1387726068496704 0.13854461908340454 0.13819770514965057 0.13807569444179535 0.13825999200344086 0.13811761140823364 0.13817787170410156 0.13787849247455597 0.1379271000623703 0.13791663944721222 0.13761037588119507 0.1376916617155075 0.13772903382778168 0.1373477578163147 0.13726551830768585 0.1368412971496582 0.13667656481266022 0.13676717877388 0.13663002848625183 0.13724040985107422 0.1366187334060669 0.13655948638916016 0.13625189661979675 0.13627509772777557 0.13640925288200378 0.13612733781337738 0.13597464561462402 0.1356925666332245 0.13634689152240753 0.13583290576934814 0.13568779826164246 0.13590040802955627 0.1351185292005539 0.13558357954025269 0.13529542088508606 0.1350790411233902 0.13524790108203888 0.13505667448043823 0.13473309576511383 0.13477396965026855 0.1344888061285019 0.13451549410820007 0.13460849225521088 0.1345408856868744 0.1340503841638565 0.13446179032325745 0.13428081572055817 0.13356846570968628 0.13384170830249786 0.13376599550247192 0.13374143838882446 0.1331692934036255 0.13361260294914246 0.1332704722881317 0.13318614661693573 0.13317112624645233 0.13327957689762115 0.13314767181873322 0.13321341574192047 0.1327720582485199 0.13241738080978394 0.1323968917131424 0.13275264203548431 0.13271546363830566 0.13277871906757355 0.13238978385925293 0.13237956166267395 0.13210465013980865 0.1322813481092453 0.13233758509159088 0.13228599727153778 0.13212217390537262 0.13169045746326447 0.13161754608154297 0.13141033053398132 0.1316305547952652 0.13133504986763 0.1313961297273636 0.13135592639446259 0.13120409846305847 0.1312282681465149 0.13110704720020294 0.13102416694164276 0.13097301125526428 0.13103540241718292 0.13065944612026215 0.13043107092380524 0.13023775815963745 0.13068686425685883 0.13076342642307281 0.13026028871536255 0.1303948014974594 0.1296965479850769 0.1302439421415329 0.13022547960281372 0.1298050433397293 0.130335733294487 0.1294778436422348 0.12995047867298126 0.12964309751987457 0.12930768728256226 0.1295032799243927 0.1295146942138672 0.12911255657672882 0.12983298301696777 0.12933585047721863 0.1293453872203827 0.12899728119373322 
train_loss1_vel 0.014774833805859089 0.011714034713804722 0.01001774612814188 0.009234688244760036 0.008561274968087673 0.008010966703295708 0.007520542945712805 0.007047497201710939 0.006627996452152729 0.006283046677708626 0.0060163396410644054 0.00583075312897563 0.005659937392920256 0.00553598627448082 0.005451390519738197 0.00536307180300355 0.00529171759262681 0.0052469149231910706 0.005181746557354927 0.0051396614871919155 0.005099883768707514 0.0050612883642315865 0.005018397234380245 0.005004068370908499 0.004966289736330509 0.004940338898450136 0.0049181608483195305 0.004897634964436293 0.0048720757476985455 0.004859687760472298 0.004848776385188103 0.004825123120099306 0.004823290277272463 0.004792490974068642 0.004775398410856724 0.004765077494084835 0.00476946821436286 0.004746406339108944 0.004727656953036785 0.004728107247501612 0.004716104827821255 0.004702725913375616 0.004696092568337917 0.004690458066761494 0.004674691706895828 0.004655242431908846 0.004656482487916946 0.004661772400140762 0.004628039430826902 0.004637019708752632 0.004618299193680286 0.004611975513398647 0.004615793935954571 0.004594430793076754 0.004605913534760475 0.004576150793582201 0.004572352394461632 0.004565173294395208 0.004570714198052883 0.004562280140817165 0.004565093200653791 0.004563940688967705 0.0045441435649991035 0.004546492826193571 0.0045468769967556 0.004514266271144152 0.004519917070865631 0.004515965934842825 0.0045289769768714905 0.0045067304745316505 0.004494125954806805 0.004490505903959274 0.004482621792703867 0.004488097503781319 0.004480855539441109 0.004499840084463358 0.0044834204018116 0.004469783045351505 0.004481785465031862 0.004463525954633951 0.004456631373614073 0.004461365751922131 0.0044501423835754395 0.004458978772163391 0.004432316403836012 0.004445977509021759 0.004450703039765358 0.004435858689248562 0.004426922649145126 0.004425165709108114 0.004430928733199835 0.004425164312124252 0.00440863287076354 0.004401567857712507 0.004390393849462271 0.00438632071018219 0.004392458591610193 0.004388447385281324 0.0043903132900595665 0.004380902275443077 0.004381975624710321 0.004381882026791573 0.004372164607048035 0.004375146236270666 0.004376577213406563 0.004364448133856058 0.004361680708825588 0.004348156042397022 0.004343048203736544 0.004346145316958427 0.004341915249824524 0.004361147992312908 0.004341687075793743 0.00433970196172595 0.004329693038016558 0.004330751020461321 0.0043350448831915855 0.004326315131038427 0.004321323242038488 0.004312260076403618 0.004333708435297012 0.004316743928939104 0.0043127816170454025 0.004319566767662764 0.004294267389923334 0.004309521988034248 0.004300498403608799 0.004293256904929876 0.004298929590731859 0.004292760044336319 0.004282597918063402 0.004284302704036236 0.0042749810963869095 0.004275798797607422 0.004279019311070442 0.004276690538972616 0.004261090885847807 0.004273978993296623 0.004268474876880646 0.004245883785188198 0.004254927858710289 0.004252312704920769 0.004251412581652403 0.0042330496944487095 0.004247670527547598 0.0042367298156023026 0.004234082996845245 0.004233391024172306 0.004237038549035788 0.004232787527143955 0.004235086031258106 0.004220837727189064 0.004209928680211306 0.004209343809634447 0.004220615141093731 0.0042192935943603516 0.004221694078296423 0.004209078382700682 0.00420880364254117 0.004200078081339598 0.004205623175948858 0.004207223188132048 0.004205773118883371 0.004200613591820002 0.0041870796121656895 0.004184752237051725 0.004178073722869158 0.004185045603662729 0.004175727255642414 0.004177552182227373 0.004176353104412556 0.004171884618699551 0.004172393586486578 0.004168488085269928 0.004166194703429937 0.004164447542279959 0.00416663708165288 0.004154680762439966 0.004147430881857872 0.004140806384384632 0.004155567381531 0.004157826770097017 0.0041422294452786446 0.004146539140492678 0.004123927094042301 0.004141726065427065 0.00414070812985301 0.004127632826566696 0.004144669976085424 0.004117365926504135 0.004132386762648821 0.0041224341839551926 0.004111715126782656 0.00411828700453043 0.0041184513829648495 0.004105584230273962 0.004129049833863974 0.004112761002033949 0.004112930037081242 0.004102245904505253 
train_loss2_dep 11.046091079711914 9.442420959472656 8.365741729736328 7.1784348487854 6.123439788818359 5.177940368652344 4.604515552520752 4.038714408874512 3.613285779953003 3.288112163543701 3.0567901134490967 2.7729153633117676 2.613694429397583 2.4842913150787354 2.40075945854187 2.288003921508789 2.1971466541290283 2.136139154434204 2.0499753952026367 2.0220954418182373 1.9548041820526123 1.9241621494293213 1.8712193965911865 1.8470227718353271 1.817618727684021 1.771784782409668 1.7378804683685303 1.7181034088134766 1.694490909576416 1.678016185760498 1.6397125720977783 1.6200411319732666 1.6044087409973145 1.5884599685668945 1.5601203441619873 1.5499985218048096 1.516120433807373 1.5219556093215942 1.5162596702575684 1.4777096509933472 1.4984673261642456 1.4728819131851196 1.4426295757293701 1.444021224975586 1.4415496587753296 1.4143610000610352 1.4035248756408691 1.4047472476959229 1.4039205312728882 1.3990470170974731 1.3555158376693726 1.3598252534866333 1.331503987312317 1.3420535326004028 1.3612271547317505 1.3484022617340088 1.3126782178878784 1.3294240236282349 1.3279603719711304 1.3031471967697144 1.311086893081665 1.2885079383850098 1.288933515548706 1.2862603664398193 1.2845567464828491 1.2732129096984863 1.275300145149231 1.2744860649108887 1.2579572200775146 1.2604176998138428 1.2420202493667603 1.2330992221832275 1.2343288660049438 1.2569090127944946 1.2290072441101074 1.2335439920425415 1.2285430431365967 1.2171716690063477 1.229246735572815 1.2110458612442017 1.2057713270187378 1.2062828540802002 1.2146949768066406 1.2080127000808716 1.216201901435852 1.1958284378051758 1.196614146232605 1.176754117012024 1.1770033836364746 1.1826764345169067 1.2029099464416504 1.1636543273925781 1.1641838550567627 1.150602102279663 1.1572612524032593 1.1685134172439575 1.1647990942001343 1.1548115015029907 1.1542538404464722 1.1477540731430054 1.164162039756775 1.1513394117355347 1.1497745513916016 1.1431268453598022 1.136786699295044 1.137414813041687 1.1285048723220825 1.1291475296020508 1.1332876682281494 1.1334038972854614 1.1126872301101685 1.1333856582641602 1.118943214416504 1.1171588897705078 1.124969720840454 1.1150729656219482 1.123467206954956 1.1103572845458984 1.1087857484817505 1.1058968305587769 1.1047550439834595 1.1004705429077148 1.0992178916931152 1.0870107412338257 1.1000511646270752 1.0959328413009644 1.0934480428695679 1.097206711769104 1.0951377153396606 1.0986281633377075 1.081815242767334 1.0787907838821411 1.0779058933258057 1.084904432296753 1.0824042558670044 1.0865639448165894 1.0713034868240356 1.082471489906311 1.0842734575271606 1.0756056308746338 1.0623890161514282 1.0661340951919556 1.077329158782959 1.0709357261657715 1.0720129013061523 1.0602654218673706 1.059468150138855 1.0634429454803467 1.0627551078796387 1.0610629320144653 1.056557297706604 1.0530484914779663 1.0496139526367188 1.043222188949585 1.041089415550232 1.0576621294021606 1.039674162864685 1.0434709787368774 1.0500279664993286 1.041520595550537 1.0523242950439453 1.0550956726074219 1.041614055633545 1.0416746139526367 1.0381808280944824 1.041342854499817 1.0386950969696045 1.041579008102417 1.0402817726135254 1.0419265031814575 1.0372709035873413 1.0247136354446411 1.0324651002883911 1.0412018299102783 1.024803876876831 1.0372148752212524 1.0180363655090332 1.0265791416168213 1.0202847719192505 1.0314249992370605 1.0166313648223877 1.0207825899124146 1.0095889568328857 1.0093047618865967 1.016326665878296 1.0185843706130981 1.0174474716186523 1.0071825981140137 1.0225826501846313 1.0080504417419434 1.022139549255371 1.0045430660247803 1.0104844570159912 1.0088987350463867 1.011068344116211 1.0085690021514893 0.9909734725952148 1.0091201066970825 1.0111784934997559 1.0058393478393555 
train_loss3_thi 12.64634895324707 11.85837459564209 11.118825912475586 10.231758117675781 9.272308349609375 8.03005313873291 6.9393768310546875 5.926098823547363 5.109189510345459 4.423545837402344 4.0321221351623535 3.6278014183044434 3.351116895675659 3.1654446125030518 3.0147712230682373 2.9001524448394775 2.7543342113494873 2.6625516414642334 2.570383071899414 2.4775187969207764 2.445404291152954 2.368380308151245 2.28121280670166 2.25363826751709 2.2434728145599365 2.155738115310669 2.1236369609832764 2.077468156814575 2.055145025253296 2.027963161468506 1.9876714944839478 1.9379409551620483 1.91860032081604 1.8865054845809937 1.893206238746643 1.8659394979476929 1.8273813724517822 1.8173283338546753 1.807209849357605 1.7762478590011597 1.7705096006393433 1.7439152002334595 1.729355812072754 1.7127493619918823 1.695049524307251 1.6819959878921509 1.656541347503662 1.6567249298095703 1.6284222602844238 1.6257493495941162 1.6116317510604858 1.5855298042297363 1.5914660692214966 1.5729498863220215 1.5703965425491333 1.5605100393295288 1.5592637062072754 1.5496176481246948 1.5546871423721313 1.5303066968917847 1.5054494142532349 1.4941999912261963 1.5047357082366943 1.4850090742111206 1.4803317785263062 1.471147894859314 1.4511476755142212 1.4719725847244263 1.45221745967865 1.4417643547058105 1.430410385131836 1.4332549571990967 1.4069288969039917 1.42161226272583 1.3999301195144653 1.3989646434783936 1.384369969367981 1.3978384733200073 1.398000717163086 1.3858131170272827 1.39011812210083 1.3699575662612915 1.3735076189041138 1.3531899452209473 1.3440172672271729 1.369718074798584 1.367102861404419 1.3404310941696167 1.32709538936615 1.343188762664795 1.3283889293670654 1.3207159042358398 1.3224890232086182 1.321616530418396 1.3175959587097168 1.3154584169387817 1.3076852560043335 1.2881819009780884 1.2921972274780273 1.2878156900405884 1.2978748083114624 1.2970694303512573 1.2926229238510132 1.2795603275299072 1.273355484008789 1.267120599746704 1.2816040515899658 1.2762709856033325 1.2633553743362427 1.2534810304641724 1.2630456686019897 1.26321280002594 1.2505592107772827 1.2564719915390015 1.2565339803695679 1.2491419315338135 1.2422291040420532 1.2373427152633667 1.2435442209243774 1.2466084957122803 1.2240948677062988 1.2524549961090088 1.2171598672866821 1.2300773859024048 1.229335904121399 1.215623378753662 1.2059296369552612 1.218360424041748 1.206761360168457 1.2053513526916504 1.2087260484695435 1.1904003620147705 1.200384259223938 1.1961500644683838 1.1856814622879028 1.1904882192611694 1.1967966556549072 1.2035025358200073 1.1856069564819336 1.1791268587112427 1.176128625869751 1.1828104257583618 1.178712248802185 1.1847347021102905 1.1622552871704102 1.171007513999939 1.168521523475647 1.176298975944519 1.167845368385315 1.1704158782958984 1.164198875427246 1.1721316576004028 1.1496143341064453 1.1514441967010498 1.1611181497573853 1.153128981590271 1.1491235494613647 1.1532734632492065 1.14434814453125 1.1469266414642334 1.1438778638839722 1.1525808572769165 1.1536061763763428 1.1482723951339722 1.1340265274047852 1.1304668188095093 1.1346019506454468 1.1371434926986694 1.1293450593948364 1.1353139877319336 1.1345629692077637 1.1237150430679321 1.1314367055892944 1.1243258714675903 1.11906898021698 1.1135480403900146 1.1206681728363037 1.1070221662521362 1.1085528135299683 1.121885895729065 1.115751028060913 1.122929573059082 1.1028202772140503 1.1033546924591064 1.1089239120483398 1.0933305025100708 1.118301272392273 1.1047085523605347 1.0896190404891968 1.0910404920578003 1.0857998132705688 1.107323169708252 1.0996583700180054 1.0842914581298828 1.0937092304229736 1.0942120552062988 1.0900497436523438 1.092874526977539 1.098697304725647 1.0763518810272217 
validate_loss1 0.42038771510124207 0.3291800916194916 0.30302971601486206 0.2778414487838745 0.262378990650177 0.2540907561779022 0.24970296025276184 0.2495637983083725 0.24782417714595795 0.24874939024448395 0.24828533828258514 0.24880345165729523 0.2483532577753067 0.24669025838375092 0.24755094945430756 0.2471747100353241 0.2465774267911911 0.245705708861351 0.24658258259296417 0.24651020765304565 0.2462300956249237 0.2471695989370346 0.24726031720638275 0.24643835425376892 0.24491561949253082 0.245671346783638 0.24579495191574097 0.24546217918395996 0.24463911354541779 0.244594544172287 0.24463213980197906 0.2452094703912735 0.2451416552066803 0.24519073963165283 0.24451091885566711 0.24447199702262878 0.24476879835128784 0.24442598223686218 0.24401116371154785 0.24347680807113647 0.24331556260585785 0.24401794373989105 0.24377039074897766 0.2436201274394989 0.24366870522499084 0.24327781796455383 0.24325811862945557 0.24311281740665436 0.24352683126926422 0.24354512989521027 0.2433486133813858 0.24321354925632477 0.2434423863887787 0.24302880465984344 0.24303844571113586 0.24271750450134277 0.24282129108905792 0.24287454783916473 0.2424718588590622 0.24283349514007568 0.243055060505867 0.2427804321050644 0.2431929111480713 0.24284937977790833 0.2431996911764145 0.24224251508712769 0.24314609169960022 0.24279268085956573 0.24228888750076294 0.24269777536392212 0.24176882207393646 0.2420358955860138 0.2421955168247223 0.242338165640831 0.2423226535320282 0.2419157177209854 0.2416916936635971 0.2421974539756775 0.24194857478141785 0.24228623509407043 0.24172860383987427 0.2416861653327942 0.24176813662052155 0.2420349419116974 0.24138526618480682 0.24155879020690918 0.24185676872730255 0.24117732048034668 0.24148601293563843 0.24142414331436157 0.24132445454597473 0.2417280673980713 0.24149850010871887 0.24143433570861816 0.24120399355888367 0.24142025411128998 0.2413567304611206 0.24113738536834717 0.24140428006649017 0.2411964386701584 0.2409202754497528 0.24118222296237946 0.2412845343351364 0.24072842299938202 0.24097518622875214 0.24100248515605927 0.2410656213760376 0.24082522094249725 0.24061502516269684 0.24086327850818634 0.24065420031547546 0.2406681776046753 0.24070890247821808 0.24028566479682922 0.24040859937667847 0.24028228223323822 0.24046212434768677 0.24131695926189423 0.2410723865032196 0.24048136174678802 0.24055412411689758 0.24087795615196228 0.2404300570487976 0.24013808369636536 0.24068036675453186 0.2403489649295807 0.2407982051372528 0.24034826457500458 0.24012117087841034 0.24030092358589172 0.24023786187171936 0.2403302788734436 0.2402406930923462 0.24054789543151855 0.24055148661136627 0.24013175070285797 0.24012961983680725 0.2399682253599167 0.2399054914712906 0.23997384309768677 0.24026618897914886 0.24081088602542877 0.24046018719673157 0.24031662940979004 0.23983809351921082 0.2399987131357193 0.24032312631607056 0.2402246743440628 0.23976445198059082 0.23971371352672577 0.23948608338832855 0.24020402133464813 0.2399391382932663 0.24001795053482056 0.23979824781417847 0.23972377181053162 0.23992379009723663 0.23999661207199097 0.23983339965343475 0.24017640948295593 0.23976750671863556 0.2400408834218979 0.23989203572273254 0.2398224174976349 0.2401372343301773 0.23962576687335968 0.24007682502269745 0.23986831307411194 0.24013033509254456 0.24018219113349915 0.24017953872680664 0.24052411317825317 0.24051599204540253 0.2398124784231186 0.2398443967103958 0.24015426635742188 0.2402026206254959 0.2396056354045868 0.23990066349506378 0.23970822989940643 0.23977234959602356 0.23956197500228882 0.23984341323375702 0.23946215212345123 0.23924830555915833 0.23957498371601105 0.23965688049793243 0.2398691624403 0.23996227979660034 0.2392638623714447 0.23996275663375854 0.2399534285068512 0.23949237167835236 0.23968201875686646 0.2394363284111023 0.23955290019512177 0.2397388368844986 0.2396487295627594 0.23980067670345306 0.23986180126667023 
validate_loss2 0.3224520683288574 0.2942366600036621 0.2960034906864166 0.28169095516204834 0.27417516708374023 0.2817140221595764 0.27753424644470215 0.28840112686157227 0.2826014757156372 0.280387818813324 0.2774544358253479 0.2809595763683319 0.2777310013771057 0.2820509672164917 0.2829422652721405 0.2797658443450928 0.27831801772117615 0.27682891488075256 0.27675148844718933 0.27550581097602844 0.27775394916534424 0.28038132190704346 0.2799672484397888 0.2773969769477844 0.27888473868370056 0.277091383934021 0.2775186598300934 0.27968618273735046 0.27578750252723694 0.2756403684616089 0.27716922760009766 0.2768113315105438 0.2768484652042389 0.277151882648468 0.27729663252830505 0.27501147985458374 0.2777083218097687 0.2764626741409302 0.275411456823349 0.2744292616844177 0.27401232719421387 0.2743326425552368 0.27556389570236206 0.27814966440200806 0.2763131558895111 0.2765991687774658 0.27602219581604004 0.2763477563858032 0.27562063932418823 0.2757507264614105 0.2766202688217163 0.277211993932724 0.27601537108421326 0.27649742364883423 0.27474403381347656 0.2749597430229187 0.2766196131706238 0.27586740255355835 0.27602726221084595 0.2771346867084503 0.27512410283088684 0.275325208902359 0.2755715847015381 0.27424415946006775 0.27603068947792053 0.27586326003074646 0.27694275975227356 0.2756044566631317 0.2764644920825958 0.2758302688598633 0.2747565507888794 0.2756083607673645 0.2753097414970398 0.27470827102661133 0.27549228072166443 0.2756860852241516 0.27563852071762085 0.27497848868370056 0.275605171918869 0.27616530656814575 0.27607089281082153 0.2752687931060791 0.2771075367927551 0.27629554271698 0.27735376358032227 0.27732053399086 0.2762121856212616 0.27684083580970764 0.2769870162010193 0.27758634090423584 0.27622392773628235 0.27659711241722107 0.2765676975250244 0.2752717435359955 0.27514103055000305 0.27665436267852783 0.2745365798473358 0.2754735052585602 0.27713653445243835 0.27566415071487427 0.2771437168121338 0.2772923409938812 0.27803072333335876 0.2757612466812134 0.27560529112815857 0.27603089809417725 0.27645087242126465 0.2766069769859314 0.27599048614501953 0.27637621760368347 0.27671462297439575 0.27530917525291443 0.27774548530578613 0.2768973708152771 0.2763069272041321 0.2761896848678589 0.27572593092918396 0.2761952579021454 0.27626901865005493 0.27711284160614014 0.2767511010169983 0.2776356637477875 0.276652455329895 0.2740119695663452 0.2780439257621765 0.27775081992149353 0.2772114872932434 0.27622777223587036 0.27634289860725403 0.2766622304916382 0.27617084980010986 0.2764517664909363 0.27686136960983276 0.27657198905944824 0.27638623118400574 0.2775503695011139 0.2771495580673218 0.27680298686027527 0.27731606364250183 0.27670222520828247 0.2773015797138214 0.27800604701042175 0.27661797404289246 0.27737662196159363 0.27632060647010803 0.2757546305656433 0.2779763340950012 0.27905702590942383 0.27735936641693115 0.27677011489868164 0.27636581659317017 0.27797582745552063 0.27826884388923645 0.2781113088130951 0.27988094091415405 0.27891117334365845 0.27867984771728516 0.2778409719467163 0.278430312871933 0.2791118621826172 0.2789821922779083 0.27761074900627136 0.27771416306495667 0.2776390016078949 0.278649240732193 0.27859899401664734 0.2776681184768677 0.2788144648075104 0.2788112163543701 0.2782619595527649 0.27882441878318787 0.2781258523464203 0.2784421145915985 0.27896177768707275 0.27779024839401245 0.27906304597854614 0.27888745069503784 0.2785933017730713 0.2779480516910553 0.2775305509567261 0.2790018916130066 0.27970337867736816 0.27916598320007324 0.27931493520736694 0.2790135145187378 0.2781250476837158 0.2794308364391327 0.2786734700202942 0.27838754653930664 0.2783273756504059 0.27830275893211365 0.2778056561946869 0.279615581035614 0.27999457716941833 0.27955907583236694 0.2799072265625 0.27936768531799316 0.27922940254211426 0.27865132689476013 0.2797027826309204 
validate_loss3 0.3929677903652191 0.3770322799682617 0.37368863821029663 0.36465364694595337 0.37995079159736633 0.3760511577129364 0.36324673891067505 0.3842112720012665 0.37504759430885315 0.37970036268234253 0.37410426139831543 0.37547633051872253 0.37854456901550293 0.375034362077713 0.37780386209487915 0.3729609549045563 0.37242281436920166 0.3728937804698944 0.3729473650455475 0.37494105100631714 0.37557360529899597 0.37243932485580444 0.37231120467185974 0.3733825981616974 0.3724355399608612 0.3733852207660675 0.3732548654079437 0.3738901913166046 0.3725826144218445 0.37046143412590027 0.37174466252326965 0.3722405731678009 0.3709665536880493 0.37172359228134155 0.3700013756752014 0.3705810606479645 0.3739836513996124 0.3697736859321594 0.371052622795105 0.371381938457489 0.3692219853401184 0.370116651058197 0.3717883229255676 0.37152549624443054 0.37034738063812256 0.372363805770874 0.37239158153533936 0.37372294068336487 0.37290534377098083 0.37085485458374023 0.3732095956802368 0.37042978405952454 0.3742159903049469 0.37432411313056946 0.37205490469932556 0.3728933334350586 0.3725997805595398 0.3712666928768158 0.3727530837059021 0.37281933426856995 0.371905118227005 0.3724352717399597 0.3716738224029541 0.37253496050834656 0.3718939423561096 0.37318336963653564 0.37208080291748047 0.3717862665653229 0.3721277415752411 0.37254005670547485 0.37066614627838135 0.37258484959602356 0.3722791075706482 0.3725437819957733 0.3726608157157898 0.37181079387664795 0.37380003929138184 0.3710329234600067 0.37182605266571045 0.3733413815498352 0.3720572590827942 0.37118035554885864 0.37302932143211365 0.37275969982147217 0.37425172328948975 0.3730662763118744 0.3726862072944641 0.37410521507263184 0.37179702520370483 0.3725699782371521 0.3716215193271637 0.37252163887023926 0.37315550446510315 0.37325844168663025 0.37119540572166443 0.37153053283691406 0.372501939535141 0.3715481758117676 0.371978759765625 0.37185513973236084 0.37183791399002075 0.37247782945632935 0.37190744280815125 0.37029677629470825 0.37283772230148315 0.3716534376144409 0.37191566824913025 0.37179651856422424 0.37279456853866577 0.3719102144241333 0.37152183055877686 0.3719877004623413 0.3708191514015198 0.3695526123046875 0.37131163477897644 0.3708580434322357 0.3725127875804901 0.37153199315071106 0.37221482396125793 0.3712417185306549 0.37138938903808594 0.37272873520851135 0.37257322669029236 0.3710322976112366 0.37269827723503113 0.37272408604621887 0.3731605112552643 0.3723066449165344 0.37339043617248535 0.3732529878616333 0.3732197880744934 0.37200260162353516 0.37288323044776917 0.3734406530857086 0.3727484345436096 0.37313342094421387 0.3734183609485626 0.3738732635974884 0.3732603192329407 0.3735540509223938 0.3732815682888031 0.3740113079547882 0.3731292188167572 0.3733196258544922 0.37316200137138367 0.37333032488822937 0.37287887930870056 0.3724251091480255 0.37247294187545776 0.3725305199623108 0.37372052669525146 0.37433916330337524 0.374337375164032 0.37438419461250305 0.3744950592517853 0.374482661485672 0.373037725687027 0.37427663803100586 0.37376296520233154 0.37478482723236084 0.3743355870246887 0.37443211674690247 0.37458139657974243 0.3747601807117462 0.37406492233276367 0.3749067783355713 0.3739139139652252 0.3746189475059509 0.37364792823791504 0.37535560131073 0.3747311234474182 0.37533384561538696 0.37501272559165955 0.37434473633766174 0.3751989006996155 0.37562111020088196 0.3743601441383362 0.3739652633666992 0.3759106993675232 0.37602102756500244 0.37431418895721436 0.37624242901802063 0.3741731345653534 0.3741247057914734 0.3742097318172455 0.37448981404304504 0.3741406798362732 0.3743651211261749 0.3746369779109955 0.3743734359741211 0.374161034822464 0.37507718801498413 0.37548789381980896 0.37573203444480896 0.375801682472229 0.3749321401119232 0.37600088119506836 0.37619972229003906 0.37503519654273987 0.3768567144870758 
validate_loss_all 0.41368404030799866 0.3302513659000397 0.3072330355644226 0.28390762209892273 0.27139896154403687 0.2644871771335602 0.259439080953598 0.26178401708602905 0.2591588795185089 0.2601960301399231 0.2591409981250763 0.2599171996116638 0.25959476828575134 0.25816601514816284 0.2591858506202698 0.2582519054412842 0.25760960578918457 0.2568191587924957 0.25755932927131653 0.2575899064540863 0.2575497329235077 0.25824257731437683 0.2582818865776062 0.25751546025276184 0.25624436140060425 0.2568488121032715 0.2569691240787506 0.2568809986114502 0.25582632422447205 0.2555980980396271 0.2558365762233734 0.25634339451789856 0.2561798095703125 0.25630509853363037 0.2555936872959137 0.25546497106552124 0.25617802143096924 0.25544944405555725 0.25514161586761475 0.25465667247772217 0.2543092668056488 0.25499895215034485 0.2550112009048462 0.25502708554267883 0.25484976172447205 0.2547112703323364 0.2546602487564087 0.2546733021736145 0.2549054026603699 0.25475308299064636 0.2548450827598572 0.2545303702354431 0.25497230887413025 0.2546640634536743 0.2543647587299347 0.25418025255203247 0.2543482780456543 0.2542303800582886 0.2540292739868164 0.25441044569015503 0.25439006090164185 0.2542170286178589 0.2545148730278015 0.2542150020599365 0.25456875562667847 0.2538628578186035 0.254597932100296 0.25418925285339355 0.25384920835494995 0.2541886270046234 0.2531759440898895 0.25362083315849304 0.2537097930908203 0.2538144588470459 0.2538614869117737 0.2534577548503876 0.253438264131546 0.2535828649997711 0.25348156690597534 0.2539326548576355 0.25334614515304565 0.25318336486816406 0.25353002548217773 0.2536791265010834 0.2533298432826996 0.2533707916736603 0.2535174489021301 0.25310924649238586 0.25317829847335815 0.2532316744327545 0.2529780864715576 0.25341957807540894 0.2532793879508972 0.2531512677669525 0.25277042388916016 0.25307852029800415 0.25297337770462036 0.25276613235473633 0.2531348466873169 0.2528546154499054 0.25271591544151306 0.25300124287605286 0.2530856132507324 0.25233224034309387 0.25274980068206787 0.2526974678039551 0.252800315618515 0.25259777903556824 0.2524678707122803 0.2526247799396515 0.2524370551109314 0.2523987889289856 0.252488911151886 0.2519686222076416 0.25218600034713745 0.25203290581703186 0.2522977888584137 0.252962201833725 0.2528201937675476 0.2522931694984436 0.2523437738418579 0.2527892589569092 0.25233572721481323 0.2517867982387543 0.25264692306518555 0.25235167145729065 0.2527323067188263 0.2522164583206177 0.2521272301673889 0.2522869110107422 0.25219935178756714 0.25218936800956726 0.25221699476242065 0.25250500440597534 0.2524358928203583 0.2521917521953583 0.2521888315677643 0.25207051634788513 0.25199756026268005 0.25204089283943176 0.25230151414871216 0.25286826491355896 0.25240716338157654 0.2523520588874817 0.25186803936958313 0.2519811987876892 0.25235798954963684 0.2523060441017151 0.2518133223056793 0.2517375648021698 0.2516239881515503 0.25238507986068726 0.2521815299987793 0.2522415518760681 0.2521820068359375 0.25205519795417786 0.2520820200443268 0.252196729183197 0.2520531117916107 0.2524745464324951 0.2520836591720581 0.25223255157470703 0.2521273195743561 0.25207963585853577 0.25234875082969666 0.2519897222518921 0.2522212266921997 0.25218212604522705 0.2523171603679657 0.2524740695953369 0.2524538040161133 0.252750426530838 0.25273606181144714 0.25212088227272034 0.25214627385139465 0.2525258958339691 0.25244489312171936 0.2518901526927948 0.2522660791873932 0.25208723545074463 0.25208714604377747 0.25212523341178894 0.2521451711654663 0.25183069705963135 0.25163906812667847 0.25187984108924866 0.2520030438899994 0.2521514892578125 0.2522348165512085 0.2516217529773712 0.25218814611434937 0.25222814083099365 0.2519949674606323 0.2522001564502716 0.2519718110561371 0.2520160973072052 0.2522304654121399 0.2521633505821228 0.25215113162994385 0.2524305284023285 
validate_loss1_vel 0.01261163130402565 0.00987540278583765 0.009090892039239407 0.008335243910551071 0.007871369831264019 0.007622722536325455 0.007491088937968016 0.0074869138188660145 0.007434725295752287 0.007462481968104839 0.0074485600925982 0.007464103400707245 0.007450597360730171 0.007400707807391882 0.007426528725773096 0.0074152410961687565 0.007397322915494442 0.007371171377599239 0.007397477515041828 0.007395306136459112 0.007386902812868357 0.0074150883592665195 0.007417809218168259 0.007393150590360165 0.007347468752413988 0.00737014040350914 0.007373848930001259 0.007363865152001381 0.007339173462241888 0.0073378365486860275 0.007338964380323887 0.007356284186244011 0.007354249246418476 0.0073557221330702305 0.007335327565670013 0.007334160152822733 0.007343064062297344 0.0073327794671058655 0.0073203351348638535 0.007304304279386997 0.007299466989934444 0.00732053816318512 0.007313111796975136 0.00730860373005271 0.007310061249881983 0.007298334501683712 0.0072977435775101185 0.007293384522199631 0.00730580510571599 0.007306354120373726 0.007300458382815123 0.007296406198292971 0.007303271442651749 0.007290863897651434 0.007291153073310852 0.0072815255261957645 0.007284638937562704 0.00728623615577817 0.007274155970662832 0.007285004481673241 0.007291651796549559 0.007283412851393223 0.007295787334442139 0.007285481318831444 0.007295990828424692 0.007267275359481573 0.0072943828999996185 0.007283780258148909 0.007268666755408049 0.007280933205038309 0.007253064773976803 0.00726107694208622 0.007265865337103605 0.007270144764333963 0.007269679568707943 0.007257471326738596 0.007250750903040171 0.007265924010425806 0.0072584571316838264 0.007268587127327919 0.0072518582455813885 0.007250585127621889 0.007253044284880161 0.007261048071086407 0.007241557817906141 0.007246763911098242 0.007255702745169401 0.0072353193536400795 0.007244580425322056 0.007242724299430847 0.0072397333569824696 0.00725184241309762 0.007244954816997051 0.007243030238896608 0.0072361198253929615 0.007242607418447733 0.00724070193246007 0.007234121672809124 0.007242128252983093 0.007235893048346043 0.007227608002722263 0.007235466968268156 0.007238536141812801 0.007221852894872427 0.007229255512356758 0.007230074144899845 0.0072319689206779 0.007224756758660078 0.007218450773507357 0.007225898560136557 0.007219626102596521 0.007220045197755098 0.007221267092972994 0.007208569906651974 0.007212257944047451 0.007208468392491341 0.007213863544166088 0.007239508908241987 0.007232171483337879 0.00721444096416235 0.007216623518615961 0.0072263386100530624 0.00721290148794651 0.007204142399132252 0.007220410741865635 0.007210468873381615 0.007223946508020163 0.007210447918623686 0.007203635293990374 0.007209027651697397 0.007207136135548353 0.007209908217191696 0.007207220885902643 0.007216436788439751 0.007216544821858406 0.0072039528749883175 0.007203888613730669 0.007199046667665243 0.007197164930403233 0.0071992152370512486 0.00720798596739769 0.007224326487630606 0.007213805802166462 0.007209498900920153 0.007195143029093742 0.0071999612264335155 0.007209694012999535 0.007206740323454142 0.007192933466285467 0.007191411219537258 0.0071845827624201775 0.007206120993942022 0.0071981740184128284 0.007200538646429777 0.007193947676569223 0.007191713433712721 0.007197713479399681 0.007199898362159729 0.007195001933723688 0.0072052921168506145 0.007193025201559067 0.007201226428151131 0.0071967607364058495 0.0071946727111935616 0.00720411678776145 0.0071887727826833725 0.007202304899692535 0.007196049205958843 0.007203910034149885 0.00720546580851078 0.007205386180430651 0.007215723395347595 0.007215479854494333 0.007194374222308397 0.007195331621915102 0.007204628083854914 0.007206078618764877 0.007188168819993734 0.00719702010974288 0.0071912468411028385 0.007193170487880707 0.007186858914792538 0.007195302285254002 0.007183864247053862 0.00717744929715991 0.007187249604612589 0.0071897064335644245 0.007196074817329645 0.007198868319392204 0.0071779158897697926 0.007198882754892111 0.007198602892458439 0.007184771355241537 0.007190460804849863 0.007183089852333069 0.00718658696860075 0.007192165125161409 0.007189461961388588 0.007194020319730043 0.007195854093879461 
validate_loss2_dep 9.673562049865723 8.827099800109863 8.880105018615723 8.450728416442871 8.225255012512207 8.451420783996582 8.326026916503906 8.652033805847168 8.478043556213379 8.41163444519043 8.323633193969727 8.428787231445312 8.331930160522461 8.461528778076172 8.48826789855957 8.392975807189941 8.349540710449219 8.3048677444458 8.302544593811035 8.26517391204834 8.332618713378906 8.411439895629883 8.399017333984375 8.32190990447998 8.366541862487793 8.312742233276367 8.325559616088867 8.390584945678711 8.273624420166016 8.269210815429688 8.31507682800293 8.304339408874512 8.305453300476074 8.314557075500488 8.318899154663086 8.250344276428223 8.331250190734863 8.293880462646484 8.262344360351562 8.232877731323242 8.220369338989258 8.229978561401367 8.26691722869873 8.344490051269531 8.289395332336426 8.297975540161133 8.280665397644043 8.290432929992676 8.268619537353516 8.27252197265625 8.29860782623291 8.316360473632812 8.280461311340332 8.294922828674316 8.242321014404297 8.248791694641113 8.298588752746582 8.276021957397461 8.280817985534668 8.314041137695312 8.25372314453125 8.259756088256836 8.2671480178833 8.227324485778809 8.28092098236084 8.275897979736328 8.308282852172852 8.268134117126465 8.29393482208252 8.274908065795898 8.242696762084961 8.268250465393066 8.259292602539062 8.24124813079834 8.264768600463867 8.27058219909668 8.269156455993652 8.249354362487793 8.268155097961426 8.284958839416504 8.282127380371094 8.258063316345215 8.313225746154785 8.28886604309082 8.320612907409668 8.319616317749023 8.286365509033203 8.305225372314453 8.309610366821289 8.327590942382812 8.286717414855957 8.297913551330566 8.29703140258789 8.25815200805664 8.254230499267578 8.299631118774414 8.23609733581543 8.264205932617188 8.314096450805664 8.269925117492676 8.314311027526855 8.318770408630371 8.340921401977539 8.272836685180664 8.268158912658691 8.280926704406738 8.293525695800781 8.298209190368652 8.279714584350586 8.29128646850586 8.301438331604004 8.259275436401367 8.332365036010742 8.306921005249023 8.28920841217041 8.285691261291504 8.271778106689453 8.285858154296875 8.288070678710938 8.313385009765625 8.302533149719238 8.329069137573242 8.29957389831543 8.220358848571777 8.341318130493164 8.332525253295898 8.316344261169434 8.286832809448242 8.290287017822266 8.299866676330566 8.285125732421875 8.293553352355957 8.305841445922852 8.297159194946289 8.291587829589844 8.32651138305664 8.314486503601074 8.304089546203613 8.31948184967041 8.301066398620605 8.319046974182129 8.340181350708008 8.298539161682129 8.321298599243164 8.289618492126465 8.272639274597168 8.339290618896484 8.371710777282715 8.320781707763672 8.30310344696045 8.290974617004395 8.339274406433105 8.348065376281738 8.343338966369629 8.396429061889648 8.367335319519043 8.360395431518555 8.33522891998291 8.352910041809082 8.373355865478516 8.369465827941895 8.328322410583496 8.331424713134766 8.329169273376465 8.359477996826172 8.357969284057617 8.33004379272461 8.364434242248535 8.364336967468262 8.347858428955078 8.36473274230957 8.343775749206543 8.353262901306152 8.368852615356445 8.333706855773926 8.371891021728516 8.366622924804688 8.35779857635498 8.338440895080566 8.325916290283203 8.37005615234375 8.391100883483887 8.374979972839355 8.379447937011719 8.370406150817871 8.343751907348633 8.382925033569336 8.360203742980957 8.3516263961792 8.349821090698242 8.349082946777344 8.3341703414917 8.388467788696289 8.399837493896484 8.386772155761719 8.397216796875 8.381031036376953 8.37688159942627 8.359539985656738 8.391083717346191 
validate_loss3_thi 11.789033889770508 11.310968399047852 11.21065902709961 10.93960952758789 11.398523330688477 11.281535148620605 10.897401809692383 11.526337623596191 11.25142765045166 11.391010284423828 11.223127365112305 11.264289855957031 11.356337547302246 11.251030921936035 11.334115982055664 11.18882942199707 11.172684669494629 11.186813354492188 11.188420295715332 11.248230934143066 11.267208099365234 11.173179626464844 11.169336318969727 11.201478004455566 11.173066139221191 11.201557159423828 11.197646141052246 11.216706275939941 11.177478790283203 11.113842964172363 11.152339935302734 11.167217254638672 11.128996849060059 11.151707649230957 11.100041389465332 11.117431640625 11.21950912475586 11.09321117401123 11.131579399108887 11.141458511352539 11.076659202575684 11.103499412536621 11.153650283813477 11.14576530456543 11.110421180725098 11.170913696289062 11.171748161315918 11.211688041687012 11.18716049194336 11.125645637512207 11.196288108825684 11.112893104553223 11.226480484008789 11.22972297668457 11.161646842956543 11.186800003051758 11.177992820739746 11.138001441955566 11.182592391967773 11.184579849243164 11.157153129577637 11.173057556152344 11.150214195251465 11.17604923248291 11.156818389892578 11.195501327514648 11.162424087524414 11.15358829498291 11.163832664489746 11.176200866699219 11.119983673095703 11.177545547485352 11.168373107910156 11.176313400268555 11.179823875427246 11.154324531555176 11.214000701904297 11.130988121032715 11.154781341552734 11.200242042541504 11.161718368530273 11.135411262512207 11.190879821777344 11.182790756225586 11.227551460266113 11.191988945007324 11.180585861206055 11.223156929016113 11.153910636901855 11.17710018157959 11.148645401000977 11.17564868927002 11.19466495513916 11.197752952575684 11.135862350463867 11.145915985107422 11.175058364868164 11.146445274353027 11.15936279296875 11.155653953552246 11.155137062072754 11.174335479736328 11.15722370147705 11.108902931213379 11.185132026672363 11.149602890014648 11.157470703125 11.153895378112793 11.183836936950684 11.157306671142578 11.145655632019043 11.15963077545166 11.124574661254883 11.086578369140625 11.139348983764648 11.125741004943848 11.175383567810059 11.145959854125977 11.166444778442383 11.137251853942871 11.141681671142578 11.181861877441406 11.177196502685547 11.130969047546387 11.180948257446289 11.181722640991211 11.194815635681152 11.169198989868164 11.201712608337402 11.197589874267578 11.196593284606934 11.160078048706055 11.18649673461914 11.203219413757324 11.182453155517578 11.194003105163574 11.202550888061523 11.216197967529297 11.197809219360352 11.206621170043945 11.198447227478027 11.220338821411133 11.193877220153809 11.199588775634766 11.194859504699707 11.199910163879395 11.18636703491211 11.17275333404541 11.174187660217285 11.175915718078613 11.211615562438965 11.230175018310547 11.230120658874512 11.231525421142578 11.234851837158203 11.234479904174805 11.191131591796875 11.228299140930176 11.212888717651367 11.243544578552246 11.230067253112793 11.232963562011719 11.237442016601562 11.242805480957031 11.22194766998291 11.24720287322998 11.21741771697998 11.238568305969238 11.209437370300293 11.26066780090332 11.241933822631836 11.260015487670898 11.250381469726562 11.230341911315918 11.255967140197754 11.268632888793945 11.230804443359375 11.218957901000977 11.277320861816406 11.280631065368652 11.229425430297852 11.287272453308105 11.225193977355957 11.22374153137207 11.22629165649414 11.234694480895996 11.224220275878906 11.230953216552734 11.23910903930664 11.231203079223633 11.224830627441406 11.252315521240234 11.264636039733887 11.271961212158203 11.274049758911133 11.247963905334473 11.28002643585205 11.285991668701172 11.251055717468262 11.30570125579834 
