step 0 1 2 3 4 5 6 7 8 9 10 11 12 13 14 15 16 17 18 19 20 21 22 23 24 25 26 27 28 29 30 31 32 33 34 35 36 37 38 39 40 41 42 43 44 45 46 47 48 49 50 51 52 53 54 55 56 57 58 59 60 61 62 63 64 65 66 67 68 69 70 71 72 73 74 75 76 77 78 79 80 81 82 83 84 85 86 87 88 89 90 91 92 93 94 95 96 97 98 99 100 101 102 103 104 105 106 107 108 109 110 111 112 113 114 115 116 117 118 119 120 121 122 123 124 125 126 127 128 129 130 131 132 133 134 135 136 137 138 139 140 141 142 143 144 145 146 147 148 149 150 151 152 153 154 155 156 157 158 159 160 161 162 163 164 165 166 167 168 169 170 171 172 173 174 175 176 177 178 179 180 181 182 183 184 185 186 187 188 189 190 191 192 193 194 195 196 197 198 199 
train_loss1 0.5318850874900818 0.4582367539405823 0.4076782763004303 0.36994442343711853 0.34447306394577026 0.32438722252845764 0.3050963580608368 0.2885638177394867 0.27404919266700745 0.26228436827659607 0.25072070956230164 0.2384592443704605 0.2265923172235489 0.2149295061826706 0.20489051938056946 0.19777712225914001 0.19172409176826477 0.18733833730220795 0.1843278408050537 0.18136607110500336 0.17850978672504425 0.1763988435268402 0.1749289184808731 0.1739608496427536 0.17209197580814362 0.17086516320705414 0.16926957666873932 0.16973480582237244 0.16881701350212097 0.1670244038105011 0.16652259230613708 0.16484537720680237 0.16455242037773132 0.16445761919021606 0.1636252999305725 0.1632334589958191 0.16366063058376312 0.1630089432001114 0.16202618181705475 0.1621728539466858 0.16086848080158234 0.16077183187007904 0.15998195111751556 0.1592041552066803 0.16001325845718384 0.15991123020648956 0.1588752567768097 0.15854507684707642 0.1583152860403061 0.1576251983642578 0.15817458927631378 0.1577528417110443 0.15696315467357635 0.1567349135875702 0.15592655539512634 0.15717670321464539 0.15653975307941437 0.15615704655647278 0.15612705051898956 0.15520884096622467 0.15533483028411865 0.15555626153945923 0.15487313270568848 0.15535619854927063 0.15503408014774323 0.15455251932144165 0.15399162471294403 0.15434862673282623 0.1543368548154831 0.15401342511177063 0.15407967567443848 0.15410654246807098 0.15404726564884186 0.15409117937088013 0.15321482717990875 0.15376676619052887 0.15349127352237701 0.15299378335475922 0.15307170152664185 0.15303565561771393 0.1523277312517166 0.15249331295490265 0.15231791138648987 0.1519637554883957 0.1522628664970398 0.15183469653129578 0.15244179964065552 0.1518542319536209 0.15206198394298553 0.1515723615884781 0.15169739723205566 0.1515970230102539 0.15143494307994843 0.15219829976558685 0.151151642203331 0.1517620086669922 0.15096023678779602 0.15064921975135803 0.15126943588256836 0.1506408303976059 0.15013091266155243 0.14986465871334076 0.1508096158504486 0.14994575083255768 0.1504734754562378 0.14983464777469635 0.1498701125383377 0.14999961853027344 0.14939753711223602 0.1497260183095932 0.1492224782705307 0.1497238278388977 0.14943058788776398 0.14879848062992096 0.14984796941280365 0.1489715874195099 0.14923739433288574 0.14852795004844666 0.148611918091774 0.14933936297893524 0.1483825296163559 0.14836545288562775 0.14915625751018524 0.1489807516336441 0.14872902631759644 0.14803172647953033 0.14843758940696716 0.1480971872806549 0.14819581806659698 0.1475609987974167 0.14828771352767944 0.14706701040267944 0.14776191115379333 0.14744682610034943 0.1465974897146225 0.14756058156490326 0.148054301738739 0.1472419798374176 0.14743459224700928 0.14735201001167297 0.14756616950035095 0.14715039730072021 0.14669832587242126 0.14739908277988434 0.14702923595905304 0.14703898131847382 0.14725133776664734 0.14694547653198242 0.14680151641368866 0.14619310200214386 0.1467345654964447 0.14677508175373077 0.14650334417819977 0.14603586494922638 0.14623264968395233 0.14573954045772552 0.14651603996753693 0.14672352373600006 0.14679570496082306 0.14580458402633667 0.14615075290203094 0.14595411717891693 0.14601264894008636 0.14577358961105347 0.14605121314525604 0.14576178789138794 0.14532893896102905 0.14579914510250092 0.1457267552614212 0.14549122750759125 0.1451120525598526 0.14559407532215118 0.14485372602939606 0.14552301168441772 0.14566610753536224 0.14476680755615234 0.14507561922073364 0.14482522010803223 0.14506655931472778 0.1449068784713745 0.14508719742298126 0.14465831220149994 0.1449531614780426 0.1446000337600708 0.14409716427326202 0.14510884881019592 0.1458977609872818 0.14483845233917236 0.14478157460689545 0.1440342217683792 0.14372530579566956 0.14332112669944763 0.14354240894317627 0.14432987570762634 0.143973246216774 0.14479590952396393 0.14399218559265137 0.14394083619117737 0.1443919986486435 0.14362818002700806 
train_loss2 0.4144539535045624 0.3437059819698334 0.3158148229122162 0.28516295552253723 0.2527526617050171 0.22359618544578552 0.1986769437789917 0.18137985467910767 0.16387036442756653 0.14877991378307343 0.14020481705665588 0.13138888776302338 0.12399894744157791 0.11463315039873123 0.10720337927341461 0.09937039762735367 0.09446796774864197 0.09098397195339203 0.08533234894275665 0.08310525119304657 0.08006949722766876 0.07658964395523071 0.07509317249059677 0.07347805798053741 0.07116712629795074 0.06968023627996445 0.0680617019534111 0.06670260429382324 0.0650859922170639 0.06477667391300201 0.06253037601709366 0.06172072887420654 0.06085065007209778 0.06058993563055992 0.05885183811187744 0.059418123215436935 0.05804872140288353 0.057321418076753616 0.05706799030303955 0.056240975856781006 0.0546436570584774 0.05340801179409027 0.05378972366452217 0.05270567908883095 0.05341874435544014 0.05206649750471115 0.052016615867614746 0.05118951201438904 0.05135613679885864 0.04965589568018913 0.051058728247880936 0.05114547535777092 0.048875901848077774 0.04929652065038681 0.048608679324388504 0.049477968364953995 0.04838055372238159 0.04854210838675499 0.04836471006274223 0.04811615124344826 0.048033326864242554 0.04733334854245186 0.046530891209840775 0.04674002528190613 0.04690801352262497 0.046250902116298676 0.04634973406791687 0.046255502849817276 0.04603775963187218 0.04484603926539421 0.04542876407504082 0.04548618569970131 0.04490920156240463 0.044341523200273514 0.04486386850476265 0.044409967958927155 0.044203028082847595 0.04366473853588104 0.04344455897808075 0.04320041835308075 0.04418293759226799 0.04377752169966698 0.0437576100230217 0.04274281486868858 0.04267348721623421 0.04282427579164505 0.042833905667066574 0.04284609854221344 0.04291728883981705 0.04160516709089279 0.042353495955467224 0.041443318128585815 0.042649734765291214 0.0413103848695755 0.041169386357069016 0.041549213230609894 0.04124899208545685 0.040846239775419235 0.040809471160173416 0.0406704843044281 0.040947847068309784 0.04175309091806412 0.040539320558309555 0.04075286164879799 0.03980167955160141 0.040361445397138596 0.039615046232938766 0.04059857502579689 0.0401046983897686 0.04059814661741257 0.039606448262929916 0.040128838270902634 0.0406150221824646 0.0398099422454834 0.039045900106430054 0.04002250358462334 0.039263419806957245 0.04002789407968521 0.039506714791059494 0.03946651890873909 0.03905574232339859 0.03897210955619812 0.03988378122448921 0.04005647450685501 0.0389719195663929 0.03907257691025734 0.03882104903459549 0.03834656998515129 0.0388946495950222 0.03862902894616127 0.03858410567045212 0.038856495171785355 0.038666386157274246 0.03820106014609337 0.0388881154358387 0.038870669901371 0.03766042739152908 0.03911778703331947 0.03768077865242958 0.038627989590168 0.03831098973751068 0.03844861313700676 0.03801252320408821 0.037448588758707047 0.037383973598480225 0.03788383677601814 0.03747283294796944 0.03759803995490074 0.037255968898534775 0.037814509123563766 0.03771265596151352 0.03771418705582619 0.036760248243808746 0.03712274879217148 0.03708640858530998 0.03753649815917015 0.03714228793978691 0.036887362599372864 0.03730781748890877 0.03699127957224846 0.03685401752591133 0.036717966198921204 0.036915674805641174 0.037152249366045 0.036810047924518585 0.037261851131916046 0.036866143345832825 0.03712363541126251 0.036860980093479156 0.03641703352332115 0.03601740673184395 0.036049388349056244 0.037013012915849686 0.03628845885396004 0.036712512373924255 0.03609071299433708 0.03637092933058739 0.03673997148871422 0.03587818518280983 0.03607500344514847 0.03606509789824486 0.036118488758802414 0.03633921593427658 0.03595469146966934 0.036108940839767456 0.036251943558454514 0.03598626330494881 0.03542064502835274 0.035967305302619934 0.03659580647945404 0.036381497979164124 0.035410597920417786 0.03603612631559372 0.0362897552549839 0.03573014587163925 0.035791363567113876 0.0356205590069294 0.03606865182518959 0.03537864610552788 0.03628243878483772 
train_loss3 0.4342678487300873 0.4101181626319885 0.39322930574417114 0.37078097462654114 0.3436591327190399 0.31215700507164 0.27620914578437805 0.2395470142364502 0.20746204257011414 0.18095698952674866 0.16664327681064606 0.1548120081424713 0.14474952220916748 0.13327741622924805 0.12650161981582642 0.11650382727384567 0.11188957095146179 0.10481558740139008 0.09972448647022247 0.09651104360818863 0.09370749443769455 0.08909446746110916 0.08790905028581619 0.08479917794466019 0.08242994546890259 0.08053800463676453 0.0799793154001236 0.07757343351840973 0.0770939290523529 0.07550641894340515 0.07399947941303253 0.07321219891309738 0.07104109972715378 0.06943562626838684 0.06907519698143005 0.06850173324346542 0.06659545004367828 0.06648305803537369 0.06607934087514877 0.06486139446496964 0.06404509395360947 0.0631856694817543 0.06207534298300743 0.06373605877161026 0.06224745512008667 0.060572490096092224 0.061811331659555435 0.0589720793068409 0.05900324508547783 0.05825518071651459 0.05873599648475647 0.05878913775086403 0.05762402340769768 0.05774712935090065 0.05661672726273537 0.05703028663992882 0.056458279490470886 0.05577492713928223 0.05598706379532814 0.055441964417696 0.05418131873011589 0.05415353924036026 0.05440925806760788 0.05312589183449745 0.05269841477274895 0.052600760012865067 0.05228106677532196 0.053004756569862366 0.05324510857462883 0.05178713798522949 0.05196131020784378 0.05158523470163345 0.05119086429476738 0.05137503892183304 0.05041531100869179 0.05007806047797203 0.05075032263994217 0.049442678689956665 0.049692653119564056 0.048391472548246384 0.04837561771273613 0.04934994876384735 0.04950442537665367 0.048161882907152176 0.04814650118350983 0.047970596700906754 0.04718432202935219 0.04832591116428375 0.047205496579408646 0.0471772700548172 0.047007009387016296 0.0473066046833992 0.04731757566332817 0.047684382647275925 0.046515706926584244 0.047510601580142975 0.04686649143695831 0.0461905263364315 0.045377328991889954 0.045735061168670654 0.045495737344026566 0.04633907601237297 0.04643027484416962 0.04591770097613335 0.045436445623636246 0.044850174337625504 0.04466574639081955 0.04545602202415466 0.04474351182579994 0.045502614229917526 0.04520802944898605 0.044076304882764816 0.043901652097702026 0.04449496790766716 0.044207412749528885 0.04438343271613121 0.04476598650217056 0.044273290783166885 0.04317403584718704 0.04358086362481117 0.04314913600683212 0.04442949593067169 0.04370148852467537 0.04387775808572769 0.04274573177099228 0.043553631752729416 0.04271497204899788 0.04319285601377487 0.042795706540346146 0.042844075709581375 0.042855266481637955 0.04281317815184593 0.04291052743792534 0.04340887442231178 0.041998255997896194 0.04209958761930466 0.041718605905771255 0.042267248034477234 0.04198715463280678 0.0422983318567276 0.04202856495976448 0.04193826764822006 0.04175597429275513 0.04182473570108414 0.04210849478840828 0.04178667068481445 0.041884083300828934 0.041532617062330246 0.04209846630692482 0.04105553403496742 0.040920935571193695 0.04110521078109741 0.04073910042643547 0.0412517786026001 0.04052922874689102 0.04120076075196266 0.04059243202209473 0.04062965512275696 0.04101952165365219 0.04014023765921593 0.04076123982667923 0.04027598351240158 0.04040086269378662 0.041465070098638535 0.04041105508804321 0.03986907750368118 0.03979446366429329 0.04025264084339142 0.040251147001981735 0.04041808471083641 0.040723029524087906 0.03978053480386734 0.03986747935414314 0.039195407181978226 0.03943509981036186 0.03900701552629471 0.039291635155677795 0.03965243697166443 0.03957914933562279 0.040050577372312546 0.038995370268821716 0.039014674723148346 0.03979170694947243 0.03905332460999489 0.03906333073973656 0.03935795649886131 0.03900233283638954 0.038598060607910156 0.03922097757458687 0.03923608362674713 0.03964778408408165 0.03864014148712158 0.03900735080242157 0.038818348199129105 0.03894122689962387 0.03805017098784447 0.03896741196513176 0.038325123488903046 0.03803696483373642 0.03879942744970322 
train_loss_all 0.5204006433486938 0.44957786798477173 0.4020090699195862 0.3655519187450409 0.3397153317928314 0.318622350692749 0.29823213815689087 0.2806837558746338 0.26528990268707275 0.2528400123119354 0.24136137962341309 0.22934329509735107 0.21780849993228912 0.20634408295154572 0.19661803543567657 0.18945500254631042 0.1835620403289795 0.1791645884513855 0.17604775726795197 0.1731414943933487 0.1703246533870697 0.16813020408153534 0.16669254004955292 0.16565832495689392 0.1637958139181137 0.1625649631023407 0.16102829575538635 0.16135737299919128 0.1604529172182083 0.15873664617538452 0.15817572176456451 0.15657725930213928 0.15622609853744507 0.15608952939510345 0.15526704490184784 0.1549004167318344 0.15521836280822754 0.15459328889846802 0.15366321802139282 0.15375123918056488 0.15248292684555054 0.15234607458114624 0.15159156918525696 0.15088553726673126 0.1516171544790268 0.15145450830459595 0.1505180448293686 0.1501266360282898 0.14991658926010132 0.1492224782705307 0.14977332949638367 0.1493833214044571 0.14857575297355652 0.14837399125099182 0.14758141338825226 0.14877305924892426 0.14814512431621552 0.14777617156505585 0.14774949848651886 0.14687645435333252 0.1469646692276001 0.1471572369337082 0.1465105563402176 0.14693740010261536 0.14663098752498627 0.1461673378944397 0.14563913643360138 0.14598579704761505 0.14597591757774353 0.1456214040517807 0.14569750428199768 0.14571575820446014 0.1456417292356491 0.14567629992961884 0.14484803378582 0.14534811675548553 0.14510099589824677 0.14460039138793945 0.14467427134513855 0.14461036026477814 0.14396657049655914 0.1441333144903183 0.14397233724594116 0.14359690248966217 0.14387470483779907 0.1434740573167801 0.14402586221694946 0.1434997022151947 0.14367301762104034 0.14319247007369995 0.14331884682178497 0.14321523904800415 0.14308494329452515 0.14378193020820618 0.14277932047843933 0.14337511360645294 0.142608642578125 0.14229832589626312 0.1428617388010025 0.14227886497974396 0.14180266857147217 0.1415838599205017 0.1424475759267807 0.14163440465927124 0.1421024054288864 0.14150388538837433 0.1415211707353592 0.14167335629463196 0.14108918607234955 0.14141863584518433 0.1409260630607605 0.1413821280002594 0.14111310243606567 0.14051993191242218 0.14148271083831787 0.1406831443309784 0.1409260481595993 0.14026668667793274 0.14031630754470825 0.1410028338432312 0.14009404182434082 0.14010025560855865 0.1408408284187317 0.14068295061588287 0.14040924608707428 0.13977386057376862 0.1401338428258896 0.13981662690639496 0.1399105340242386 0.13931377232074738 0.13999243080615997 0.13885526359081268 0.1395033448934555 0.13921040296554565 0.1384023278951645 0.13930396735668182 0.1397392302751541 0.13901327550411224 0.1391649842262268 0.13910861313343048 0.13929882645606995 0.13891081511974335 0.13847796618938446 0.13912521302700043 0.1387834995985031 0.13879486918449402 0.13898853957653046 0.13869839906692505 0.1385684311389923 0.13799014687538147 0.13849236071109772 0.13853345811367035 0.1382579505443573 0.1378355622291565 0.13800634443759918 0.13756424188613892 0.13827328383922577 0.13846391439437866 0.13854478299617767 0.1375979334115982 0.13793013989925385 0.1377357691526413 0.13779574632644653 0.13759461045265198 0.13783033192157745 0.13755756616592407 0.1371452957391739 0.13759686052799225 0.13752500712871552 0.13730071485042572 0.13694529235363007 0.1373802274465561 0.13670457899570465 0.13730758428573608 0.13745205104351044 0.13659417629241943 0.13689212501049042 0.13666990399360657 0.13688087463378906 0.13674268126487732 0.13689319789409637 0.1364932805299759 0.136785626411438 0.13643687963485718 0.13596922159194946 0.1369224637746811 0.13765013217926025 0.13664403557777405 0.13660967350006104 0.1359209418296814 0.13563576340675354 0.1352255493402481 0.1354483813047409 0.13618552684783936 0.1358453929424286 0.13660088181495667 0.1358618438243866 0.1358100324869156 0.13621656596660614 0.13552895188331604 
train_loss_back 0.5204006433486938 0.44957786798477173 0.4020090699195862 0.3655519187450409 0.3397153317928314 0.318622350692749 0.29823213815689087 0.2806837558746338 0.26528990268707275 0.2528400123119354 0.24136137962341309 0.22934329509735107 0.21780849993228912 0.20634408295154572 0.19661803543567657 0.18945500254631042 0.1835620403289795 0.1791645884513855 0.17604775726795197 0.1731414943933487 0.1703246533870697 0.16813020408153534 0.16669254004955292 0.16565832495689392 0.1637958139181137 0.1625649631023407 0.16102829575538635 0.16135737299919128 0.1604529172182083 0.15873664617538452 0.15817572176456451 0.15657725930213928 0.15622609853744507 0.15608952939510345 0.15526704490184784 0.1549004167318344 0.15521836280822754 0.15459328889846802 0.15366321802139282 0.15375123918056488 0.15248292684555054 0.15234607458114624 0.15159156918525696 0.15088553726673126 0.1516171544790268 0.15145450830459595 0.1505180448293686 0.1501266360282898 0.14991658926010132 0.1492224782705307 0.14977332949638367 0.1493833214044571 0.14857575297355652 0.14837399125099182 0.14758141338825226 0.14877305924892426 0.14814512431621552 0.14777617156505585 0.14774949848651886 0.14687645435333252 0.1469646692276001 0.1471572369337082 0.1465105563402176 0.14693740010261536 0.14663098752498627 0.1461673378944397 0.14563913643360138 0.14598579704761505 0.14597591757774353 0.1456214040517807 0.14569750428199768 0.14571575820446014 0.1456417292356491 0.14567629992961884 0.14484803378582 0.14534811675548553 0.14510099589824677 0.14460039138793945 0.14467427134513855 0.14461036026477814 0.14396657049655914 0.1441333144903183 0.14397233724594116 0.14359690248966217 0.14387470483779907 0.1434740573167801 0.14402586221694946 0.1434997022151947 0.14367301762104034 0.14319247007369995 0.14331884682178497 0.14321523904800415 0.14308494329452515 0.14378193020820618 0.14277932047843933 0.14337511360645294 0.142608642578125 0.14229832589626312 0.1428617388010025 0.14227886497974396 0.14180266857147217 0.1415838599205017 0.1424475759267807 0.14163440465927124 0.1421024054288864 0.14150388538837433 0.1415211707353592 0.14167335629463196 0.14108918607234955 0.14141863584518433 0.1409260630607605 0.1413821280002594 0.14111310243606567 0.14051993191242218 0.14148271083831787 0.1406831443309784 0.1409260481595993 0.14026668667793274 0.14031630754470825 0.1410028338432312 0.14009404182434082 0.14010025560855865 0.1408408284187317 0.14068295061588287 0.14040924608707428 0.13977386057376862 0.1401338428258896 0.13981662690639496 0.1399105340242386 0.13931377232074738 0.13999243080615997 0.13885526359081268 0.1395033448934555 0.13921040296554565 0.1384023278951645 0.13930396735668182 0.1397392302751541 0.13901327550411224 0.1391649842262268 0.13910861313343048 0.13929882645606995 0.13891081511974335 0.13847796618938446 0.13912521302700043 0.1387834995985031 0.13879486918449402 0.13898853957653046 0.13869839906692505 0.1385684311389923 0.13799014687538147 0.13849236071109772 0.13853345811367035 0.1382579505443573 0.1378355622291565 0.13800634443759918 0.13756424188613892 0.13827328383922577 0.13846391439437866 0.13854478299617767 0.1375979334115982 0.13793013989925385 0.1377357691526413 0.13779574632644653 0.13759461045265198 0.13783033192157745 0.13755756616592407 0.1371452957391739 0.13759686052799225 0.13752500712871552 0.13730071485042572 0.13694529235363007 0.1373802274465561 0.13670457899570465 0.13730758428573608 0.13745205104351044 0.13659417629241943 0.13689212501049042 0.13666990399360657 0.13688087463378906 0.13674268126487732 0.13689319789409637 0.1364932805299759 0.136785626411438 0.13643687963485718 0.13596922159194946 0.1369224637746811 0.13765013217926025 0.13664403557777405 0.13660967350006104 0.1359209418296814 0.13563576340675354 0.1352255493402481 0.1354483813047409 0.13618552684783936 0.1358453929424286 0.13660088181495667 0.1358618438243866 0.1358100324869156 0.13621656596660614 0.13552895188331604 
train_loss1_vel 0.01595655269920826 0.01374710351228714 0.012230348773300648 0.011098332703113556 0.010334191843867302 0.009731616824865341 0.009152891114354134 0.008656914345920086 0.008221476338803768 0.007868531160056591 0.007521620951592922 0.007153777405619621 0.006797769106924534 0.006447885185480118 0.006146715488284826 0.0059333136305212975 0.0057517229579389095 0.0056201498955488205 0.005529835354536772 0.005440982058644295 0.005355293396860361 0.005291965324431658 0.005247867200523615 0.00521882576867938 0.005162759218364954 0.005125954747200012 0.0050780875608325005 0.005092043895274401 0.005064510274678469 0.00501073244959116 0.004995677620172501 0.0049453615210950375 0.004936572629958391 0.0049337283708155155 0.004908759146928787 0.004897003527730703 0.0049098189920187 0.004890268202871084 0.004860785789787769 0.00486518582329154 0.004826054442673922 0.004823155235499144 0.004799458663910627 0.004776124842464924 0.004800397902727127 0.004797337111085653 0.00476625794544816 0.004756351932883263 0.004749458748847246 0.004728755913674831 0.0047452375292778015 0.004732585046440363 0.004708894528448582 0.004702047444880009 0.004677796736359596 0.004715301096439362 0.0046961926855146885 0.004684711806476116 0.00468381168320775 0.004656265489757061 0.004660045262426138 0.004666687920689583 0.004646194167435169 0.004660686012357473 0.004651022609323263 0.0046365754678845406 0.004619748797267675 0.004630458541214466 0.004630105569958687 0.0046204025857150555 0.004622390493750572 0.004623196553438902 0.004621417727321386 0.004622735548764467 0.00459644477814436 0.004613002762198448 0.00460473820567131 0.00458981329575181 0.004592150915414095 0.004591069649904966 0.004569831769913435 0.004574799444526434 0.004569537006318569 0.004558912478387356 0.004567886237055063 0.004555040970444679 0.0045732539147138596 0.004555626772344112 0.0045618596486747265 0.004547170829027891 0.004550921730697155 0.004547910299152136 0.004543048329651356 0.004565949086099863 0.004534549545496702 0.004552860278636217 0.004528807010501623 0.004519477020949125 0.004538082983344793 0.004519225098192692 0.004503927659243345 0.004495939705520868 0.004524288699030876 0.004498372785747051 0.00451420433819294 0.0044950395822525024 0.004496103618294001 0.004499988630414009 0.004481926094740629 0.004491780418902636 0.0044766743667423725 0.004491714760661125 0.004482917953282595 0.004463954363018274 0.0044954391196370125 0.0044691478833556175 0.004477121867239475 0.004455838352441788 0.004458357580006123 0.0044801807962358 0.0044514755718410015 0.004450963344424963 0.004474687855690718 0.004469422623515129 0.0044618709944188595 0.004440951626747847 0.004453127738088369 0.004442915786057711 0.004445874597877264 0.004426829982548952 0.004448631778359413 0.004412010312080383 0.004432857036590576 0.004423404578119516 0.004397924989461899 0.004426817409694195 0.004441629163920879 0.004417259246110916 0.004423038102686405 0.004420560318976641 0.004426985513418913 0.0044145118445158005 0.004400949459522963 0.004421972669661045 0.004410876892507076 0.0044111693277955055 0.004417540039867163 0.004408364184200764 0.004404045641422272 0.004385792650282383 0.0044020372442901134 0.004403252154588699 0.00439510028809309 0.004381075967103243 0.004386979155242443 0.004372186027467251 0.004395481199026108 0.00440170569345355 0.004403871018439531 0.0043741376139223576 0.0043845223262906075 0.004378623329102993 0.0043803793378174305 0.004373207688331604 0.00438153650611639 0.004372853320091963 0.004359867889434099 0.0043739741668105125 0.0043718027882277966 0.004364736843854189 0.0043533616699278355 0.00436782231554389 0.00434561213478446 0.004365690518170595 0.004369982983916998 0.004343004431575537 0.004352268762886524 0.0043447562493383884 0.0043519968166947365 0.004347206559032202 0.0043526156805455685 0.004339749459177256 0.004348594695329666 0.004338000901043415 0.004322914872318506 0.00435326574370265 0.004376932978630066 0.004345153458416462 0.004343446809798479 0.004321026615798473 0.004311759490519762 0.0042996336705982685 0.004306272137910128 0.004329896066337824 0.0043191974982619286 0.004343877080827951 0.004319765605032444 0.00431822519749403 0.004331760108470917 0.00430884538218379 
train_loss2_dep 12.433618545532227 10.311179161071777 9.474444389343262 8.554888725280762 7.582579612731934 6.7078857421875 5.960308074951172 5.4413957595825195 4.916110992431641 4.46339750289917 4.2061448097229 3.9416663646698 3.719968557357788 3.4389944076538086 3.2161014080047607 2.981112003326416 2.8340392112731934 2.7295191287994385 2.5599706172943115 2.493157386779785 2.4020848274230957 2.297689199447632 2.2527952194213867 2.2043416500091553 2.1350138187408447 2.090407133102417 2.041851043701172 2.0010781288146973 1.9525797367095947 1.9433002471923828 1.8759112358093262 1.8516218662261963 1.8255195617675781 1.8176980018615723 1.7655551433563232 1.782543659210205 1.7414616346359253 1.7196425199508667 1.7120397090911865 1.6872292757034302 1.6393097639083862 1.6022403240203857 1.6136916875839233 1.5811704397201538 1.6025623083114624 1.5619949102401733 1.5604984760284424 1.5356853008270264 1.5406841039657593 1.489676833152771 1.531761884689331 1.5343642234802246 1.466277003288269 1.4788955450057983 1.4582602977752686 1.4843389987945557 1.4514166116714478 1.4562633037567139 1.4509413242340088 1.4434845447540283 1.4409998655319214 1.420000433921814 1.3959267139434814 1.4022008180618286 1.407240390777588 1.3875271081924438 1.3904920816421509 1.3876651525497437 1.38113272190094 1.3453811407089233 1.3628629446029663 1.364585518836975 1.3472760915756226 1.3302457332611084 1.3459160327911377 1.332298994064331 1.3260908126831055 1.3099421262741089 1.3033367395401 1.2960125207901 1.3254880905151367 1.3133256435394287 1.3127284049987793 1.2822844982147217 1.2802045345306396 1.2847282886505127 1.2850171327590942 1.285382866859436 1.2875186204910278 1.248155117034912 1.2706049680709839 1.2432996034622192 1.2794920206069946 1.2393114566802979 1.2350815534591675 1.2464762926101685 1.2374696731567383 1.2253870964050293 1.224284052848816 1.2201145887374878 1.2284355163574219 1.2525928020477295 1.216179609298706 1.2225857973098755 1.1940503120422363 1.2108433246612549 1.1884514093399048 1.2179572582244873 1.2031409740447998 1.2179443836212158 1.188193440437317 1.2038651704788208 1.218450665473938 1.194298267364502 1.1713770627975464 1.200675129890442 1.1779026985168457 1.2008368968963623 1.1852015256881714 1.1839956045150757 1.1716722249984741 1.1691632270812988 1.1965134143829346 1.2016942501068115 1.16915762424469 1.1721773147583008 1.1646313667297363 1.1503970623016357 1.1668394804000854 1.158870816230774 1.1575231552124023 1.1656949520111084 1.1599916219711304 1.1460318565368652 1.166643500328064 1.1661200523376465 1.1298128366470337 1.1735336780548096 1.1304233074188232 1.1588395833969116 1.149329662322998 1.1534583568572998 1.1403756141662598 1.123457670211792 1.1215192079544067 1.1365150213241577 1.1241849660873413 1.1279412508010864 1.1176791191101074 1.1344352960586548 1.1313796043395996 1.1314256191253662 1.1028074026107788 1.113682508468628 1.1125922203063965 1.126094937324524 1.1142686605453491 1.1066207885742188 1.119234561920166 1.1097384691238403 1.1056205034255981 1.1015390157699585 1.1074702739715576 1.1145673990249634 1.1043014526367188 1.1178555488586426 1.1059843301773071 1.1137090921401978 1.1058293581008911 1.0925110578536987 1.0805221796035767 1.0814815759658813 1.110390305519104 1.088653802871704 1.1013754606246948 1.082721471786499 1.091127872467041 1.1021991968154907 1.0763455629348755 1.0822501182556152 1.0819529294967651 1.0835546255111694 1.0901764631271362 1.0786406993865967 1.083268165588379 1.087558388710022 1.0795879364013672 1.0626193284988403 1.0790191888809204 1.0978741645812988 1.091444969177246 1.0623178482055664 1.0810837745666504 1.0886926651000977 1.0719043016433716 1.073740839958191 1.0686167478561401 1.082059621810913 1.0613594055175781 1.0884732007980347 
train_loss3_thi 13.028035163879395 12.303544998168945 11.796878814697266 11.123429298400879 10.309774398803711 9.364709854125977 8.286274909973145 7.186410427093506 6.223861217498779 5.428709506988525 4.999298572540283 4.644360065460205 4.342485427856445 3.9983224868774414 3.795048713684082 3.495114803314209 3.356687068939209 3.14446759223938 2.991734504699707 2.895331382751465 2.811224937438965 2.6728339195251465 2.6372716426849365 2.543975353240967 2.472898483276367 2.416140079498291 2.3993794918060303 2.3272030353546143 2.3128178119659424 2.2651925086975098 2.219984531402588 2.1963658332824707 2.131232976913452 2.08306884765625 2.072255849838257 2.0550520420074463 1.997863531112671 1.9944918155670166 1.9823801517486572 1.945841908454895 1.9213528633117676 1.8955700397491455 1.862260341644287 1.9120817184448242 1.8674236536026 1.8171746730804443 1.8543399572372437 1.7691624164581299 1.7700973749160767 1.7476553916931152 1.7620799541473389 1.7636741399765015 1.7287206649780273 1.7324138879776 1.6985018253326416 1.7109085321426392 1.6937483549118042 1.6732478141784668 1.6796119213104248 1.6632589101791382 1.6254396438598633 1.6246062517166138 1.6322777271270752 1.5937767028808594 1.5809524059295654 1.578022837638855 1.5684319734573364 1.5901427268981934 1.5973533391952515 1.5536141395568848 1.5588393211364746 1.54755699634552 1.5357259511947632 1.5412510633468628 1.5124592781066895 1.502341866493225 1.5225096940994263 1.4832803010940552 1.4907796382904053 1.4517441987991333 1.4512685537338257 1.4804985523223877 1.4851328134536743 1.4448564052581787 1.4443950653076172 1.4391179084777832 1.4155296087265015 1.4497772455215454 1.4161648750305176 1.4153181314468384 1.410210371017456 1.4191981554031372 1.419527292251587 1.4305315017700195 1.395471215248108 1.4253180027008057 1.4059947729110718 1.3857157230377197 1.361319899559021 1.3720518350601196 1.3648720979690552 1.3901722431182861 1.3929082155227661 1.3775309324264526 1.363093376159668 1.3455052375793457 1.3399723768234253 1.3636806011199951 1.342305302619934 1.365078330039978 1.3562408685684204 1.3222891092300415 1.317049503326416 1.3348491191864014 1.3262224197387695 1.331502914428711 1.3429796695709229 1.3281986713409424 1.2952210903167725 1.3074259757995605 1.2944740056991577 1.3328849077224731 1.3110445737838745 1.3163326978683472 1.282371997833252 1.306609034538269 1.2814491987228394 1.295785665512085 1.2838711738586426 1.2853223085403442 1.2856580018997192 1.2843953371047974 1.287315845489502 1.302266240119934 1.259947657585144 1.2629876136779785 1.2515581846237183 1.2680174112319946 1.2596145868301392 1.2689498662948608 1.2608568668365479 1.258147954940796 1.2526792287826538 1.2547420263290405 1.2632548809051514 1.2536001205444336 1.256522536277771 1.245978593826294 1.2629539966583252 1.231666088104248 1.2276279926300049 1.2331563234329224 1.2221729755401611 1.237553358078003 1.2158769369125366 1.2360228300094604 1.2177729606628418 1.218889594078064 1.2305856943130493 1.2042070627212524 1.222837209701538 1.2082794904708862 1.2120258808135986 1.2439521551132202 1.2123316526412964 1.1960723400115967 1.1938339471817017 1.207579255104065 1.2075344324111938 1.2125425338745117 1.2216908931732178 1.1934161186218262 1.1960242986679077 1.175862193107605 1.183052897453308 1.1702104806900024 1.1787490844726562 1.189573049545288 1.187374472618103 1.2015172243118286 1.1698611974716187 1.1704401969909668 1.1937512159347534 1.1715997457504272 1.1718999147415161 1.1807386875152588 1.1700700521469116 1.1579418182373047 1.1766293048858643 1.1770825386047363 1.1894335746765137 1.1592042446136475 1.1702204942703247 1.164550542831421 1.1682368516921997 1.1415051221847534 1.1690223217010498 1.1497536897659302 1.1411089897155762 1.1639827489852905 
validate_loss1 0.47416356205940247 0.4210968613624573 0.3727453052997589 0.34279921650886536 0.3193064332008362 0.3044869005680084 0.29273444414138794 0.29159820079803467 0.28179559111595154 0.2794153690338135 0.28394705057144165 0.2738338112831116 0.2863676846027374 0.26790496706962585 0.269998162984848 0.26917922496795654 0.2691357433795929 0.2688647210597992 0.2686249613761902 0.2729555070400238 0.2696365714073181 0.2646702527999878 0.2673797011375427 0.26860183477401733 0.26756200194358826 0.2658660411834717 0.26933467388153076 0.26710039377212524 0.2655494213104248 0.2657030522823334 0.2660200893878937 0.26543885469436646 0.2657792568206787 0.26610496640205383 0.26564615964889526 0.26509758830070496 0.2662603259086609 0.2645922005176544 0.2646063268184662 0.26537269353866577 0.2644096314907074 0.26403555274009705 0.2642475962638855 0.26401159167289734 0.2640710175037384 0.2646966278553009 0.2639486491680145 0.26320478320121765 0.26412394642829895 0.2631641924381256 0.2633478343486786 0.2636661231517792 0.2630142569541931 0.26285427808761597 0.2626093327999115 0.26275473833084106 0.26333609223365784 0.2630562484264374 0.26214566826820374 0.2625466287136078 0.26260530948638916 0.2618786692619324 0.2621380090713501 0.26257380843162537 0.2630526125431061 0.2619308829307556 0.2612129747867584 0.26197612285614014 0.26276302337646484 0.2616444230079651 0.26144570112228394 0.2612595856189728 0.26218509674072266 0.26146095991134644 0.260940283536911 0.26143282651901245 0.26114174723625183 0.2608185112476349 0.26221880316734314 0.2619459927082062 0.261697381734848 0.2610946595668793 0.26210618019104004 0.26129481196403503 0.26096311211586 0.2615504264831543 0.2606254518032074 0.26100802421569824 0.260650634765625 0.26078471541404724 0.26191869378089905 0.2610017955303192 0.26183196902275085 0.2608039081096649 0.261188268661499 0.2613443434238434 0.2606947124004364 0.2603820264339447 0.26020824909210205 0.26159799098968506 0.2606472671031952 0.2609820067882538 0.26067933440208435 0.26116690039634705 0.26079586148262024 0.2605625092983246 0.2608318328857422 0.2614912986755371 0.2606399357318878 0.260320246219635 0.2605225443840027 0.2606821656227112 0.25991877913475037 0.2608177661895752 0.2615216076374054 0.26032817363739014 0.2600468099117279 0.26027682423591614 0.2604285180568695 0.25993478298187256 0.2611156702041626 0.2599085867404938 0.2607009708881378 0.25974240899086 0.2605310380458832 0.26096805930137634 0.2602823078632355 0.2606925070285797 0.26050496101379395 0.26039063930511475 0.2605162262916565 0.2604202926158905 0.2599780857563019 0.26100629568099976 0.26045697927474976 0.2598593235015869 0.2598128616809845 0.25943809747695923 0.2596140503883362 0.2599187195301056 0.2602907717227936 0.26045626401901245 0.25936251878738403 0.25962427258491516 0.26022157073020935 0.25904083251953125 0.25927868485450745 0.2589999735355377 0.2604880630970001 0.25929608941078186 0.25890931487083435 0.25915104150772095 0.2584705650806427 0.2594412863254547 0.25871044397354126 0.2582732141017914 0.25949445366859436 0.2590237259864807 0.2598296105861664 0.2588152587413788 0.25944212079048157 0.25863972306251526 0.25939393043518066 0.25873246788978577 0.25902995467185974 0.25929155945777893 0.25922104716300964 0.25940263271331787 0.25884902477264404 0.25888964533805847 0.2586663067340851 0.2587584853172302 0.25900834798812866 0.25858721137046814 0.25869831442832947 0.2588900029659271 0.2587029039859772 0.2588232755661011 0.2589879333972931 0.2591078579425812 0.2591119110584259 0.25887784361839294 0.2587473392486572 0.25876444578170776 0.2588997185230255 0.2598388195037842 0.25918516516685486 0.2583911716938019 0.2585800290107727 0.25812238454818726 0.25859832763671875 0.2585015892982483 0.25888240337371826 0.2590698301792145 0.25899288058280945 0.2586205005645752 0.25874239206314087 0.2588622570037842 0.2585721015930176 0.259207159280777 
validate_loss2 0.351911336183548 0.34274983406066895 0.333596408367157 0.3019668161869049 0.29814428091049194 0.30321452021598816 0.30877190828323364 0.3009123206138611 0.30709004402160645 0.3053256869316101 0.3077055513858795 0.3115154206752777 0.29909563064575195 0.30616357922554016 0.29793092608451843 0.3026050627231598 0.29956674575805664 0.2991234064102173 0.30008700489997864 0.2967325448989868 0.29990604519844055 0.29890960454940796 0.2999410927295685 0.3032693564891815 0.30140936374664307 0.2976985573768616 0.3007441759109497 0.3030477464199066 0.3022592067718506 0.3025170564651489 0.3018549680709839 0.30244311690330505 0.3002895712852478 0.30113914608955383 0.3024568557739258 0.3003958463668823 0.29997843503952026 0.3020786643028259 0.3004532754421234 0.2984105348587036 0.298088014125824 0.2997029423713684 0.29893752932548523 0.29893815517425537 0.3002873957157135 0.3004682660102844 0.30074170231819153 0.29997140169143677 0.3035406470298767 0.3023078441619873 0.2991080582141876 0.29878684878349304 0.2983565628528595 0.2964106500148773 0.2989620864391327 0.2994190752506256 0.29839468002319336 0.2985544204711914 0.29797446727752686 0.29857391119003296 0.29902273416519165 0.2976997494697571 0.2967698574066162 0.2985514998435974 0.30118316411972046 0.298999160528183 0.2965485453605652 0.2987133264541626 0.3001005947589874 0.2997133135795593 0.300705224275589 0.30064091086387634 0.2999609410762787 0.30049771070480347 0.29817312955856323 0.2994737923145294 0.29809069633483887 0.2976602017879486 0.30084627866744995 0.3001883625984192 0.29914939403533936 0.29983338713645935 0.29994893074035645 0.30036020278930664 0.29731452465057373 0.2992623746395111 0.2987675964832306 0.29991352558135986 0.2983449697494507 0.2959253489971161 0.2994215786457062 0.29790985584259033 0.3000265955924988 0.2972460687160492 0.29902347922325134 0.2994871139526367 0.3020130693912506 0.30150306224823 0.3004642724990845 0.3008747696876526 0.29770755767822266 0.3001706898212433 0.29991859197616577 0.29863354563713074 0.3002139627933502 0.2975527048110962 0.29760774970054626 0.300353080034256 0.2969414293766022 0.2994453012943268 0.2991641163825989 0.29881390929222107 0.30036816000938416 0.2997147738933563 0.2996511459350586 0.29897093772888184 0.29830190539360046 0.2985043227672577 0.29961487650871277 0.299416184425354 0.29784542322158813 0.29908883571624756 0.2986863851547241 0.29736819863319397 0.29852402210235596 0.3001127243041992 0.29898911714553833 0.3015381693840027 0.300144225358963 0.3009375333786011 0.2993791401386261 0.2988791763782501 0.29936543107032776 0.2989840507507324 0.29866698384284973 0.29713788628578186 0.2978208661079407 0.29746174812316895 0.2970559597015381 0.2982957363128662 0.3000558912754059 0.2987622022628784 0.2984560430049896 0.2975429594516754 0.29822811484336853 0.2987827956676483 0.29744282364845276 0.29766005277633667 0.299317330121994 0.297776460647583 0.29910147190093994 0.2993413209915161 0.2986088693141937 0.2982810139656067 0.29888156056404114 0.29721471667289734 0.2999766170978546 0.2989423871040344 0.29986876249313354 0.29773280024528503 0.2972050905227661 0.2971695065498352 0.2983585298061371 0.29795151948928833 0.2973140478134155 0.2984429597854614 0.29942256212234497 0.29800936579704285 0.2972966432571411 0.29715076088905334 0.2986612617969513 0.29670536518096924 0.2974749803543091 0.297443151473999 0.29797881841659546 0.2983720302581787 0.29847317934036255 0.29824694991111755 0.29791101813316345 0.2978639602661133 0.2975523769855499 0.29784199595451355 0.2979423999786377 0.2979162633419037 0.2975819706916809 0.2968946099281311 0.29726889729499817 0.29759684205055237 0.2975407540798187 0.29890674352645874 0.2982218563556671 0.2974505126476288 0.2993478775024414 0.2983343005180359 0.2977159023284912 0.2976553738117218 0.2979269027709961 0.2977648377418518 0.29729846119880676 0.29793813824653625 
validate_loss3 0.4015093743801117 0.3895605206489563 0.38372334837913513 0.38941872119903564 0.3827906548976898 0.3895343244075775 0.4138795733451843 0.42030248045921326 0.396278977394104 0.4086757302284241 0.39727532863616943 0.39252230525016785 0.3921801745891571 0.39354702830314636 0.39035820960998535 0.3879832923412323 0.39076802134513855 0.39079058170318604 0.39450833201408386 0.39199990034103394 0.3921753168106079 0.391686350107193 0.3899247348308563 0.39521658420562744 0.3924025893211365 0.3951582908630371 0.3938834071159363 0.39171332120895386 0.39167192578315735 0.3948272466659546 0.39713937044143677 0.391282856464386 0.39078381657600403 0.3893296718597412 0.39358505606651306 0.39288192987442017 0.3917699456214905 0.39802801609039307 0.3900718688964844 0.3876069486141205 0.390135258436203 0.3932003676891327 0.39033880829811096 0.3901839852333069 0.393404483795166 0.39166703820228577 0.39127692580223083 0.3924131989479065 0.3941541612148285 0.39023351669311523 0.39163005352020264 0.3888294994831085 0.3882160484790802 0.3900664448738098 0.3900257647037506 0.3908628523349762 0.3894721567630768 0.3894124925136566 0.38964709639549255 0.3881124258041382 0.3897596299648285 0.38893070816993713 0.389649897813797 0.3901016414165497 0.3912997543811798 0.3887583315372467 0.38994884490966797 0.3886697590351105 0.38832804560661316 0.38885483145713806 0.38906148076057434 0.38904818892478943 0.3895135819911957 0.3912180960178375 0.3882738947868347 0.390211820602417 0.3898775577545166 0.38932934403419495 0.3891044855117798 0.3914465308189392 0.3892790973186493 0.39194953441619873 0.3888668417930603 0.39035922288894653 0.38948333263397217 0.39243048429489136 0.3895590603351593 0.39152559638023376 0.3908825218677521 0.3883104622364044 0.3901597261428833 0.3890426456928253 0.3879445493221283 0.3892580270767212 0.3885384202003479 0.39062315225601196 0.3919472098350525 0.3918651044368744 0.39147549867630005 0.3913154602050781 0.389808714389801 0.39288005232810974 0.38991791009902954 0.389833003282547 0.3895663917064667 0.38837841153144836 0.3910064101219177 0.3906168043613434 0.3890405297279358 0.3901074528694153 0.38906821608543396 0.38899046182632446 0.3893819749355316 0.3890596032142639 0.3870827853679657 0.389758825302124 0.3873828053474426 0.3895372152328491 0.39044544100761414 0.3908778727054596 0.3895590305328369 0.3883073329925537 0.38871821761131287 0.3881438076496124 0.3876018226146698 0.3880462348461151 0.38880953192710876 0.3887268304824829 0.38896703720092773 0.39092889428138733 0.38832831382751465 0.3891158401966095 0.38845500349998474 0.3887767195701599 0.38840413093566895 0.3879299461841583 0.387769490480423 0.3889561593532562 0.38742345571517944 0.3878132104873657 0.38837721943855286 0.3884746730327606 0.38895460963249207 0.38680335879325867 0.3879992365837097 0.3881404995918274 0.3883078396320343 0.3881579339504242 0.3889869749546051 0.38758450746536255 0.3883504569530487 0.38901492953300476 0.3875698149204254 0.38694098591804504 0.3879452645778656 0.3860260248184204 0.3867896795272827 0.3877638578414917 0.38811537623405457 0.38699063658714294 0.38833343982696533 0.3869515657424927 0.3879375755786896 0.3877938985824585 0.38762956857681274 0.38733017444610596 0.3887941837310791 0.38836154341697693 0.3877648711204529 0.3882608711719513 0.3877582550048828 0.3871367275714874 0.38727644085884094 0.3868972361087799 0.3870786130428314 0.3867109715938568 0.3873226046562195 0.38740307092666626 0.38829487562179565 0.3887161314487457 0.3870503306388855 0.3884354531764984 0.38812127709388733 0.3891829550266266 0.38807398080825806 0.3883928656578064 0.3881550431251526 0.3895747661590576 0.3883947730064392 0.388960599899292 0.38890740275382996 0.38777753710746765 0.38843363523483276 0.3879987299442291 0.38983654975891113 0.38888105750083923 0.3891669809818268 0.3892490267753601 0.3881266415119171 0.3886113464832306 
validate_loss_all 0.4638405740261078 0.4150884449481964 0.37121549248695374 0.34346848726272583 0.3221953511238098 0.31006261706352234 0.3021528720855713 0.30123716592788696 0.2912925183773041 0.29016566276550293 0.2932474613189697 0.2844902575016022 0.29439470171928406 0.2792017459869385 0.28019189834594727 0.27959662675857544 0.27959534525871277 0.279339075088501 0.2795037031173706 0.2827683389186859 0.2801578640937805 0.2758431136608124 0.27805885672569275 0.2797448933124542 0.2785116732120514 0.2770693004131317 0.2800954282283783 0.2781680226325989 0.2768005132675171 0.2772105634212494 0.2776303291320801 0.2766863703727722 0.2767952084541321 0.27700501680374146 0.27705463767051697 0.2763996124267578 0.27726489305496216 0.27651330828666687 0.27575308084487915 0.2760677635669708 0.27544069290161133 0.27548354864120483 0.2753745913505554 0.27516189217567444 0.27556806802749634 0.2759634256362915 0.2753154933452606 0.27473220229148865 0.27588534355163574 0.2746659219264984 0.2747320532798767 0.2747468650341034 0.27411630749702454 0.2740112245082855 0.27396366000175476 0.2741861045360565 0.274495929479599 0.2742643356323242 0.27347642183303833 0.2737257778644562 0.27394184470176697 0.27317294478416443 0.27339309453964233 0.27391359210014343 0.27458810806274414 0.2732861340045929 0.272621750831604 0.27329859137535095 0.274025022983551 0.27309805154800415 0.27301156520843506 0.27284902334213257 0.27362626791000366 0.27319222688674927 0.2723548114299774 0.27301764488220215 0.2726544439792633 0.27230751514434814 0.2736777067184448 0.27360114455223083 0.273142009973526 0.2729016840457916 0.2735046446323395 0.27297070622444153 0.2724204659461975 0.2732903063297272 0.27223503589630127 0.27279794216156006 0.2723406255245209 0.27208203077316284 0.2734204828739166 0.2724543511867523 0.2732006907463074 0.2722625434398651 0.2726413905620575 0.2729783356189728 0.27270546555519104 0.2724015414714813 0.27215445041656494 0.2733405530452728 0.27220618724823 0.2729071378707886 0.27238520979881287 0.27270689606666565 0.27247315645217896 0.27200427651405334 0.27245667576789856 0.27315786480903625 0.27208611369132996 0.2720673382282257 0.27213242650032043 0.2722381353378296 0.27172714471817017 0.27241674065589905 0.27284201979637146 0.27201393246650696 0.27153319120407104 0.27192172408103943 0.27219823002815247 0.27180516719818115 0.27258986234664917 0.2715449929237366 0.2722229063510895 0.2712796628475189 0.2719751298427582 0.2724844813346863 0.27189645171165466 0.272401362657547 0.27217257022857666 0.2722928822040558 0.27207884192466736 0.27203166484832764 0.271634042263031 0.2725050449371338 0.271989107131958 0.2713456153869629 0.2713369131088257 0.2710971236228943 0.27109047770500183 0.27146071195602417 0.2719363868236542 0.27200058102607727 0.27109748125076294 0.2710784375667572 0.27172785997390747 0.27077844738960266 0.27090662717819214 0.27067267894744873 0.2721063792705536 0.2708819508552551 0.2707058787345886 0.2709815204143524 0.2702377140522003 0.27098312973976135 0.27048954367637634 0.26985055208206177 0.2711254060268402 0.27074262499809265 0.2715127766132355 0.2704230546951294 0.2710314691066742 0.2702350616455078 0.2710319459438324 0.27043500542640686 0.2706310749053955 0.27089986205101013 0.27102723717689514 0.27105242013931274 0.27048856019973755 0.2705552875995636 0.27042219042778015 0.27032095193862915 0.2705934941768646 0.2702038586139679 0.2703476548194885 0.27050408720970154 0.2704041600227356 0.2704978585243225 0.27069029211997986 0.27082404494285583 0.2706669270992279 0.2706047594547272 0.2704745829105377 0.2705770432949066 0.2705758810043335 0.27135157585144043 0.2708035409450531 0.2702746093273163 0.27033042907714844 0.27008092403411865 0.27043336629867554 0.2702062427997589 0.2707061767578125 0.2707618772983551 0.27081218361854553 0.2704131305217743 0.27055779099464417 0.2706553637981415 0.270285427570343 0.2709038555622101 
validate_loss1_vel 0.014224906452000141 0.012632905505597591 0.011182358488440514 0.01028397586196661 0.009579192847013474 0.009134606458246708 0.008782032877206802 0.008747946470975876 0.00845386739820242 0.008382461033761501 0.00851841177791357 0.008215014822781086 0.008591030724346638 0.008037148974835873 0.00809994526207447 0.008075376972556114 0.008074072189629078 0.00806594081223011 0.008058748207986355 0.008188665844500065 0.00808909721672535 0.007940107025206089 0.008021390996873379 0.008058055303990841 0.00802685972303152 0.007975981570780277 0.008080040104687214 0.008013011887669563 0.0079664820805192 0.007971092127263546 0.007980601862072945 0.007963165640830994 0.007973377592861652 0.007983149029314518 0.007969385012984276 0.007952927611768246 0.007987809367477894 0.00793776661157608 0.007938189432024956 0.007961180992424488 0.007932289503514767 0.00792106706649065 0.007927427999675274 0.007920347154140472 0.007922129705548286 0.007940898649394512 0.007918459363281727 0.007896143943071365 0.007923717610538006 0.007894925773143768 0.007900434546172619 0.007909984327852726 0.00789042841643095 0.007885628379881382 0.007878280244767666 0.007882642559707165 0.007900082506239414 0.00789168756455183 0.007864370010793209 0.007876398973166943 0.007878159172832966 0.007856359705328941 0.007864139974117279 0.007877213880419731 0.007891577668488026 0.007857926189899445 0.007836389355361462 0.007859284058213234 0.007882891222834587 0.007849332876503468 0.007843371480703354 0.007837788201868534 0.00786555279046297 0.00784382876008749 0.00782820861786604 0.007842984981834888 0.007834251970052719 0.007824555970728397 0.007866564206779003 0.007858379743993282 0.007850921712815762 0.007832839153707027 0.007863185368478298 0.007838844321668148 0.007828894071280956 0.007846512831747532 0.007818763144314289 0.00783024076372385 0.007819519378244877 0.007823540829122066 0.007857561111450195 0.007830053567886353 0.00785495899617672 0.007824117317795753 0.007835648022592068 0.007840330712497234 0.00782084185630083 0.007811460178345442 0.007806247100234032 0.007847939617931843 0.007819417864084244 0.007829460315406322 0.007820379920303822 0.007835007272660732 0.007823876105248928 0.007816875353455544 0.007824954576790333 0.00784473866224289 0.007819198071956635 0.007809607312083244 0.007815675809979439 0.007820465601980686 0.007797563448548317 0.007824532687664032 0.007845647633075714 0.007809845265001059 0.007801404222846031 0.007808304391801357 0.007812855765223503 0.007798043545335531 0.007833469659090042 0.007797257509082556 0.007821029052138329 0.007792272605001926 0.007815931923687458 0.00782904215157032 0.007808469235897064 0.007820774801075459 0.007815148681402206 0.007811719086021185 0.007815486751496792 0.00781260896474123 0.00779934274032712 0.007830188609659672 0.007813709788024426 0.007795779500156641 0.007794385775923729 0.007783142384141684 0.007788421120494604 0.007797561585903168 0.007808723486959934 0.007813687436282635 0.0077808755449950695 0.00778872799128294 0.007806647568941116 0.007771224714815617 0.007778360974043608 0.007769999094307423 0.007814641110599041 0.00777888298034668 0.0077672796323895454 0.0077745309099555016 0.007754116784781218 0.007783238776028156 0.007761313114315271 0.007748196832835674 0.007784834131598473 0.0077707115560770035 0.007794888224452734 0.007764458190649748 0.007783263921737671 0.007759192027151585 0.00778181804344058 0.007761973887681961 0.007770898286253214 0.0077787465415894985 0.0077766310423612595 0.00778207927942276 0.007765470538288355 0.007766689173877239 0.007759988773614168 0.007762754335999489 0.007770250551402569 0.007757616229355335 0.007760949432849884 0.007766700349748135 0.007761087268590927 0.007764698471873999 0.007769637741148472 0.007773235440254211 0.007773356977850199 0.007766335271298885 0.007762420456856489 0.007762933615595102 0.007766991388052702 0.0077951643615961075 0.007775555364787579 0.0077517349272966385 0.007757400628179312 0.007743672002106905 0.007757949642837048 0.0077550471760332584 0.007766472175717354 0.007772095035761595 0.00776978675276041 0.007758614607155323 0.007762272376567125 0.007765867281705141 0.0077571626752614975 0.007776214741170406 
validate_loss2_dep 10.557340621948242 10.282495498657227 10.007892608642578 9.059004783630371 8.944328308105469 9.096435546875 9.26315689086914 9.027369499206543 9.212700843811035 9.159770965576172 9.231165885925293 9.345462799072266 8.972868919372559 9.184906959533691 8.93792724609375 9.07815170288086 8.9870023727417 8.973702430725098 9.002610206604004 8.901976585388184 8.997180938720703 8.96728801727295 8.9982328414917 9.0980806350708 9.042281150817871 8.930956840515137 9.022324562072754 9.091431617736816 9.06777572631836 9.075511932373047 9.055648803710938 9.073293685913086 9.008687973022461 9.034173965454102 9.073705673217773 9.01187515258789 8.999353408813477 9.062359809875488 9.013598442077637 8.952316284179688 8.94264030456543 8.9910888671875 8.968125343322754 8.968144416809082 9.008621215820312 9.01404857635498 9.02225112915039 8.999141693115234 9.106219291687012 9.069235801696777 8.973241806030273 8.963605880737305 8.95069694519043 8.892319679260254 8.968862533569336 8.982572555541992 8.9518404006958 8.956632614135742 8.939234733581543 8.9572172164917 8.970682144165039 8.930992126464844 8.903096199035645 8.956544876098633 9.035494804382324 8.969974517822266 8.896456718444824 8.961400032043457 9.00301742553711 8.991399765014648 9.021156311035156 9.019227981567383 8.998827934265137 9.014931678771973 8.945194244384766 8.984212875366211 8.942721366882324 8.929805755615234 9.025388717651367 9.005651473999023 8.974482536315918 8.995001792907715 8.998467445373535 9.0108060836792 8.91943645477295 8.977871894836426 8.963027954101562 8.997406005859375 8.950348854064941 8.877760887145996 8.982647895812988 8.937295913696289 9.000798225402832 8.91738224029541 8.970704078674316 8.984613418579102 9.060392379760742 9.04509162902832 9.013928413391113 9.02624225616455 8.93122673034668 9.005120277404785 8.997557640075684 8.959006309509277 9.00641918182373 8.926581382751465 8.928232192993164 9.010592460632324 8.908242225646973 8.983358383178711 8.974923133850098 8.964417457580566 9.0110445022583 8.991443634033203 8.989534378051758 8.969128608703613 8.949057579040527 8.955129623413086 8.988446235656738 8.9824857711792 8.935362815856934 8.972664833068848 8.960591316223145 8.921046257019043 8.955720901489258 9.003381729125977 8.969673156738281 9.04614543914795 9.004326820373535 9.02812671661377 8.98137378692627 8.966375350952148 8.980962753295898 8.969521522521973 8.960009574890137 8.91413688659668 8.934626579284668 8.92385196685791 8.9116792678833 8.948871612548828 9.001676559448242 8.962865829467773 8.953680992126465 8.926288604736328 8.946844100952148 8.963483810424805 8.923284530639648 8.929801940917969 8.979519844055176 8.933294296264648 8.973044395446777 8.980238914489746 8.958266258239746 8.948431015014648 8.966446876525879 8.916441917419434 8.999299049377441 8.96827220916748 8.996063232421875 8.931983947753906 8.916152000427246 8.915085792541504 8.950756072998047 8.938546180725098 8.919422149658203 8.953289031982422 8.982677459716797 8.94028091430664 8.918899536132812 8.914523124694824 8.959837913513184 8.901161193847656 8.924248695373535 8.923294067382812 8.939364433288574 8.951160430908203 8.954195022583008 8.947408676147461 8.93733024597168 8.935918807983398 8.9265718460083 8.935259819030762 8.938271522521973 8.937488555908203 8.927459716796875 8.906838417053223 8.91806697845459 8.927905082702637 8.926222801208496 8.967202186584473 8.9466552734375 8.923515319824219 8.980436325073242 8.950028419494629 8.931476593017578 8.92966079711914 8.937807083129883 8.932944297790527 8.918953895568848 8.93814468383789 
validate_loss3_thi 12.045281410217285 11.68681526184082 11.511700630187988 11.682561874389648 11.483719825744629 11.686030387878418 12.416387557983398 12.609074592590332 11.8883695602417 12.260272026062012 11.91826057434082 11.77566909790039 11.765405654907227 11.806410789489746 11.710745811462402 11.639498710632324 11.723040580749512 11.72371768951416 11.835249900817871 11.75999641418457 11.765259742736816 11.750590324401855 11.697741508483887 11.856496810913086 11.772078514099121 11.854748725891113 11.816502571105957 11.751399040222168 11.750157356262207 11.844817161560059 11.914180755615234 11.738486289978027 11.72351360321045 11.679889678955078 11.807551383972168 11.786458015441895 11.753098487854004 11.940840721130371 11.702156066894531 11.62820816040039 11.704057693481445 11.796010971069336 11.710165023803711 11.705519676208496 11.80213451385498 11.750011444091797 11.73830795288086 11.772396087646484 11.824625015258789 11.707005500793457 11.7489013671875 11.664884567260742 11.64648151397705 11.701993942260742 11.700773239135742 11.725885391235352 11.684165000915527 11.682374954223633 11.689413070678711 11.643373489379883 11.692789077758789 11.66792106628418 11.689496994018555 11.703049659729004 11.738992691040039 11.662749290466309 11.698465347290039 11.6600923538208 11.64984130859375 11.665644645690918 11.671844482421875 11.6714448928833 11.685407638549805 11.736542701721191 11.64821720123291 11.706355094909668 11.696327209472656 11.679880142211914 11.673134803771973 11.743395805358887 11.678373336791992 11.758485794067383 11.66600513458252 11.710777282714844 11.684499740600586 11.772913932800293 11.686772346496582 11.745768547058105 11.726475715637207 11.649313926696777 11.704792022705078 11.671279907226562 11.638336181640625 11.677741050720215 11.656152725219727 11.718694686889648 11.758416175842285 11.755952835083008 11.744264602661133 11.739463806152344 11.69426155090332 11.786401748657227 11.697537422180176 11.694990158081055 11.686991691589355 11.651352882385254 11.730192184448242 11.718503952026367 11.671216011047363 11.70322322845459 11.672045707702637 11.669713973999023 11.681459426879883 11.671788215637207 11.612483978271484 11.692765235900879 11.62148380279541 11.686116218566895 11.713362693786621 11.726336479187012 11.686771392822266 11.64922046661377 11.66154670715332 11.64431381225586 11.62805461883545 11.641386985778809 11.664286613464355 11.661805152893066 11.669011116027832 11.727867126464844 11.649848937988281 11.67347526550293 11.653650283813477 11.663301467895508 11.652124404907227 11.637898445129395 11.633084297180176 11.668684959411621 11.622703552246094 11.63439655303955 11.65131664276123 11.654239654541016 11.668638229370117 11.604100227355957 11.63997745513916 11.644214630126953 11.649235725402832 11.64473819732666 11.669609069824219 11.627534866333008 11.650513648986816 11.670448303222656 11.627094268798828 11.608229637145996 11.638358116149902 11.580780982971191 11.603690147399902 11.632916450500488 11.643461227416992 11.609719276428223 11.650003433227539 11.60854721069336 11.638127326965332 11.633816719055176 11.628887176513672 11.619905471801758 11.663825988769531 11.650846481323242 11.632946014404297 11.647826194763184 11.632747650146484 11.61410140991211 11.618292808532715 11.606917381286621 11.612359046936035 11.601329803466797 11.619678497314453 11.622092247009277 11.648845672607422 11.661483764648438 11.611510276794434 11.653063774108887 11.643638610839844 11.675488471984863 11.642219543457031 11.651785850524902 11.644651412963867 11.687243461608887 11.651843070983887 11.668817520141602 11.667222023010254 11.633325576782227 11.653008460998535 11.639961242675781 11.695096969604492 11.666431427001953 11.675008773803711 11.677471160888672 11.643798828125 11.658340454101562 
