step 0 1 2 3 4 5 6 7 8 9 10 11 12 13 14 15 16 17 18 19 20 21 22 23 24 25 26 27 28 29 30 31 32 33 34 35 36 37 38 39 40 41 42 43 44 45 46 47 48 49 50 51 52 53 54 55 56 57 58 59 60 61 62 63 64 65 66 67 68 69 70 71 72 73 74 75 76 77 78 79 80 81 82 83 84 85 86 87 88 89 90 91 92 93 94 95 96 97 98 99 100 101 102 103 104 105 106 107 108 109 110 111 112 113 114 115 116 117 118 119 120 121 122 123 124 125 126 127 128 129 130 131 132 133 134 135 136 137 138 139 140 141 142 143 144 145 146 147 148 149 150 151 152 153 154 155 156 157 158 159 160 161 162 163 164 165 166 167 168 169 170 171 172 173 174 175 176 177 178 179 180 181 182 183 184 185 186 187 188 189 190 191 192 193 194 195 196 197 198 199 
train_loss1 0.5782678127288818 0.572464108467102 0.5686951279640198 0.5682257413864136 0.5679031014442444 0.5669370293617249 0.5651640295982361 0.5634955167770386 0.5616217851638794 0.5594919323921204 0.5554478168487549 0.5526008605957031 0.5503555536270142 0.5490508675575256 0.5478821396827698 0.5468801259994507 0.5463225841522217 0.5459258556365967 0.5451499819755554 0.5446301102638245 0.5443100333213806 0.5438186526298523 0.543554425239563 0.5433347225189209 0.5429056882858276 0.5426414608955383 0.542389988899231 0.5420216917991638 0.5417656898498535 0.540951132774353 0.5390608906745911 0.5368257761001587 0.5341572761535645 0.5323701500892639 0.5306798219680786 0.529704213142395 0.5284345149993896 0.5274704098701477 0.5266797542572021 0.5262010097503662 0.5256086587905884 0.5248593688011169 0.5246607661247253 0.5240717530250549 0.5237551927566528 0.5233659744262695 0.5231755971908569 0.5230173468589783 0.5225430130958557 0.5225006937980652 0.5221184492111206 0.5217941999435425 0.5214979648590088 0.5216842889785767 0.5213236808776855 0.521079421043396 0.5210112929344177 0.5206730961799622 0.5204923748970032 0.5203481912612915 0.520369291305542 0.5199688673019409 0.5198869705200195 0.51956707239151 0.5196419954299927 0.5195237398147583 0.5193264484405518 0.5190420746803284 0.5188002586364746 0.5187023878097534 0.518324613571167 0.5183741450309753 0.5181580185890198 0.518069326877594 0.5178661942481995 0.5174531936645508 0.5175143480300903 0.5171283483505249 0.5170164108276367 0.5167223215103149 0.5166751742362976 0.5162209868431091 0.5161572694778442 0.5156588554382324 0.5152271389961243 0.5151171088218689 0.5144199728965759 0.5136189460754395 0.5129979252815247 0.5120539665222168 0.5110996961593628 0.5101760029792786 0.5091291666030884 0.5080982446670532 0.5072526335716248 0.5062843561172485 0.5053756833076477 0.5048542022705078 0.5035205483436584 0.503208577632904 0.502289354801178 0.5018007755279541 0.501327395439148 0.500464141368866 0.500259518623352 0.4995352327823639 0.49898505210876465 0.49834609031677246 0.4982379674911499 0.4975062310695648 0.497107595205307 0.4965624511241913 0.4963768720626831 0.49573275446891785 0.4955114722251892 0.49513471126556396 0.4949682950973511 0.49456244707107544 0.49475571513175964 0.49385473132133484 0.49359092116355896 0.49340197443962097 0.49307119846343994 0.4925103485584259 0.49224263429641724 0.4917539358139038 0.49165797233581543 0.4918668568134308 0.4912418723106384 0.49112725257873535 0.49062976241111755 0.4907114803791046 0.49010494351387024 0.48975667357444763 0.4896649122238159 0.4894402325153351 0.4889030158519745 0.48911330103874207 0.488420695066452 0.488303005695343 0.48827245831489563 0.48828232288360596 0.4875151216983795 0.4874389171600342 0.486921489238739 0.4869013726711273 0.4864268898963928 0.48641353845596313 0.48604127764701843 0.4853852689266205 0.48463255167007446 0.4846121072769165 0.4841814339160919 0.4838712513446808 0.4835943579673767 0.4827956259250641 0.48222750425338745 0.48142334818840027 0.481089323759079 0.4804633855819702 0.4792969226837158 0.47915318608283997 0.478555291891098 0.47804298996925354 0.47788965702056885 0.47684454917907715 0.4762122929096222 0.4754360020160675 0.4748792052268982 0.4744894802570343 0.47365906834602356 0.47330242395401 0.4728468060493469 0.47234034538269043 0.4717150926589966 0.47186368703842163 0.47078225016593933 0.47043946385383606 0.4701605439186096 0.4696309566497803 0.469470351934433 0.46935218572616577 0.4688006341457367 0.46861645579338074 0.46823224425315857 0.4675607979297638 0.4675205647945404 0.4675889313220978 0.4671158194541931 0.466714471578598 0.46645718812942505 0.46658316254615784 0.46580538153648376 0.46596264839172363 0.4652833640575409 0.46510133147239685 0.46521875262260437 0.4645220935344696 0.4645022749900818 0.464365690946579 
train_loss2 0.5773865580558777 0.5388466715812683 0.5046771764755249 0.4932512938976288 0.47922366857528687 0.4627982974052429 0.42440444231033325 0.38935738801956177 0.3520168960094452 0.3328701853752136 0.3245868682861328 0.3138321042060852 0.29186442494392395 0.2744375765323639 0.2679808437824249 0.2615593373775482 0.2512553930282593 0.24313335120677948 0.2349247932434082 0.2306922972202301 0.2198486626148224 0.21333499252796173 0.2145410031080246 0.20712865889072418 0.19947688281536102 0.19822478294372559 0.195960134267807 0.190958172082901 0.18887285888195038 0.188130721449852 0.1892690807580948 0.1896018385887146 0.19677136838436127 0.20154549181461334 0.204942986369133 0.20150847733020782 0.2037472277879715 0.19807323813438416 0.19146399199962616 0.18967829644680023 0.1855635941028595 0.17992542684078217 0.1772228479385376 0.17265009880065918 0.17098568379878998 0.16924726963043213 0.16516999900341034 0.16439980268478394 0.16466204822063446 0.16036556661128998 0.1596742421388626 0.15734784305095673 0.15811148285865784 0.1574273407459259 0.15254205465316772 0.15094907581806183 0.15268895030021667 0.15240436792373657 0.14890077710151672 0.14720910787582397 0.14673662185668945 0.14504115283489227 0.14143861830234528 0.14577367901802063 0.14042483270168304 0.14406487345695496 0.14328493177890778 0.14139753580093384 0.13967812061309814 0.13767802715301514 0.13648028671741486 0.1380980908870697 0.13497987389564514 0.1342444270849228 0.1413576453924179 0.1339537501335144 0.1349300891160965 0.1330224871635437 0.13453473150730133 0.13279609382152557 0.13238728046417236 0.1312861293554306 0.13223673403263092 0.13358044624328613 0.13055089116096497 0.13178814947605133 0.13281215727329254 0.1300530582666397 0.12997892498970032 0.13344702124595642 0.13306215405464172 0.13511814177036285 0.13610124588012695 0.13398446142673492 0.13560809195041656 0.13629740476608276 0.13437886536121368 0.13647451996803284 0.13443344831466675 0.1336020529270172 0.13388454914093018 0.13380314409732819 0.13157379627227783 0.1330980807542801 0.13216601312160492 0.13145585358142853 0.12920436263084412 0.13277684152126312 0.12939751148223877 0.13063040375709534 0.13086898624897003 0.12980405986309052 0.1313336044549942 0.12853547930717468 0.12846696376800537 0.1285410225391388 0.13082648813724518 0.12991344928741455 0.1292131245136261 0.1265902817249298 0.1278926134109497 0.12671715021133423 0.12799997627735138 0.12729837000370026 0.12688696384429932 0.12647968530654907 0.12642113864421844 0.13007457554340363 0.1254766434431076 0.12493178993463516 0.12573207914829254 0.12713326513767242 0.12451291084289551 0.1254163533449173 0.12560616433620453 0.1245981752872467 0.1270737200975418 0.12414006143808365 0.12345721572637558 0.12424571067094803 0.12686482071876526 0.1255900263786316 0.1259261667728424 0.12492621690034866 0.12539084255695343 0.12560558319091797 0.12616239488124847 0.12770432233810425 0.1255948543548584 0.12422340363264084 0.1257524937391281 0.12446680665016174 0.12464020401239395 0.12664075195789337 0.12560908496379852 0.1280941665172577 0.12497825920581818 0.12383085489273071 0.12539100646972656 0.12569303810596466 0.12483562529087067 0.126792773604393 0.12384812533855438 0.12347140908241272 0.1256926953792572 0.12392088025808334 0.12188641726970673 0.12470383197069168 0.12302567064762115 0.12217102199792862 0.1245814636349678 0.12151948362588882 0.12170122563838959 0.12145587801933289 0.12238681316375732 0.12353656440973282 0.12275209277868271 0.12204957008361816 0.1212095245718956 0.12168054282665253 0.12260658293962479 0.12132596969604492 0.12075389921665192 0.12190665304660797 0.12328951060771942 0.12155855447053909 0.11780162900686264 0.12050814181566238 0.11985957622528076 0.12021136283874512 0.12209609150886536 0.12074635922908783 0.11853186041116714 0.11833207309246063 0.11917384713888168 0.12065791338682175 0.11927372217178345 0.11970531195402145 0.11890266090631485 0.11882401257753372 
train_loss3 0.450581431388855 0.43766000866889954 0.430524617433548 0.4247150719165802 0.4182809293270111 0.4124501645565033 0.4016054570674896 0.38803771138191223 0.3701184391975403 0.3519582450389862 0.33289656043052673 0.32332295179367065 0.3075406849384308 0.29689568281173706 0.28670865297317505 0.27395325899124146 0.2612910568714142 0.25283682346343994 0.24236582219600677 0.23656165599822998 0.2267938107252121 0.2213992476463318 0.2150210291147232 0.20815758407115936 0.20603616535663605 0.19579686224460602 0.19472168385982513 0.18807180225849152 0.18334992229938507 0.1913805603981018 0.19246727228164673 0.20197105407714844 0.21077533066272736 0.21994057297706604 0.2177792340517044 0.21824713051319122 0.21608607470989227 0.21295227110385895 0.20648705959320068 0.2017095685005188 0.20129860937595367 0.19213561713695526 0.18871596455574036 0.18129298090934753 0.17997002601623535 0.1807374656200409 0.17154796421527863 0.17135152220726013 0.16871099174022675 0.16716454923152924 0.1670958697795868 0.1642327904701233 0.16243082284927368 0.15734297037124634 0.1599365919828415 0.1569143831729889 0.15568874776363373 0.1537749320268631 0.15390099585056305 0.15339359641075134 0.14834176003932953 0.14889022707939148 0.14736928045749664 0.14552244544029236 0.14608971774578094 0.14593923091888428 0.14409172534942627 0.14543400704860687 0.13928014039993286 0.14131605625152588 0.14300204813480377 0.13910838961601257 0.13731184601783752 0.13767558336257935 0.1389026790857315 0.13605688512325287 0.13679282367229462 0.13798639178276062 0.13397230207920074 0.135626420378685 0.13401241600513458 0.13565538823604584 0.1312580108642578 0.13463258743286133 0.1326688975095749 0.1330415904521942 0.13099846243858337 0.13053186237812042 0.13198253512382507 0.13410744071006775 0.13574989140033722 0.13467244803905487 0.13462644815444946 0.13564413785934448 0.13540302217006683 0.13491758704185486 0.13546833395957947 0.13447101414203644 0.1349000781774521 0.13481681048870087 0.13430729508399963 0.13445262610912323 0.1349157840013504 0.13293007016181946 0.13431856036186218 0.13516245782375336 0.13259761035442352 0.1325613409280777 0.13393406569957733 0.13259249925613403 0.13030214607715607 0.1301785409450531 0.1312219798564911 0.130836620926857 0.12912766635417938 0.1309119462966919 0.12949857115745544 0.12994587421417236 0.1276659369468689 0.1267632097005844 0.12812554836273193 0.12647198140621185 0.12771093845367432 0.1262488216161728 0.1286923587322235 0.12960213422775269 0.127684086561203 0.12896083295345306 0.12590384483337402 0.12539488077163696 0.12525033950805664 0.12621624767780304 0.12529072165489197 0.1287647932767868 0.12592366337776184 0.12591920793056488 0.1257040798664093 0.12759512662887573 0.12656061351299286 0.12568417191505432 0.12824387848377228 0.1252170205116272 0.12531667947769165 0.12854716181755066 0.12932616472244263 0.12712189555168152 0.12765419483184814 0.12642867863178253 0.12623915076255798 0.1276904195547104 0.12532706558704376 0.12731187045574188 0.12637463212013245 0.12878696620464325 0.12909035384655 0.1280621737241745 0.12668195366859436 0.12830863893032074 0.12719348073005676 0.12550108134746552 0.12550035119056702 0.1278315931558609 0.12593908607959747 0.12845498323440552 0.12627124786376953 0.12476392090320587 0.12756608426570892 0.1276790052652359 0.12443023175001144 0.1268245428800583 0.1260654330253601 0.12437228113412857 0.12596812844276428 0.12449488788843155 0.126816987991333 0.12273545563220978 0.12402370572090149 0.12417742609977722 0.12297184020280838 0.12486136704683304 0.12403102964162827 0.12329509109258652 0.12303860485553741 0.1231856495141983 0.12049061059951782 0.12060846388339996 0.11991721391677856 0.12342193722724915 0.12020424753427505 0.12237535417079926 0.12219667434692383 0.12284249812364578 0.1204240471124649 0.12052131444215775 0.12041564285755157 0.1229567900300026 0.12097665667533875 0.12114021927118301 0.11955844610929489 0.12096952646970749 
train_loss_all 0.5714946389198303 0.5634781122207642 0.5578985214233398 0.556611955165863 0.55531245470047 0.5533619523048401 0.5494682788848877 0.5458441972732544 0.5419023633003235 0.5385244488716125 0.533799409866333 0.5304573178291321 0.5270971655845642 0.5249826908111572 0.523373544216156 0.5218536853790283 0.5206572413444519 0.5198169946670532 0.5185816884040833 0.5178297162055969 0.5169975161552429 0.5162426233291626 0.5158677697181702 0.5153194665908813 0.5146924257278442 0.5141826868057251 0.5138733983039856 0.5132737159729004 0.5128892064094543 0.5122867822647095 0.510574460029602 0.5087164044380188 0.5066037178039551 0.5052817463874817 0.5037357807159424 0.5027592182159424 0.5015770196914673 0.500467836856842 0.4994213879108429 0.49882078170776367 0.4981684982776642 0.49713584780693054 0.49681663513183594 0.4960101544857025 0.4956527054309845 0.49527111649513245 0.494820237159729 0.49465349316596985 0.4941626787185669 0.4940091073513031 0.4936378598213196 0.4932347536087036 0.49293747544288635 0.49300146102905273 0.4926234781742096 0.4923093020915985 0.492254376411438 0.49189794063568115 0.49166831374168396 0.4914943277835846 0.49141451716423035 0.491020530462265 0.4908551573753357 0.4905984103679657 0.49058660864830017 0.49053552746772766 0.4903055727481842 0.4900308847427368 0.48967060446739197 0.4895801246166229 0.489236056804657 0.4892430305480957 0.4889598786830902 0.4888710379600525 0.48881953954696655 0.4882635474205017 0.48834866285324097 0.48797667026519775 0.48783057928085327 0.4875544309616089 0.48747754096984863 0.4870620369911194 0.48694664239883423 0.48655638098716736 0.48607245087623596 0.48599520325660706 0.48532694578170776 0.4845263361930847 0.48396751284599304 0.4831746220588684 0.4823031425476074 0.4814552962779999 0.48049211502075195 0.4795100688934326 0.4787423610687256 0.4778405725955963 0.47696825861930847 0.47649911046028137 0.4752253293991089 0.4749184250831604 0.4740552306175232 0.47359955310821533 0.47312796115875244 0.472312867641449 0.47212928533554077 0.4714546501636505 0.47086071968078613 0.4703211784362793 0.47018754482269287 0.4695010781288147 0.46909451484680176 0.4685653746128082 0.46843403577804565 0.4677797257900238 0.46754375100135803 0.46722185611724854 0.46708038449287415 0.4666931927204132 0.4668255150318146 0.46592608094215393 0.4657222330570221 0.46550002694129944 0.4652312695980072 0.46467193961143494 0.46445441246032715 0.4640057384967804 0.46388378739356995 0.4641592800617218 0.46345090866088867 0.46332693099975586 0.46287208795547485 0.46298646926879883 0.46236246824264526 0.4621073007583618 0.4619784653186798 0.46175217628479004 0.4612860083580017 0.4614662230014801 0.4607909321784973 0.46067920327186584 0.46073412895202637 0.46067383885383606 0.459963321685791 0.4599284827709198 0.4594649076461792 0.4594133496284485 0.4589873254299164 0.458979994058609 0.45859456062316895 0.45798274874687195 0.4572649598121643 0.45725739002227783 0.4568421244621277 0.4566240906715393 0.45635348558425903 0.45563027262687683 0.45502543449401855 0.45428183674812317 0.45397621393203735 0.4533681273460388 0.45226341485977173 0.45219942927360535 0.4515610933303833 0.45111769437789917 0.45097416639328003 0.44994333386421204 0.44936567544937134 0.44868719577789307 0.44808560609817505 0.4477469325065613 0.4469969570636749 0.44658592343330383 0.44618910551071167 0.44568726420402527 0.44515612721443176 0.44524648785591125 0.44424349069595337 0.4439140856266022 0.4436199963092804 0.4431633949279785 0.44301456212997437 0.44287124276161194 0.442342072725296 0.44219085574150085 0.4418104290962219 0.44115620851516724 0.4410474896430969 0.4412113130092621 0.44070619344711304 0.44037166237831116 0.4401586651802063 0.44026511907577515 0.4394630193710327 0.43960848450660706 0.43898487091064453 0.43887993693351746 0.4389351010322571 0.4382931888103485 0.438236266374588 0.43813005089759827 
train_loss_back 0.5714946389198303 0.5634781122207642 0.5578985214233398 0.556611955165863 0.55531245470047 0.5533619523048401 0.5494682788848877 0.5458441972732544 0.5419023633003235 0.5385244488716125 0.533799409866333 0.5304573178291321 0.5270971655845642 0.5249826908111572 0.523373544216156 0.5218536853790283 0.5206572413444519 0.5198169946670532 0.5185816884040833 0.5178297162055969 0.5169975161552429 0.5162426233291626 0.5158677697181702 0.5153194665908813 0.5146924257278442 0.5141826868057251 0.5138733983039856 0.5132737159729004 0.5128892064094543 0.5122867822647095 0.510574460029602 0.5087164044380188 0.5066037178039551 0.5052817463874817 0.5037357807159424 0.5027592182159424 0.5015770196914673 0.500467836856842 0.4994213879108429 0.49882078170776367 0.4981684982776642 0.49713584780693054 0.49681663513183594 0.4960101544857025 0.4956527054309845 0.49527111649513245 0.494820237159729 0.49465349316596985 0.4941626787185669 0.4940091073513031 0.4936378598213196 0.4932347536087036 0.49293747544288635 0.49300146102905273 0.4926234781742096 0.4923093020915985 0.492254376411438 0.49189794063568115 0.49166831374168396 0.4914943277835846 0.49141451716423035 0.491020530462265 0.4908551573753357 0.4905984103679657 0.49058660864830017 0.49053552746772766 0.4903055727481842 0.4900308847427368 0.48967060446739197 0.4895801246166229 0.489236056804657 0.4892430305480957 0.4889598786830902 0.4888710379600525 0.48881953954696655 0.4882635474205017 0.48834866285324097 0.48797667026519775 0.48783057928085327 0.4875544309616089 0.48747754096984863 0.4870620369911194 0.48694664239883423 0.48655638098716736 0.48607245087623596 0.48599520325660706 0.48532694578170776 0.4845263361930847 0.48396751284599304 0.4831746220588684 0.4823031425476074 0.4814552962779999 0.48049211502075195 0.4795100688934326 0.4787423610687256 0.4778405725955963 0.47696825861930847 0.47649911046028137 0.4752253293991089 0.4749184250831604 0.4740552306175232 0.47359955310821533 0.47312796115875244 0.472312867641449 0.47212928533554077 0.4714546501636505 0.47086071968078613 0.4703211784362793 0.47018754482269287 0.4695010781288147 0.46909451484680176 0.4685653746128082 0.46843403577804565 0.4677797257900238 0.46754375100135803 0.46722185611724854 0.46708038449287415 0.4666931927204132 0.4668255150318146 0.46592608094215393 0.4657222330570221 0.46550002694129944 0.4652312695980072 0.46467193961143494 0.46445441246032715 0.4640057384967804 0.46388378739356995 0.4641592800617218 0.46345090866088867 0.46332693099975586 0.46287208795547485 0.46298646926879883 0.46236246824264526 0.4621073007583618 0.4619784653186798 0.46175217628479004 0.4612860083580017 0.4614662230014801 0.4607909321784973 0.46067920327186584 0.46073412895202637 0.46067383885383606 0.459963321685791 0.4599284827709198 0.4594649076461792 0.4594133496284485 0.4589873254299164 0.458979994058609 0.45859456062316895 0.45798274874687195 0.4572649598121643 0.45725739002227783 0.4568421244621277 0.4566240906715393 0.45635348558425903 0.45563027262687683 0.45502543449401855 0.45428183674812317 0.45397621393203735 0.4533681273460388 0.45226341485977173 0.45219942927360535 0.4515610933303833 0.45111769437789917 0.45097416639328003 0.44994333386421204 0.44936567544937134 0.44868719577789307 0.44808560609817505 0.4477469325065613 0.4469969570636749 0.44658592343330383 0.44618910551071167 0.44568726420402527 0.44515612721443176 0.44524648785591125 0.44424349069595337 0.4439140856266022 0.4436199963092804 0.4431633949279785 0.44301456212997437 0.44287124276161194 0.442342072725296 0.44219085574150085 0.4418104290962219 0.44115620851516724 0.4410474896430969 0.4412113130092621 0.44070619344711304 0.44037166237831116 0.4401586651802063 0.44026511907577515 0.4394630193710327 0.43960848450660706 0.43898487091064453 0.43887993693351746 0.4389351010322571 0.4382931888103485 0.438236266374588 0.43813005089759827 
train_loss1_vel 0.01734803430736065 0.017173923552036285 0.01706085354089737 0.017046771943569183 0.01703709363937378 0.017008110880851746 0.016954921185970306 0.016904866322875023 0.016848653554916382 0.016784757375717163 0.016663433983922005 0.016578026115894318 0.01651066727936268 0.01647152565419674 0.016436463221907616 0.016406403854489326 0.016389677301049232 0.016377774998545647 0.016354499384760857 0.016338903456926346 0.01632929965853691 0.016314558684825897 0.01630663312971592 0.01630004122853279 0.016287172213196754 0.016279244795441628 0.016271699219942093 0.016260650008916855 0.016252970322966576 0.016228534281253815 0.016171827912330627 0.016104774549603462 0.016024718061089516 0.015971103683114052 0.01592039316892624 0.015891127288341522 0.0158530343323946 0.01582411304116249 0.015800394117832184 0.015786031261086464 0.01576825976371765 0.015745781362056732 0.015739822760224342 0.015722153708338737 0.01571265608072281 0.01570097915828228 0.015695268288254738 0.015690520405769348 0.015676289796829224 0.015675019472837448 0.015663553029298782 0.0156538262963295 0.015644939616322517 0.01565052755177021 0.015639711171388626 0.015632381662726402 0.015630338340997696 0.01562019344419241 0.015614771284162998 0.01561044529080391 0.015611079521477222 0.015599066391587257 0.015596609562635422 0.01558701228350401 0.015589260496199131 0.015585712157189846 0.015579793602228165 0.015571262687444687 0.015564006753265858 0.01556107122451067 0.015549738891422749 0.01555122435092926 0.015544740483164787 0.015542079694569111 0.015535986982285976 0.015523595735430717 0.015525431372225285 0.015513850376009941 0.015510492026805878 0.015501669608056545 0.015500254929065704 0.01548662967979908 0.015484717674553394 0.015469766221940517 0.015456813387572765 0.015453513711690903 0.015432599000632763 0.01540856808423996 0.015389938838779926 0.015361618250608444 0.015332991257309914 0.01530527975410223 0.015273875556886196 0.01524294726550579 0.01521757896989584 0.015188531018793583 0.015161271207034588 0.015145625919103622 0.015105617232620716 0.015096256509423256 0.015068680047988892 0.015054023824632168 0.015039822086691856 0.015013924799859524 0.015007785521447659 0.01498605776578188 0.01496955193579197 0.014950382523238659 0.014947138726711273 0.014925186522305012 0.014913227409124374 0.014896873384714127 0.014891305938363075 0.014871982857584953 0.014865344390273094 0.01485404185950756 0.014849049039185047 0.014836872927844524 0.01484267134219408 0.014815641567111015 0.014807727187871933 0.014802059158682823 0.014792135916650295 0.014775310643017292 0.014767278917133808 0.014752618037164211 0.014749739319086075 0.014756006188690662 0.014737255871295929 0.014733818359673023 0.014718892984092236 0.014721345156431198 0.014703148044645786 0.01469270046800375 0.014689947478473186 0.01468320656567812 0.014667090028524399 0.014673398807644844 0.014652621001005173 0.014649090357124805 0.014648173935711384 0.014648470096290112 0.014625453390181065 0.014623167924582958 0.014607644639909267 0.014607041142880917 0.014592806808650494 0.014592406339943409 0.014581238850951195 0.01456155814230442 0.014538976363837719 0.014538363553583622 0.014525443315505981 0.014516137540340424 0.014507831074297428 0.014483868144452572 0.014466824941337109 0.01444269996136427 0.014432678930461407 0.01441390160471201 0.014378907158970833 0.014374595135450363 0.014356658793985844 0.014341289177536964 0.014336690306663513 0.014305336400866508 0.01428636908531189 0.01426307950168848 0.014246376231312752 0.014234684407711029 0.01420977246016264 0.014199072495102882 0.014185404404997826 0.014170209877192974 0.014151452109217644 0.014155911281704903 0.014123467728495598 0.014113184064626694 0.014104816131293774 0.014088928699493408 0.014084110967814922 0.014080565422773361 0.014064019545912743 0.014058494009077549 0.014046967029571533 0.01402682438492775 0.014025616459548473 0.014027668163180351 0.014013474807143211 0.014001434668898582 0.01399371586740017 0.013997494243085384 0.013974161818623543 0.01397887896746397 0.013958500698208809 0.013953039422631264 0.013956562615931034 0.013935662806034088 0.013935068622231483 0.013930970802903175 
train_loss2_dep 17.321596145629883 16.1653995513916 15.140315055847168 14.797538757324219 14.376709938049316 13.883949279785156 12.732133865356445 11.6807222366333 10.560506820678711 9.986105918884277 9.737606048583984 9.414962768554688 8.755932807922363 8.23312759399414 8.03942584991455 7.846779823303223 7.537661552429199 7.294000625610352 7.047743797302246 6.920768737792969 6.595459938049316 6.400049686431885 6.436229705810547 6.213859558105469 5.984306335449219 5.946743488311768 5.8788042068481445 5.728744983673096 5.66618537902832 5.643921852111816 5.678072452545166 5.688055038452148 5.903141021728516 6.0463643074035645 6.148289680480957 6.045254230499268 6.112416744232178 5.942196846008301 5.743919372558594 5.690349102020264 5.56690788269043 5.397762775421143 5.316685199737549 5.179502964019775 5.129570484161377 5.077417850494385 4.955099582672119 4.9319939613342285 4.939861297607422 4.810966968536377 4.79022741317749 4.72043514251709 4.743344783782959 4.722820281982422 4.5762619972229 4.528471946716309 4.5806684494018555 4.572131156921387 4.467022895812988 4.41627311706543 4.402098655700684 4.351234436035156 4.243158340454102 4.373210430145264 4.212745189666748 4.321946144104004 4.298547744750977 4.241926193237305 4.190343379974365 4.130340576171875 4.0944085121154785 4.142942905426025 4.04939603805542 4.027332782745361 4.240729331970215 4.018612384796143 4.047902584075928 3.9906747341156006 4.036042213439941 3.9838826656341553 3.971618413925171 3.938584089279175 3.967102289199829 4.007413387298584 3.9165265560150146 3.9536445140838623 3.9843647480010986 3.9015917778015137 3.8993678092956543 4.003410816192627 3.9918646812438965 4.053544521331787 4.083037376403809 4.019534111022949 4.06824254989624 4.088922023773193 4.031365871429443 4.094235420227051 4.033003330230713 4.008061408996582 4.016536712646484 4.014094352722168 3.947213888168335 3.9929425716400146 3.964980363845825 3.9436757564544678 3.8761308193206787 3.9833052158355713 3.881925582885742 3.918911933898926 3.926069736480713 3.8941218852996826 3.9400079250335693 3.856064558029175 3.854008674621582 3.8562307357788086 3.9247946739196777 3.8974034786224365 3.8763937950134277 3.79770827293396 3.836778402328491 3.8015146255493164 3.839999198913574 3.81895112991333 3.8066089153289795 3.7943904399871826 3.7926340103149414 3.9022374153137207 3.764299154281616 3.7479536533355713 3.7719621658325195 3.813997983932495 3.7353873252868652 3.7624905109405518 3.7681849002838135 3.737945318222046 3.812211513519287 3.7242019176483154 3.703716516494751 3.7273714542388916 3.8059444427490234 3.7677009105682373 3.777785062789917 3.747786521911621 3.761725425720215 3.768167495727539 3.784871816635132 3.831129789352417 3.767845630645752 3.7267022132873535 3.7725746631622314 3.734004259109497 3.739206075668335 3.799222707748413 3.7682723999023438 3.842824697494507 3.749347686767578 3.714925765991211 3.761730194091797 3.7707910537719727 3.7450685501098633 3.8037831783294678 3.7154438495635986 3.7041423320770264 3.7707808017730713 3.7176263332366943 3.656592607498169 3.741114854812622 3.690770149230957 3.665130615234375 3.7374439239501953 3.6455845832824707 3.6510367393493652 3.643676280975342 3.6716043949127197 3.706096887588501 3.682562828063965 3.661487102508545 3.6362857818603516 3.650416135787964 3.6781976222991943 3.6397790908813477 3.62261700630188 3.6571993827819824 3.69868540763855 3.646756649017334 3.5340487957000732 3.6152443885803223 3.595787286758423 3.6063408851623535 3.6628828048706055 3.6223907470703125 3.5559558868408203 3.549962282180786 3.5752153396606445 3.619737386703491 3.578211545944214 3.5911593437194824 3.567079782485962 3.564720392227173 
train_loss3_thi 13.51744270324707 13.129799842834473 12.915738105773926 12.741451263427734 12.54842758178711 12.373504638671875 12.048163414001465 11.641131401062012 11.103553771972656 10.558747291564941 9.986896514892578 9.699688911437988 9.22622013092041 8.906869888305664 8.6012601852417 8.218597412109375 7.8387322425842285 7.585104465484619 7.270974636077881 7.09684944152832 6.80381441116333 6.641977310180664 6.450631141662598 6.244727611541748 6.181085109710693 5.873905658721924 5.841650485992432 5.642154216766357 5.500497817993164 5.741416931152344 5.774018287658691 6.059131622314453 6.323260307312012 6.598217010498047 6.533377170562744 6.5474138259887695 6.482582092285156 6.38856840133667 6.194611549377441 6.051286697387695 6.0389580726623535 5.764068603515625 5.6614789962768555 5.438789367675781 5.3991007804870605 5.422123908996582 5.1464385986328125 5.140545845031738 5.0613298416137695 5.014936447143555 5.012876033782959 4.926983833312988 4.8729248046875 4.72028923034668 4.798097610473633 4.707431793212891 4.6706624031066895 4.613247871398926 4.617029666900635 4.601807594299316 4.450253009796143 4.4667067527771 4.421078205108643 4.365673065185547 4.382691860198975 4.378176689147949 4.322751998901367 4.363019943237305 4.178403854370117 4.239481449127197 4.2900614738464355 4.173252105712891 4.119355201721191 4.130267143249512 4.167080402374268 4.081706523895264 4.103784561157227 4.139591693878174 4.019169330596924 4.068792819976807 4.02037239074707 4.069661617279053 3.9377403259277344 4.03897762298584 3.9800667762756348 3.9912476539611816 3.9299538135528564 3.9159560203552246 3.9594762325286865 4.023223400115967 4.07249641418457 4.040173530578613 4.038793087005615 4.069324493408203 4.0620903968811035 4.047527313232422 4.06404972076416 4.034130573272705 4.04700231552124 4.044504642486572 4.029218673706055 4.033578872680664 4.047473430633545 3.9879019260406494 4.029556751251221 4.054873943328857 3.9779281616210938 3.9768402576446533 4.018021583557129 3.9777750968933105 3.909064292907715 3.9053561687469482 3.936659336090088 3.925098419189453 3.8738300800323486 3.9273581504821777 3.8849573135375977 3.898376226425171 3.8299782276153564 3.802896499633789 3.843766450881958 3.7941596508026123 3.8313279151916504 3.7874646186828613 3.8607707023620605 3.88806414604187 3.8305227756500244 3.8688249588012695 3.7771153450012207 3.7618465423583984 3.757510185241699 3.786487340927124 3.7587218284606934 3.862943649291992 3.777709722518921 3.777576208114624 3.771122455596924 3.8278539180755615 3.796818494796753 3.7705252170562744 3.8473165035247803 3.7565104961395264 3.759500503540039 3.856414794921875 3.8797850608825684 3.813656806945801 3.8296258449554443 3.7928600311279297 3.787174701690674 3.8307127952575684 3.7598118782043457 3.8193559646606445 3.791239023208618 3.8636090755462646 3.872710704803467 3.841865301132202 3.8004586696624756 3.8492588996887207 3.8158044815063477 3.7650322914123535 3.7650105953216553 3.8349475860595703 3.778172492980957 3.853649616241455 3.788137197494507 3.742917776107788 3.8269827365875244 3.8303699493408203 3.7329070568084717 3.804736375808716 3.7819631099700928 3.731168508529663 3.779043674468994 3.734846591949463 3.8045098781585693 3.6820638179779053 3.7207112312316895 3.725322723388672 3.689155101776123 3.7458410263061523 3.720931053161621 3.698852777481079 3.6911580562591553 3.6955692768096924 3.614718437194824 3.618253707885742 3.5975162982940674 3.702658176422119 3.6061272621154785 3.6712605953216553 3.665900230407715 3.685275077819824 3.6127214431762695 3.6156394481658936 3.61246919631958 3.688703775405884 3.6292998790740967 3.634206533432007 3.5867533683776855 3.6290857791900635 
validate_loss1 0.574070155620575 0.5644603371620178 0.5633242726325989 0.5638877153396606 0.5641287565231323 0.5624728202819824 0.5605217814445496 0.5582826137542725 0.5566882491111755 0.5543456673622131 0.5532305836677551 0.5518612265586853 0.5510607957839966 0.5502374172210693 0.5493074059486389 0.5490322113037109 0.5484127402305603 0.5481632351875305 0.5486472845077515 0.5486600399017334 0.5487748384475708 0.5477782487869263 0.5480825304985046 0.547829270362854 0.5484095811843872 0.5484545826911926 0.5482332110404968 0.5474968552589417 0.5474793910980225 0.5467903017997742 0.5453870892524719 0.5441733598709106 0.5418922901153564 0.5406036972999573 0.5406262874603271 0.5408593416213989 0.5400699377059937 0.539722204208374 0.5391196012496948 0.5392438769340515 0.538618803024292 0.5385845899581909 0.5386764407157898 0.5388163328170776 0.5389013886451721 0.5391318202018738 0.5397692918777466 0.5399500131607056 0.5394062399864197 0.5383694767951965 0.539625346660614 0.539061427116394 0.5389119386672974 0.539107620716095 0.5388423800468445 0.5384430885314941 0.538905143737793 0.5390052199363708 0.5392062664031982 0.5390805006027222 0.5384592413902283 0.5388945937156677 0.5389847159385681 0.5394117832183838 0.5388838052749634 0.5392945408821106 0.5393198132514954 0.5389068722724915 0.5391988158226013 0.539111316204071 0.5390313863754272 0.5395985245704651 0.5392502546310425 0.5396576523780823 0.5388513207435608 0.5389370322227478 0.5394812226295471 0.5392970442771912 0.5401087999343872 0.539929986000061 0.5399752259254456 0.5398345589637756 0.5414314270019531 0.5412286520004272 0.5403937697410583 0.5400745868682861 0.5404106974601746 0.5406058430671692 0.5403603315353394 0.5415887236595154 0.5410268902778625 0.5405979752540588 0.5410324931144714 0.5400807857513428 0.5395553708076477 0.5390835404396057 0.5392038226127625 0.5390931963920593 0.5368165969848633 0.5386399626731873 0.5373572111129761 0.5377223491668701 0.5383617281913757 0.5386620163917542 0.5376672744750977 0.5368505120277405 0.5369767546653748 0.536890983581543 0.5376634001731873 0.5382847189903259 0.5369142293930054 0.5374075174331665 0.5391835570335388 0.5391186475753784 0.5386642217636108 0.5394039154052734 0.5390624403953552 0.5383778810501099 0.5395825505256653 0.5392054319381714 0.5391457080841064 0.5387421250343323 0.5394352674484253 0.5401107668876648 0.5390082001686096 0.5393264293670654 0.5384606719017029 0.5397886037826538 0.5395017266273499 0.5394676327705383 0.5396192669868469 0.5401668548583984 0.5399940013885498 0.5398596525192261 0.5398018956184387 0.540158748626709 0.5392729043960571 0.5397802591323853 0.5402182936668396 0.5396339297294617 0.539623498916626 0.5403266549110413 0.5396631360054016 0.5418606996536255 0.5407417416572571 0.54067063331604 0.5408941507339478 0.5401597023010254 0.5417839288711548 0.5400190949440002 0.5402930974960327 0.5405922532081604 0.5408065319061279 0.5408492684364319 0.540507435798645 0.5406665205955505 0.5414297580718994 0.5402786731719971 0.5390990972518921 0.5395030379295349 0.540841281414032 0.540033757686615 0.5414154529571533 0.5390269756317139 0.540155827999115 0.5389188528060913 0.5397621393203735 0.5392511487007141 0.5401132702827454 0.5387157797813416 0.5402994155883789 0.5408308506011963 0.5403239130973816 0.5401618480682373 0.5409918427467346 0.5401330590248108 0.5398899912834167 0.5410065054893494 0.540212869644165 0.5418241024017334 0.5393421053886414 0.5393006801605225 0.5392755270004272 0.5397822260856628 0.5400201082229614 0.540885329246521 0.538997232913971 0.5382518172264099 0.5395519137382507 0.5395177602767944 0.539901614189148 0.5399021506309509 0.5401621460914612 0.5399273037910461 0.5416821241378784 0.5408033728599548 0.5408816933631897 0.5413948893547058 0.5414222478866577 0.5402536392211914 
validate_loss2 0.5696513652801514 0.5149458050727844 0.5122054219245911 0.5111016631126404 0.49929630756378174 0.5066220760345459 0.4871450662612915 0.4815613329410553 0.4793662130832672 0.4852302074432373 0.49268755316734314 0.48950695991516113 0.49505266547203064 0.501269519329071 0.48762014508247375 0.486060231924057 0.4797753095626831 0.4737822711467743 0.4723454713821411 0.47311514616012573 0.47480836510658264 0.4713892638683319 0.4649899899959564 0.4650576710700989 0.4680202603340149 0.46308672428131104 0.45983317494392395 0.4627240002155304 0.45853883028030396 0.4658416509628296 0.46847134828567505 0.4627368450164795 0.46437564492225647 0.4657868444919586 0.46095791459083557 0.45987585186958313 0.45704519748687744 0.449079304933548 0.452745258808136 0.4535788297653198 0.4545857906341553 0.4481481909751892 0.44755133986473083 0.4526831805706024 0.4535157084465027 0.4557356834411621 0.4470828175544739 0.4479425847530365 0.45230361819267273 0.43999215960502625 0.45272719860076904 0.45652005076408386 0.4489392340183258 0.4552134871482849 0.45901963114738464 0.4487559497356415 0.4555531442165375 0.4502160847187042 0.4441660940647125 0.4543459713459015 0.44515329599380493 0.4444892406463623 0.4453807771205902 0.44533365964889526 0.44069820642471313 0.440538614988327 0.44311538338661194 0.4429070055484772 0.44286423921585083 0.44238945841789246 0.4355442225933075 0.44066113233566284 0.44111090898513794 0.4434323310852051 0.4364350140094757 0.44099852442741394 0.43959638476371765 0.43352439999580383 0.44269073009490967 0.4434213936328888 0.4411914348602295 0.43636518716812134 0.4403247535228729 0.43884962797164917 0.4422520101070404 0.4405556917190552 0.44102808833122253 0.4366421103477478 0.44091466069221497 0.4368754029273987 0.4415031671524048 0.4430752992630005 0.43846574425697327 0.4395921230316162 0.4442288875579834 0.4407986104488373 0.44089025259017944 0.43540769815444946 0.4384695887565613 0.43674352765083313 0.4338582754135132 0.43628770112991333 0.4359738528728485 0.4355941116809845 0.43160775303840637 0.43090173602104187 0.4342317581176758 0.43433892726898193 0.4347101151943207 0.4388364851474762 0.44057726860046387 0.43570366501808167 0.4379788339138031 0.43646684288978577 0.43388158082962036 0.4324153661727905 0.43619877099990845 0.43715471029281616 0.43642759323120117 0.4322248101234436 0.43751463294029236 0.43353500962257385 0.43093228340148926 0.43190112709999084 0.43352797627449036 0.4263578951358795 0.4321156442165375 0.4317781627178192 0.4323244094848633 0.43198496103286743 0.4376363456249237 0.4364832043647766 0.4351564347743988 0.43146297335624695 0.43350645899772644 0.43663573265075684 0.4340026378631592 0.43568211793899536 0.43392032384872437 0.4337922930717468 0.43495050072669983 0.43438035249710083 0.43336549401283264 0.43690046668052673 0.43310847878456116 0.4309961199760437 0.4343172311782837 0.4343329966068268 0.4314860999584198 0.4360106289386749 0.4335825741291046 0.4321248233318329 0.43964457511901855 0.43963098526000977 0.4340006411075592 0.4297177195549011 0.43438804149627686 0.4311760663986206 0.43206334114074707 0.42951157689094543 0.43110400438308716 0.4358530640602112 0.4324677884578705 0.4326401650905609 0.43147972226142883 0.43151775002479553 0.42824238538742065 0.42941516637802124 0.4298933744430542 0.43036726117134094 0.43290236592292786 0.42678120732307434 0.43103447556495667 0.4263361394405365 0.4275868833065033 0.4285493791103363 0.43138277530670166 0.4307774603366852 0.42665478587150574 0.4339388608932495 0.4288040101528168 0.42966723442077637 0.43275687098503113 0.42771095037460327 0.4268013536930084 0.4321020543575287 0.4287773370742798 0.42809930443763733 0.4243263006210327 0.42515841126441956 0.42972850799560547 0.43106335401535034 0.42380502820014954 0.42689067125320435 0.43109962344169617 0.4265401363372803 0.42836230993270874 0.42963120341300964 0.4300260841846466 0.4268556535243988 
validate_loss3 0.43893975019454956 0.4250011742115021 0.42565053701400757 0.4318770170211792 0.4271343946456909 0.43255603313446045 0.4285416305065155 0.4332343637943268 0.4375937879085541 0.44542837142944336 0.48336008191108704 0.4753684997558594 0.4624328315258026 0.49262478947639465 0.45882993936538696 0.46433502435684204 0.4639911353588104 0.45909038186073303 0.4560759365558624 0.4597810208797455 0.4840688109397888 0.48494601249694824 0.4688197076320648 0.47015702724456787 0.46371105313301086 0.45716553926467896 0.46942898631095886 0.4685669541358948 0.47472721338272095 0.4751213788986206 0.479661762714386 0.4900934100151062 0.4665457308292389 0.45202749967575073 0.45388785004615784 0.458110511302948 0.455119252204895 0.4497106075286865 0.4623844027519226 0.4557426869869232 0.4721681773662567 0.4624764919281006 0.4552834630012512 0.471721351146698 0.4693106710910797 0.4715689420700073 0.45990321040153503 0.46790701150894165 0.4693997800350189 0.46053338050842285 0.4721935987472534 0.46999430656433105 0.4718778729438782 0.4690662622451782 0.4730919897556305 0.46367913484573364 0.47246643900871277 0.4641909897327423 0.46155497431755066 0.47422027587890625 0.4686196446418762 0.4604366719722748 0.46177351474761963 0.4618518054485321 0.4600149393081665 0.45574048161506653 0.45978885889053345 0.4620625376701355 0.46064192056655884 0.45552173256874084 0.4531764090061188 0.45830103754997253 0.45556944608688354 0.45865029096603394 0.452727735042572 0.46196526288986206 0.45269954204559326 0.45409077405929565 0.46289047598838806 0.4603292644023895 0.4610479772090912 0.45440325140953064 0.46055862307548523 0.4558260440826416 0.4571040868759155 0.4503920078277588 0.4535573720932007 0.4477808475494385 0.453000545501709 0.454647958278656 0.4589211940765381 0.45650649070739746 0.45311394333839417 0.45972105860710144 0.4637678563594818 0.45510002970695496 0.4710766673088074 0.45633119344711304 0.4647766947746277 0.4685519337654114 0.45951947569847107 0.4709731936454773 0.4721333384513855 0.4626431465148926 0.458698034286499 0.46258482336997986 0.46175235509872437 0.4638828933238983 0.4643889367580414 0.4630821943283081 0.45992758870124817 0.45727840065956116 0.4668361246585846 0.46188411116600037 0.4560184180736542 0.4597919285297394 0.46653780341148376 0.46272045373916626 0.4644175171852112 0.4571121633052826 0.4586104452610016 0.45190495252609253 0.45502740144729614 0.45493119955062866 0.45724591612815857 0.4560181200504303 0.4528038203716278 0.45463505387306213 0.4561668038368225 0.4557574391365051 0.46215447783470154 0.45608893036842346 0.4496147036552429 0.4553946554660797 0.45707428455352783 0.45591989159584045 0.45632824301719666 0.45856380462646484 0.4520011246204376 0.4588474631309509 0.4581321179866791 0.46210286021232605 0.45490723848342896 0.45949026942253113 0.46229425072669983 0.45618969202041626 0.46257880330085754 0.456508070230484 0.4541691839694977 0.4596739411354065 0.4572206735610962 0.45238620042800903 0.45518532395362854 0.4602690637111664 0.4568791687488556 0.45401662588119507 0.45748504996299744 0.45774224400520325 0.45866355299949646 0.452940434217453 0.4556994140148163 0.4657551050186157 0.4576161801815033 0.4624156057834625 0.45985761284828186 0.4547916054725647 0.4523870348930359 0.45480895042419434 0.4549274146556854 0.4503008723258972 0.45821094512939453 0.45463213324546814 0.45397302508354187 0.45701947808265686 0.45575571060180664 0.457805335521698 0.4508035480976105 0.4521958827972412 0.4490731954574585 0.45747825503349304 0.45184096693992615 0.4537651836872101 0.4527430534362793 0.45349013805389404 0.45204851031303406 0.454036682844162 0.4536255896091461 0.4519016146659851 0.45307657122612 0.45453694462776184 0.45794904232025146 0.45842355489730835 0.4492805302143097 0.4509994387626648 0.45412346720695496 0.4529273509979248 0.4496704041957855 0.4499300420284271 0.45308810472488403 0.45331883430480957 
validate_loss_all 0.5667513012886047 0.5543956160545349 0.5532548427581787 0.5539846420288086 0.5533512234687805 0.5525026321411133 0.5495306849479675 0.5474424958229065 0.5460988283157349 0.5446715950965881 0.5459659099578857 0.5441590547561646 0.5430816411972046 0.5442408919334412 0.5409348011016846 0.5408820509910583 0.5399792790412903 0.5391975045204163 0.5394071936607361 0.5396433472633362 0.5410813093185425 0.5400596261024475 0.5391673445701599 0.5390121936798096 0.5393550992012024 0.538815975189209 0.5390735268592834 0.5385143160820007 0.5386054515838623 0.5383768081665039 0.5374913215637207 0.5366665124893188 0.5334690809249878 0.5316495895385742 0.5315154790878296 0.5318825244903564 0.5308791995048523 0.5298952460289001 0.5301790237426758 0.5299941301345825 0.5303297638893127 0.5294737815856934 0.529159665107727 0.5303876996040344 0.5303799510002136 0.5308161973953247 0.5303526520729065 0.5309691429138184 0.5307763814926147 0.5287781953811646 0.5311398506164551 0.5307105779647827 0.5302944183349609 0.5306376814842224 0.5308030247688293 0.5294389128684998 0.5306507349014282 0.5300425887107849 0.5297873020172119 0.5308390855789185 0.5295303463935852 0.5294660329818726 0.5296595096588135 0.530044674873352 0.5292483568191528 0.5293921232223511 0.5297471880912781 0.529482364654541 0.5296697020530701 0.5293071866035461 0.5287827253341675 0.5298013687133789 0.5293716788291931 0.5300081968307495 0.5286413431167603 0.5294107794761658 0.5293604135513306 0.5289702415466309 0.530593752861023 0.530337929725647 0.5303058624267578 0.529606819152832 0.5315471291542053 0.5310529470443726 0.5305331349372864 0.5298252105712891 0.5303093194961548 0.5299824476242065 0.5302304625511169 0.5312216877937317 0.5311577320098877 0.5307268500328064 0.5307213068008423 0.5302548408508301 0.5302174687385559 0.5291827917098999 0.5301170349121094 0.5289912819862366 0.5275277495384216 0.5292770266532898 0.5275181531906128 0.528557538986206 0.5291771292686462 0.5289352536201477 0.5276463031768799 0.527077853679657 0.5273091197013855 0.527347207069397 0.5280852913856506 0.5287765264511108 0.5274686813354492 0.5275382995605469 0.5297361016273499 0.5293488502502441 0.5285158753395081 0.5293025374412537 0.5295253992080688 0.5287596583366394 0.5298941135406494 0.5289782881736755 0.5292565822601318 0.5283613204956055 0.5290173292160034 0.5296667218208313 0.5288704633712769 0.5287514925003052 0.5280849933624268 0.5293559432029724 0.5292016267776489 0.5291339159011841 0.5298693776130676 0.5299965739250183 0.5294512510299683 0.5294431447982788 0.5295745134353638 0.5299881100654602 0.5290848016738892 0.529735803604126 0.529712975025177 0.5295274257659912 0.5295374989509583 0.5303450226783752 0.5293331146240234 0.5317124128341675 0.5306668281555176 0.5301907062530518 0.5308764576911926 0.5299074053764343 0.5311141014099121 0.5300230383872986 0.530027449131012 0.5299825072288513 0.5306797027587891 0.530975341796875 0.53022301197052 0.5300162434577942 0.5311020016670227 0.5299254655838013 0.5289539098739624 0.5289049744606018 0.5303246378898621 0.5303407311439514 0.5310035347938538 0.5291089415550232 0.529937207698822 0.5285688638687134 0.5290497541427612 0.528768002986908 0.5295726656913757 0.5281046628952026 0.5300506949424744 0.5300556421279907 0.5297685861587524 0.5295531749725342 0.5302954912185669 0.5296722650527954 0.5292354822158813 0.5302813053131104 0.5292141437530518 0.5314347743988037 0.5286710262298584 0.5287718772888184 0.5288459658622742 0.5290981531143188 0.529196560382843 0.5303281545639038 0.5284492373466492 0.5276590585708618 0.5287095904350281 0.5287919044494629 0.5295275449752808 0.5296159982681274 0.5290440917015076 0.5290645360946655 0.5310016870498657 0.5299336314201355 0.5299274325370789 0.530462920665741 0.5306645035743713 0.5294732451438904 
validate_loss1_vel 0.017222104594111443 0.016933809965848923 0.016899727284908295 0.016916632652282715 0.01692386157810688 0.01687418483197689 0.016815653070807457 0.016748478636145592 0.01670064777135849 0.016630370169878006 0.016596918925642967 0.01655583828687668 0.016531823202967644 0.016507122665643692 0.01647922210395336 0.01647096686065197 0.016452383249998093 0.016444897279143333 0.016459418460726738 0.01645980030298233 0.01646324433386326 0.016433347016572952 0.016442475840449333 0.01643487811088562 0.016452288255095482 0.016453636810183525 0.016446994617581367 0.016424905508756638 0.016424382105469704 0.01640370860695839 0.01636161282658577 0.016325199976563454 0.016256768256425858 0.016218110918998718 0.01621878705918789 0.01622578129172325 0.01620209775865078 0.016191665083169937 0.01617358811199665 0.01617731712758541 0.016158564016222954 0.016157537698745728 0.01616029255092144 0.016164490953087807 0.016167042776942253 0.01617395505309105 0.016193078830838203 0.016198500990867615 0.01618218794465065 0.016151083633303642 0.016188761219382286 0.01617184281349182 0.016167359426617622 0.01617322862148285 0.016165271401405334 0.01615329273045063 0.016167152673006058 0.016170157119631767 0.016176188364624977 0.016172414645552635 0.01615377701818943 0.016166837885975838 0.016169540584087372 0.01618235372006893 0.01616651564836502 0.016178837046027184 0.01617959514260292 0.016167204827070236 0.01617596298456192 0.016173338517546654 0.016170941293239594 0.01618795655667782 0.016177507117390633 0.016189729794859886 0.016165539622306824 0.01616811193525791 0.01618443801999092 0.016178911551833153 0.0162032637745142 0.016197901219129562 0.016199257224798203 0.016195038333535194 0.016242943704128265 0.016236860305070877 0.01621181145310402 0.01620223931968212 0.01621232181787491 0.01621817611157894 0.016210809350013733 0.016247661784291267 0.016230806708335876 0.01621793955564499 0.016230974346399307 0.016202423721551895 0.016186660155653954 0.016172505915164948 0.016176115721464157 0.016172796487808228 0.016104498878121376 0.01615919917821884 0.01612071506679058 0.016131669282913208 0.016150852665305138 0.01615986041724682 0.01613001897931099 0.016105515882372856 0.016109302639961243 0.016106730327010155 0.016129903495311737 0.016148541122674942 0.016107426956295967 0.016122225672006607 0.01617550663650036 0.016173560172319412 0.01615992747247219 0.01618211716413498 0.01617187261581421 0.016151336953043938 0.016187475994229317 0.016176162287592888 0.016174370422959328 0.016162263229489326 0.01618305779993534 0.016203323379158974 0.01617024652659893 0.016179794445633888 0.016153819859027863 0.016193658113479614 0.016185052692890167 0.01618403010070324 0.016188576817512512 0.01620500534772873 0.01619981974363327 0.016195790842175484 0.01619405671954155 0.01620476320385933 0.016178186982870102 0.016193406656384468 0.01620654948055744 0.01618901826441288 0.01618870347738266 0.01620979979634285 0.01618989370763302 0.0162558201700449 0.016222253441810608 0.01622011885046959 0.01622682437300682 0.016204791143536568 0.01625351794064045 0.01620057225227356 0.016208793967962265 0.01621776819229126 0.016224196180701256 0.016225479543209076 0.01621522381901741 0.01621999591588974 0.016242893412709236 0.016208359971642494 0.016172973439097404 0.0161850918084383 0.016225239261984825 0.016201011836528778 0.016242463141679764 0.016170809045433998 0.016204673796892166 0.016167566180229187 0.016192862764000893 0.01617753505706787 0.016203397884964943 0.016161473467946053 0.016208982095122337 0.016224926337599754 0.016209717839956284 0.01620485633611679 0.01622975617647171 0.0162039902061224 0.01619669981300831 0.01623019576072693 0.01620638556778431 0.016254723072052002 0.016180263832211494 0.016179019585251808 0.01617826707661152 0.016193468123674393 0.016200603917241096 0.01622655987739563 0.016169916838407516 0.01614755392074585 0.016186557710170746 0.01618553325533867 0.016197048127651215 0.016197064891457558 0.016204863786697388 0.016197817400097847 0.01625046320259571 0.016224101185798645 0.016226451843976974 0.01624184660613537 0.01624266617000103 0.016207609325647354 
validate_loss2_dep 17.089540481567383 15.448373794555664 15.366162300109863 15.333050727844238 14.978888511657715 15.198662757873535 14.614351272583008 14.446840286254883 14.380987167358398 14.556905746459961 14.780627250671387 14.685209274291992 14.851580619812012 15.0380859375 14.628604888916016 14.581807136535645 14.393259048461914 14.213468551635742 14.170364379882812 14.193453788757324 14.244251251220703 14.141677856445312 13.949699401855469 13.951729774475098 14.040607452392578 13.89260196685791 13.794995307922363 13.881719589233398 13.75616455078125 13.975249290466309 14.054140090942383 13.882105827331543 13.931269645690918 13.973605155944824 13.82873821258545 13.796276092529297 13.711356163024902 13.472378730773926 13.582358360290527 13.607364654541016 13.6375732421875 13.444445610046387 13.42654037475586 13.580495834350586 13.605470657348633 13.672070503234863 13.412484169006348 13.438277244567871 13.569108963012695 13.199764251708984 13.581815719604492 13.695601463317871 13.46817684173584 13.656404495239258 13.770588874816895 13.462677955627441 13.666594505310059 13.506482124328613 13.324982643127441 13.630378723144531 13.354598999023438 13.334677696228027 13.36142349243164 13.360010147094727 13.220946311950684 13.216158866882324 13.293461799621582 13.287209510803223 13.285926818847656 13.271683692932129 13.066327095031738 13.219834327697754 13.23332691192627 13.302969932556152 13.093050003051758 13.229955673217773 13.187891006469727 13.005732536315918 13.280722618103027 13.302641868591309 13.235742568969727 13.09095573425293 13.209742546081543 13.165488243103027 13.267560005187988 13.216670036315918 13.230842590332031 13.099263191223145 13.227439880371094 13.10626220703125 13.245095252990723 13.292259216308594 13.153972625732422 13.187764167785645 13.326866149902344 13.223958969116211 13.226707458496094 13.062231063842773 13.15408706665039 13.102306365966797 13.015748023986816 13.088630676269531 13.079216003417969 13.067822456359863 12.948232650756836 12.927051544189453 13.026952743530273 13.030167579650879 13.041303634643555 13.165094375610352 13.217317581176758 13.071109771728516 13.139365196228027 13.094005584716797 13.016447067260742 12.972460746765137 13.085963249206543 13.114641189575195 13.092827796936035 12.966744422912598 13.125438690185547 13.006050109863281 12.92796802520752 12.95703411102295 13.005839347839355 12.79073715209961 12.963468551635742 12.953344345092773 12.969732284545898 12.959548950195312 13.129090309143066 13.094496726989746 13.054693222045898 12.943889617919922 13.005194664001465 13.099072456359863 13.020079612731934 13.070464134216309 13.017609596252441 13.013769149780273 13.048515319824219 13.031410217285156 13.000965118408203 13.107013702392578 12.993253707885742 12.929883003234863 13.02951717376709 13.029990196228027 12.94458293914795 13.080318450927734 13.007477760314941 12.9637451171875 13.189336776733398 13.188929557800293 13.02001953125 12.891531944274902 13.031641006469727 12.935282707214355 12.961899757385254 12.885347366333008 12.933119773864746 13.075592041015625 12.974034309387207 12.979205131530762 12.944392204284668 12.94553279876709 12.847271919250488 12.882454872131348 12.896800994873047 12.911018371582031 12.98707103729248 12.803436279296875 12.931034088134766 12.790083885192871 12.827607154846191 12.856481552124023 12.941483497619629 12.923323631286621 12.799643516540527 13.018166542053223 12.864120483398438 12.890016555786133 12.982706069946289 12.831329345703125 12.80403995513916 12.963061332702637 12.863320350646973 12.842979431152344 12.729789733886719 12.754753112792969 12.891855239868164 12.931900024414062 12.714151382446289 12.806719779968262 12.932988166809082 12.796204566955566 12.850869178771973 12.888936042785645 12.900782585144043 12.805669784545898 
validate_loss3_thi 13.168191909790039 12.750035285949707 12.769515991210938 12.956310272216797 12.814031600952148 12.976680755615234 12.85624885559082 12.997031211853027 13.127813339233398 13.3628511428833 14.500802040100098 14.261054992675781 13.872984886169434 14.778743743896484 13.764898300170898 13.93005084991455 13.919734001159668 13.772710800170898 13.68227767944336 13.793431282043457 14.522064208984375 14.548380851745605 14.064591407775879 14.104710578918457 13.911331176757812 13.714966773986816 14.082869529724121 14.057008743286133 14.241816520690918 14.253642082214355 14.389853477478027 14.702802658081055 13.99637222290039 13.56082534790039 13.6166353225708 13.743314743041992 13.65357780456543 13.491318702697754 13.871532440185547 13.672280311584473 14.165044784545898 13.87429428100586 13.658504486083984 14.151639938354492 14.079319953918457 14.14706802368164 13.797096252441406 14.037210464477539 14.08199405670166 13.816001892089844 14.16580867767334 14.099828720092773 14.156335830688477 14.071988105773926 14.192760467529297 13.91037368774414 14.173993110656738 13.925729751586914 13.846649169921875 14.226608276367188 14.058588981628418 13.81309986114502 13.853205680847168 13.855554580688477 13.800448417663574 13.67221450805664 13.793665885925293 13.861875534057617 13.819256782531738 13.66565227508545 13.595292091369629 13.749031066894531 13.667083740234375 13.75950813293457 13.581831932067871 13.858957290649414 13.580986022949219 13.622723579406738 13.886713981628418 13.8098783493042 13.831439018249512 13.632097244262695 13.816758155822754 13.674781799316406 13.713123321533203 13.511759757995605 13.606720924377441 13.433424949645996 13.59001636505127 13.63943862915039 13.7676362991333 13.695195198059082 13.593419075012207 13.791631698608398 13.91303539276123 13.653000831604004 14.132299423217773 13.689935684204102 13.943300247192383 14.056557655334473 13.785584449768066 14.129196166992188 14.164000511169434 13.879294395446777 13.760941505432129 13.877544403076172 13.852570533752441 13.916486740112305 13.93166732788086 13.892465591430664 13.79782772064209 13.718352317810059 14.005084037780762 13.856523513793945 13.68055248260498 13.793758392333984 13.996133804321289 13.881613731384277 13.932525634765625 13.71336555480957 13.758313179016113 13.557147979736328 13.650821685791016 13.64793586730957 13.717377662658691 13.680542945861816 13.584114074707031 13.63905143737793 13.685004234313965 13.672722816467285 13.86463451385498 13.68266773223877 13.488441467285156 13.661839485168457 13.712227821350098 13.677597045898438 13.689847946166992 13.756914138793945 13.560033798217773 13.765424728393555 13.743964195251465 13.863086700439453 13.647217750549316 13.784708023071289 13.868826866149902 13.685690879821777 13.877364158630371 13.695241928100586 13.625075340270996 13.790218353271484 13.716620445251465 13.571586608886719 13.655560493469238 13.808072090148926 13.706374168395996 13.620499610900879 13.724552154541016 13.732267379760742 13.759905815124512 13.588212966918945 13.670982360839844 13.972652435302734 13.728485107421875 13.872467994689941 13.79572868347168 13.64374828338623 13.571610450744629 13.644268989562988 13.647822380065918 13.509025573730469 13.746328353881836 13.638964653015137 13.61919116973877 13.71058464050293 13.6726713180542 13.734160423278809 13.5241060256958 13.565876960754395 13.472196578979492 13.724348068237305 13.555229187011719 13.612955093383789 13.582291603088379 13.604703903198242 13.561455726623535 13.621100425720215 13.60876750946045 13.557047843933105 13.592296600341797 13.6361083984375 13.738471984863281 13.752706527709961 13.478416442871094 13.529983520507812 13.623703956604004 13.587821006774902 13.4901123046875 13.497901916503906 13.592642784118652 13.599564552307129 
