step 0 1 2 3 4 5 6 7 8 9 10 11 12 13 14 15 16 17 18 19 20 21 22 23 24 25 26 27 28 29 30 31 32 33 34 35 36 37 38 39 40 41 42 43 44 45 46 47 48 49 50 51 52 53 54 55 56 57 58 59 60 61 62 63 64 65 66 67 68 69 70 71 72 73 74 75 76 77 78 79 80 81 82 83 84 85 86 87 88 89 90 91 92 93 94 95 96 97 98 99 100 101 102 103 104 105 106 107 108 109 110 111 112 113 114 115 116 117 118 119 120 121 122 123 124 125 126 127 128 129 130 131 132 133 134 135 136 137 138 139 140 141 142 143 144 145 146 147 148 149 150 151 152 153 154 155 156 157 158 159 160 161 162 163 164 165 166 167 168 169 170 171 172 173 174 175 176 177 178 179 180 181 182 183 184 185 186 187 188 189 190 191 192 193 194 195 196 197 198 199 
train_loss1 0.5782753229141235 0.5782424211502075 0.5782365798950195 0.5782290101051331 0.5782272815704346 0.5782232284545898 0.578220784664154 0.5782203078269958 0.5782238841056824 0.5782244801521301 0.5782203078269958 0.5782191157341003 0.5782182812690735 0.5782169699668884 0.578218400478363 0.578216016292572 0.5782167315483093 0.5782175660133362 0.5782195329666138 0.5782145857810974 0.5782169699668884 0.5782148838043213 0.5782127380371094 0.5782175064086914 0.5782208442687988 0.5782179236412048 0.5782153606414795 0.5782197713851929 0.5782185196876526 0.5782188773155212 0.5782198309898376 0.578213632106781 0.5782188177108765 0.5782142877578735 0.5782095789909363 0.5782216787338257 0.5782223343849182 0.5781979560852051 0.5776631236076355 0.5767361521720886 0.5757880210876465 0.5746887922286987 0.5739399194717407 0.5730478763580322 0.5722817778587341 0.5712905526161194 0.5705419182777405 0.5695335268974304 0.5686354637145996 0.5678462982177734 0.5671969056129456 0.5665088295936584 0.5659400820732117 0.5653192400932312 0.5647053122520447 0.5636935830116272 0.5621250867843628 0.5608688592910767 0.5596648454666138 0.5591064691543579 0.5583879351615906 0.5579388737678528 0.5575712323188782 0.5574144721031189 0.5569466352462769 0.5567358732223511 0.5565555095672607 0.5561630725860596 0.5557952523231506 0.5557588934898376 0.555510938167572 0.5559461116790771 0.556452214717865 0.5551515221595764 0.5546277761459351 0.5544644594192505 0.5539954900741577 0.5536700487136841 0.5533172488212585 0.5530648827552795 0.552610456943512 0.5522491335868835 0.5516632199287415 0.5513713955879211 0.5509132146835327 0.5503977537155151 0.5499595999717712 0.5498072504997253 0.5494691729545593 0.5489959716796875 0.5488349795341492 0.5483280420303345 0.5481563806533813 0.5477892756462097 0.5474338531494141 0.5470386147499084 0.5467532277107239 0.5464699268341064 0.5460608601570129 0.5457271933555603 0.5456382632255554 0.5453194975852966 0.5449760556221008 0.5448848605155945 0.5443429350852966 0.5441156625747681 0.5438747406005859 0.5436636209487915 0.5435147285461426 0.5433408617973328 0.5428825616836548 0.5428673624992371 0.5423735976219177 0.5423985719680786 0.5419175624847412 0.5417250394821167 0.5414633750915527 0.5414666533470154 0.5410029888153076 0.5407664775848389 0.5407265424728394 0.5405367016792297 0.5402050018310547 0.5400736927986145 0.5398293137550354 0.5397607088088989 0.539547860622406 0.5392813086509705 0.5391188263893127 0.5388933420181274 0.538652777671814 0.5384374856948853 0.5383433699607849 0.5380740165710449 0.538212239742279 0.5378221273422241 0.5381177663803101 0.5374321341514587 0.5373205542564392 0.5372599363327026 0.5367270708084106 0.5367314219474792 0.53675776720047 0.5363918542861938 0.5363871455192566 0.5359732508659363 0.5358197689056396 0.5357204675674438 0.5356523990631104 0.5353603959083557 0.5350833535194397 0.5351497530937195 0.5348281860351562 0.5348606705665588 0.5344714522361755 0.5343403816223145 0.5343674421310425 0.5339232683181763 0.5338112711906433 0.5340542197227478 0.5334251523017883 0.5333880186080933 0.5332106351852417 0.5332692265510559 0.533004641532898 0.5330500602722168 0.532814085483551 0.5326187014579773 0.5322597622871399 0.5321007370948792 0.5318261981010437 0.531427800655365 0.5315370559692383 0.5316364169120789 0.5311920642852783 0.5311467051506042 0.5308289527893066 0.5307208895683289 0.5306286215782166 0.5303322672843933 0.5303099155426025 0.5300508141517639 0.5299155116081238 0.5296890139579773 0.5294114947319031 0.5295006036758423 0.529271125793457 0.5289556384086609 0.5287169814109802 0.5286887884140015 0.5288553237915039 0.5283920764923096 0.5283986330032349 0.5281448364257812 0.5277588963508606 0.5276064276695251 0.5276094079017639 0.5274249911308289 0.527242124080658 0.5267758965492249 
train_loss2 0.5773753523826599 0.5772470831871033 0.577244222164154 0.5772346258163452 0.5772603750228882 0.5772497057914734 0.5772250294685364 0.5772344470024109 0.5772391557693481 0.5772199630737305 0.5772340297698975 0.5772238373756409 0.5772221088409424 0.5772222876548767 0.5772144794464111 0.5772333145141602 0.5772177577018738 0.5772349238395691 0.5772368311882019 0.5772245526313782 0.5772274732589722 0.5772164463996887 0.5772181153297424 0.5772304534912109 0.5772172212600708 0.5772255063056946 0.5772222280502319 0.577217698097229 0.5772134065628052 0.5772073268890381 0.5771871209144592 0.576690137386322 0.5733291506767273 0.5714457035064697 0.5668968558311462 0.5753442049026489 0.5767183899879456 0.5723150968551636 0.5649470090866089 0.5574597120285034 0.5522531867027283 0.5485217571258545 0.5453981757164001 0.5417861938476562 0.538593053817749 0.5378912687301636 0.5365728139877319 0.5364950895309448 0.5359360575675964 0.5368180274963379 0.5361252427101135 0.5340750813484192 0.5244579911231995 0.514393150806427 0.502406895160675 0.4909180700778961 0.4787120819091797 0.46845659613609314 0.4606029689311981 0.449787437915802 0.4474390149116516 0.44109198451042175 0.43593618273735046 0.4304216504096985 0.4262585937976837 0.42181047797203064 0.42074960470199585 0.41346475481987 0.4130220413208008 0.4057345688343048 0.4029320776462555 0.40259334444999695 0.40612277388572693 0.3948245942592621 0.3888479173183441 0.38682350516319275 0.38439688086509705 0.381807416677475 0.37993893027305603 0.3754553496837616 0.375091552734375 0.3731536567211151 0.36931300163269043 0.36812785267829895 0.3673161268234253 0.36466673016548157 0.36409908533096313 0.36117932200431824 0.36019888520240784 0.3567665219306946 0.35588401556015015 0.3523350954055786 0.35095927119255066 0.35067155957221985 0.3506603538990021 0.34720882773399353 0.34551331400871277 0.3449239432811737 0.3440123498439789 0.34290117025375366 0.3425113558769226 0.3384438157081604 0.3396851420402527 0.336578369140625 0.3336797058582306 0.33528098464012146 0.3330807685852051 0.32997286319732666 0.3306795358657837 0.3298443853855133 0.3278740644454956 0.3246445059776306 0.3222978115081787 0.32106930017471313 0.32074400782585144 0.31853026151657104 0.3164375424385071 0.3186810612678528 0.3125387132167816 0.3145449161529541 0.31250765919685364 0.30932411551475525 0.3092052936553955 0.30789291858673096 0.3049856126308441 0.3062267601490021 0.3039035499095917 0.30192315578460693 0.3016532063484192 0.300744891166687 0.2965967357158661 0.29926884174346924 0.2976550757884979 0.294583797454834 0.29528144001960754 0.2913837134838104 0.29735836386680603 0.28806596994400024 0.28862258791923523 0.28600528836250305 0.2878577411174774 0.28320035338401794 0.28239619731903076 0.2827346622943878 0.2844697833061218 0.28151294589042664 0.2813342213630676 0.2805461883544922 0.28141263127326965 0.2777659296989441 0.2767614424228668 0.275051087141037 0.27551689743995667 0.2722594439983368 0.27249449491500854 0.2719995677471161 0.27058178186416626 0.2679666578769684 0.26979467272758484 0.27310267090797424 0.26534295082092285 0.26376184821128845 0.26660025119781494 0.264413058757782 0.2651226222515106 0.2627577781677246 0.26083922386169434 0.26183533668518066 0.2591516077518463 0.2558097839355469 0.25519633293151855 0.25364449620246887 0.2552552819252014 0.2561160624027252 0.2531929910182953 0.252530574798584 0.2526814639568329 0.2507820427417755 0.25141629576683044 0.25022485852241516 0.24948596954345703 0.24730373919010162 0.24653244018554688 0.24722649157047272 0.245679572224617 0.24437595903873444 0.24441516399383545 0.2422465831041336 0.240717813372612 0.24374614655971527 0.24509917199611664 0.23858074843883514 0.23788607120513916 0.23869116604328156 0.23748408257961273 0.2362329363822937 0.239095538854599 0.23955009877681732 0.2348630726337433 0.2310875952243805 
train_loss3 0.4527750015258789 0.44795727729797363 0.4477687478065491 0.44780564308166504 0.44731587171554565 0.4472309947013855 0.44704362750053406 0.44623178243637085 0.4466387927532196 0.4472985863685608 0.44627246260643005 0.4470672309398651 0.4458765387535095 0.44633716344833374 0.44619494676589966 0.44636866450309753 0.44654521346092224 0.44590839743614197 0.44654834270477295 0.446880966424942 0.4461897909641266 0.446491539478302 0.44683825969696045 0.4467971920967102 0.44664832949638367 0.445728063583374 0.4460974633693695 0.4446190297603607 0.4447129964828491 0.4433988332748413 0.44409728050231934 0.4420773386955261 0.44286084175109863 0.44282200932502747 0.4400322735309601 0.4462675452232361 0.44216203689575195 0.4403856694698334 0.440809965133667 0.43860819935798645 0.43677660822868347 0.4362821578979492 0.434222549200058 0.432928204536438 0.4335232079029083 0.43309301137924194 0.43248119950294495 0.4332967698574066 0.43366023898124695 0.43210095167160034 0.43023762106895447 0.42965856194496155 0.4276598393917084 0.4250984191894531 0.4220135807991028 0.4197317957878113 0.4181221127510071 0.41588136553764343 0.41512900590896606 0.4125710725784302 0.41250380873680115 0.41138988733291626 0.4105123281478882 0.4102868437767029 0.4085419476032257 0.40671467781066895 0.40743643045425415 0.4050905406475067 0.4052380323410034 0.4026954770088196 0.40183886885643005 0.40132492780685425 0.4035216271877289 0.3995187282562256 0.3974010944366455 0.39531388878822327 0.3963817358016968 0.39564239978790283 0.394239604473114 0.39213722944259644 0.39165496826171875 0.3903225362300873 0.38988977670669556 0.38933899998664856 0.38882166147232056 0.38867029547691345 0.38783183693885803 0.3857232630252838 0.38533592224121094 0.3848431706428528 0.38259273767471313 0.38037633895874023 0.381588339805603 0.3790402114391327 0.3807699978351593 0.37817543745040894 0.37618258595466614 0.37680578231811523 0.3763716518878937 0.3750598728656769 0.37350520491600037 0.3723205327987671 0.37252530455589294 0.3716581463813782 0.3696599006652832 0.369594544172287 0.3668011724948883 0.36719250679016113 0.36894649267196655 0.36537399888038635 0.36455419659614563 0.3635636270046234 0.36198514699935913 0.3618144094944 0.35889777541160583 0.3613438606262207 0.35757482051849365 0.35736292600631714 0.3549268841743469 0.35553210973739624 0.3555646538734436 0.3516577482223511 0.3526952564716339 0.3514430820941925 0.35133883357048035 0.3478873670101166 0.34851062297821045 0.3481302261352539 0.34444648027420044 0.343257337808609 0.34377482533454895 0.34229642152786255 0.33989840745925903 0.3386622965335846 0.34196823835372925 0.33541810512542725 0.34070858359336853 0.3366622030735016 0.3349902033805847 0.33259332180023193 0.33129292726516724 0.32883092761039734 0.3287830352783203 0.3251505494117737 0.32582202553749084 0.3262801766395569 0.325582355260849 0.3235360383987427 0.3219219744205475 0.3203112781047821 0.31701841950416565 0.31708070635795593 0.3138393759727478 0.3147903382778168 0.3140676021575928 0.31263378262519836 0.3117217421531677 0.30714961886405945 0.307528018951416 0.3076916038990021 0.30257448554039 0.3023436963558197 0.3026980459690094 0.3000929355621338 0.3014177680015564 0.299449622631073 0.2977937161922455 0.29627931118011475 0.29482945799827576 0.2921581566333771 0.2934349477291107 0.2909974455833435 0.28675490617752075 0.28815022110939026 0.28901904821395874 0.2881060540676117 0.286022812128067 0.28434687852859497 0.2846919000148773 0.2837710678577423 0.2834521532058716 0.2826695144176483 0.28123801946640015 0.2771707773208618 0.2775171399116516 0.27948370575904846 0.2753819525241852 0.2756594717502594 0.27210068702697754 0.2757066786289215 0.2727733850479126 0.27162420749664307 0.27091482281684875 0.2741590738296509 0.2678525149822235 0.2679527997970581 0.2692297697067261 0.26847174763679504 0.265470027923584 0.26290470361709595 
train_loss_all 0.5716025829315186 0.5713422894477844 0.5713281631469727 0.5713225603103638 0.5712999701499939 0.5712918639183044 0.5712795257568359 0.5712423920631409 0.5712645053863525 0.5712943077087402 0.5712442398071289 0.5712790489196777 0.5712234973907471 0.5712435245513916 0.5712377429008484 0.5712447762489319 0.5712525844573975 0.571225106716156 0.5712563991546631 0.5712664723396301 0.5712370276451111 0.5712484121322632 0.571262538433075 0.5712655782699585 0.5712609887123108 0.5712165832519531 0.5712310075759888 0.5711669325828552 0.5711697936058044 0.5711096525192261 0.571141242980957 0.5710139870643616 0.5708552002906799 0.5707383155822754 0.5703402161598206 0.5711330771446228 0.5710273385047913 0.5706640481948853 0.5697728395462036 0.5684089064598083 0.5671774744987488 0.5659570693969727 0.5650150179862976 0.5639522671699524 0.563112199306488 0.5621644258499146 0.5613912343978882 0.5605196356773376 0.5596995949745178 0.5589710474014282 0.5582651495933533 0.5575063228607178 0.5563680529594421 0.5551415085792542 0.5538044571876526 0.5521845817565918 0.5500674247741699 0.5483137965202332 0.5468012690544128 0.5456525683403015 0.5448862314224243 0.5441258549690247 0.5435096025466919 0.543099045753479 0.5424045324325562 0.5419280529022217 0.5417479872703552 0.5409584045410156 0.5406113266944885 0.540141761302948 0.539755642414093 0.5401135087013245 0.5408245921134949 0.5389750003814697 0.53815096616745 0.5378261208534241 0.5373433828353882 0.5369065999984741 0.5364468097686768 0.5359406471252441 0.5354910492897034 0.5350251197814941 0.5343160033226013 0.5339783430099487 0.5335058569908142 0.5329226851463318 0.5324645638465881 0.532118558883667 0.531754732131958 0.5311660170555115 0.5308887362480164 0.5301930904388428 0.5300340056419373 0.5295801758766174 0.5293284058570862 0.5287242531776428 0.5283147096633911 0.5280594229698181 0.5276327133178711 0.527230441570282 0.5270693898200989 0.5265742540359497 0.5263159871101379 0.5260791778564453 0.5253922343254089 0.5252417325973511 0.5248238444328308 0.5245314240455627 0.5244938135147095 0.5241567492485046 0.5236311554908752 0.5234583616256714 0.5228567719459534 0.5228281617164612 0.5222577452659607 0.5221009850502014 0.5216338038444519 0.521708607673645 0.5209672451019287 0.520845890045166 0.5207384824752808 0.5202965140342712 0.520029604434967 0.5198135375976562 0.5194844603538513 0.5193278789520264 0.519076943397522 0.518749475479126 0.5184464454650879 0.5181620717048645 0.5178208351135254 0.5176560282707214 0.5174219012260437 0.517023503780365 0.5173017978668213 0.516560971736908 0.5172361731529236 0.5161408185958862 0.5159925818443298 0.5157598853111267 0.5152815580368042 0.5150408744812012 0.5150373578071594 0.5145760178565979 0.5146529674530029 0.5141937136650085 0.5140208005905151 0.5138280391693115 0.5137336850166321 0.5132889747619629 0.5128817558288574 0.5128909945487976 0.512492299079895 0.5124541521072388 0.5120769143104553 0.5118891000747681 0.5118371248245239 0.5111842155456543 0.5111509561538696 0.5114838480949402 0.5104838609695435 0.5103933811187744 0.5103288888931274 0.5102254748344421 0.5100491046905518 0.5099508166313171 0.5096181035041809 0.5094159841537476 0.5089545845985413 0.508617639541626 0.5083893537521362 0.507893443107605 0.507899820804596 0.5080634951591492 0.5075960159301758 0.5075042247772217 0.5071458220481873 0.5069351196289062 0.5068797469139099 0.5065408945083618 0.5064883232116699 0.5061602592468262 0.5059661269187927 0.505644679069519 0.5053550004959106 0.5054638981819153 0.5051203966140747 0.504776120185852 0.504398763179779 0.504573404788971 0.5046721696853638 0.5040234327316284 0.503987729549408 0.5038785338401794 0.5032883286476135 0.503115713596344 0.5032381415367126 0.5030564069747925 0.5026633739471436 0.502049446105957 
train_loss_back 0.5716025829315186 0.5713422894477844 0.5713281631469727 0.5713225603103638 0.5712999701499939 0.5712918639183044 0.5712795257568359 0.5712423920631409 0.5712645053863525 0.5712943077087402 0.5712442398071289 0.5712790489196777 0.5712234973907471 0.5712435245513916 0.5712377429008484 0.5712447762489319 0.5712525844573975 0.571225106716156 0.5712563991546631 0.5712664723396301 0.5712370276451111 0.5712484121322632 0.571262538433075 0.5712655782699585 0.5712609887123108 0.5712165832519531 0.5712310075759888 0.5711669325828552 0.5711697936058044 0.5711096525192261 0.571141242980957 0.5710139870643616 0.5708552002906799 0.5707383155822754 0.5703402161598206 0.5711330771446228 0.5710273385047913 0.5706640481948853 0.5697728395462036 0.5684089064598083 0.5671774744987488 0.5659570693969727 0.5650150179862976 0.5639522671699524 0.563112199306488 0.5621644258499146 0.5613912343978882 0.5605196356773376 0.5596995949745178 0.5589710474014282 0.5582651495933533 0.5575063228607178 0.5563680529594421 0.5551415085792542 0.5538044571876526 0.5521845817565918 0.5500674247741699 0.5483137965202332 0.5468012690544128 0.5456525683403015 0.5448862314224243 0.5441258549690247 0.5435096025466919 0.543099045753479 0.5424045324325562 0.5419280529022217 0.5417479872703552 0.5409584045410156 0.5406113266944885 0.540141761302948 0.539755642414093 0.5401135087013245 0.5408245921134949 0.5389750003814697 0.53815096616745 0.5378261208534241 0.5373433828353882 0.5369065999984741 0.5364468097686768 0.5359406471252441 0.5354910492897034 0.5350251197814941 0.5343160033226013 0.5339783430099487 0.5335058569908142 0.5329226851463318 0.5324645638465881 0.532118558883667 0.531754732131958 0.5311660170555115 0.5308887362480164 0.5301930904388428 0.5300340056419373 0.5295801758766174 0.5293284058570862 0.5287242531776428 0.5283147096633911 0.5280594229698181 0.5276327133178711 0.527230441570282 0.5270693898200989 0.5265742540359497 0.5263159871101379 0.5260791778564453 0.5253922343254089 0.5252417325973511 0.5248238444328308 0.5245314240455627 0.5244938135147095 0.5241567492485046 0.5236311554908752 0.5234583616256714 0.5228567719459534 0.5228281617164612 0.5222577452659607 0.5221009850502014 0.5216338038444519 0.521708607673645 0.5209672451019287 0.520845890045166 0.5207384824752808 0.5202965140342712 0.520029604434967 0.5198135375976562 0.5194844603538513 0.5193278789520264 0.519076943397522 0.518749475479126 0.5184464454650879 0.5181620717048645 0.5178208351135254 0.5176560282707214 0.5174219012260437 0.517023503780365 0.5173017978668213 0.516560971736908 0.5172361731529236 0.5161408185958862 0.5159925818443298 0.5157598853111267 0.5152815580368042 0.5150408744812012 0.5150373578071594 0.5145760178565979 0.5146529674530029 0.5141937136650085 0.5140208005905151 0.5138280391693115 0.5137336850166321 0.5132889747619629 0.5128817558288574 0.5128909945487976 0.512492299079895 0.5124541521072388 0.5120769143104553 0.5118891000747681 0.5118371248245239 0.5111842155456543 0.5111509561538696 0.5114838480949402 0.5104838609695435 0.5103933811187744 0.5103288888931274 0.5102254748344421 0.5100491046905518 0.5099508166313171 0.5096181035041809 0.5094159841537476 0.5089545845985413 0.508617639541626 0.5083893537521362 0.507893443107605 0.507899820804596 0.5080634951591492 0.5075960159301758 0.5075042247772217 0.5071458220481873 0.5069351196289062 0.5068797469139099 0.5065408945083618 0.5064883232116699 0.5061602592468262 0.5059661269187927 0.505644679069519 0.5053550004959106 0.5054638981819153 0.5051203966140747 0.504776120185852 0.504398763179779 0.504573404788971 0.5046721696853638 0.5040234327316284 0.503987729549408 0.5038785338401794 0.5032883286476135 0.503115713596344 0.5032381415367126 0.5030564069747925 0.5026633739471436 0.502049446105957 
train_loss1_vel 0.017348259687423706 0.017347272485494614 0.017347097396850586 0.01734687015414238 0.0173468180000782 0.0173466969281435 0.01734662428498268 0.017346609383821487 0.017346715554594994 0.017346734181046486 0.017346609383821487 0.017346572130918503 0.017346549779176712 0.01734650880098343 0.01734655164182186 0.01734648086130619 0.01734650321304798 0.01734652742743492 0.017346587032079697 0.01734643615782261 0.01734650880098343 0.017346447333693504 0.01734638214111328 0.017346523702144623 0.01734662614762783 0.017346538603305817 0.01734646037220955 0.017346594482660294 0.01734655536711216 0.017346566542983055 0.017346594482660294 0.01734640821814537 0.017346564680337906 0.017346428707242012 0.01734628900885582 0.01734665036201477 0.017346670851111412 0.017345938831567764 0.01732989400625229 0.01730208471417427 0.017273640260100365 0.01724066399037838 0.017218196764588356 0.017191436141729355 0.017168452963232994 0.01713871769607067 0.017116257920861244 0.017086004838347435 0.01705906353890896 0.017035389319062233 0.017015907913446426 0.0169952642172575 0.016978202387690544 0.016959575936198235 0.01694115810096264 0.01691080816090107 0.016863752156496048 0.016826065257191658 0.01678994484245777 0.016773194074630737 0.016751637682318687 0.0167381651699543 0.016727138310670853 0.016722435131669044 0.01670839823782444 0.0167020745575428 0.016696665436029434 0.016684893518686295 0.0166738573461771 0.016672765836119652 0.016665328294038773 0.016678383573889732 0.016693565994501114 0.016654545441269875 0.016638832166790962 0.016633933410048485 0.016619864851236343 0.016610102728009224 0.016599517315626144 0.01659194752573967 0.0165783129632473 0.016567474231123924 0.01654989644885063 0.016541142016649246 0.01652739755809307 0.016511933878064156 0.016498787328600883 0.01649421826004982 0.016484076157212257 0.01646987907588482 0.016465049237012863 0.016449840739369392 0.016444692388176918 0.016433678567409515 0.016423016786575317 0.016411157324910164 0.016402598470449448 0.016394097357988358 0.016381824389100075 0.016371816396713257 0.01636914722621441 0.016359584406018257 0.01634928211569786 0.01634654588997364 0.016330288723111153 0.016323469579219818 0.016316242516040802 0.016309909522533417 0.01630544103682041 0.016300225630402565 0.01628647744655609 0.01628602109849453 0.016271207481622696 0.016271958127617836 0.016257526353001595 0.01625175029039383 0.01624390110373497 0.01624399982392788 0.016230089589953423 0.016222994774580002 0.016221797093749046 0.016216101124882698 0.016206149011850357 0.016202211380004883 0.01619488000869751 0.01619282178580761 0.016186434775590897 0.016178440302610397 0.01617356389760971 0.016166798770427704 0.016159584745764732 0.0161531250923872 0.016150301322340965 0.0161422211676836 0.01614636741578579 0.01613466441631317 0.01614353246986866 0.016122963279485703 0.016119617968797684 0.016117798164486885 0.016101812943816185 0.01610194332897663 0.016102731227874756 0.016091754660010338 0.016091614961624146 0.016079196706414223 0.016074594110250473 0.016071613878011703 0.016069572418928146 0.016060812398791313 0.016052501276135445 0.016054492443799973 0.016044845804572105 0.016045819967985153 0.016034143045544624 0.016030211001634598 0.016031023114919662 0.016017697751522064 0.016014339402318 0.016021626070141792 0.016002755612134933 0.016001639887690544 0.01599631831049919 0.015998076647520065 0.015990138053894043 0.01599150151014328 0.015984423458576202 0.015978561714291573 0.01596779376268387 0.01596302166581154 0.01595478691160679 0.015942834317684174 0.01594611257314682 0.01594909280538559 0.015935761854052544 0.015934402123093605 0.01592486910521984 0.01592162810266018 0.015918858349323273 0.015909967944025993 0.01590929739177227 0.01590152457356453 0.015897464007139206 0.01589066907763481 0.015882344916462898 0.015885017812252045 0.015878133475780487 0.015868669375777245 0.0158615093678236 0.01586066372692585 0.015865659341216087 0.015851762145757675 0.015851959586143494 0.015844345092773438 0.015832766890525818 0.015828192234039307 0.01582828164100647 0.015822749584913254 0.01581726223230362 0.015803275629878044 
train_loss2_dep 17.321260452270508 17.317411422729492 17.31732749938965 17.31703758239746 17.317811965942383 17.317489624023438 17.316749572753906 17.317033767700195 17.317174911499023 17.316598892211914 17.3170223236084 17.316715240478516 17.316661834716797 17.316669464111328 17.31643295288086 17.316999435424805 17.316532135009766 17.317047119140625 17.317106246948242 17.316736221313477 17.316823959350586 17.316492080688477 17.316543579101562 17.316913604736328 17.31651496887207 17.31676483154297 17.316667556762695 17.316530227661133 17.316402435302734 17.316221237182617 17.315614700317383 17.300703048706055 17.199874877929688 17.14337158203125 17.006906509399414 17.260326385498047 17.301551818847656 17.169452667236328 16.948410034179688 16.723791122436523 16.567596435546875 16.455652236938477 16.36194610595703 16.253585815429688 16.157791137695312 16.136737823486328 16.097185134887695 16.094852447509766 16.078081130981445 16.10453987121582 16.083757400512695 16.022253036499023 15.733739852905273 15.431795120239258 15.0722074508667 14.727542877197266 14.36136245727539 14.053698539733887 13.818089485168457 13.493622779846191 13.42317008972168 13.232759475708008 13.078084945678711 12.912649154663086 12.787757873535156 12.654314041137695 12.622488021850586 12.403943061828613 12.390661239624023 12.172037124633789 12.08796215057373 12.077800750732422 12.183683395385742 11.844738006591797 11.665436744689941 11.604704856872559 11.531907081604004 11.454222679138184 11.398167610168457 11.263660430908203 11.25274658203125 11.194609642028809 11.079390525817871 11.043835639953613 11.01948356628418 10.940001487731934 10.922972679138184 10.835379600524902 10.8059663772583 10.702995300292969 10.676520347595215 10.570053100585938 10.528778076171875 10.520147323608398 10.519810676574707 10.416264533996582 10.365399360656738 10.347718238830566 10.3203706741333 10.28703498840332 10.275341033935547 10.153314590454102 10.19055461883545 10.09735107421875 10.010391235351562 10.058428764343262 9.992423057556152 9.899186134338379 9.920385360717773 9.895331382751465 9.836221694946289 9.739336013793945 9.66893482208252 9.632079124450684 9.622320175170898 9.555908203125 9.49312686920166 9.560431480407715 9.376161575317383 9.436347961425781 9.375228881835938 9.27972412109375 9.276158332824707 9.236787796020508 9.149568557739258 9.186802864074707 9.117106437683105 9.057694435119629 9.049595832824707 9.022346496582031 8.897902488708496 8.97806453704834 8.929652214050293 8.83751392364502 8.858443260192871 8.741511344909668 8.920750617980957 8.641979217529297 8.65867805480957 8.580158233642578 8.635732650756836 8.496010780334473 8.471885681152344 8.482039451599121 8.534092903137207 8.445388793945312 8.44002628326416 8.416385650634766 8.442378997802734 8.332977294921875 8.302844047546387 8.251532554626465 8.265507698059082 8.1677827835083 8.174835205078125 8.159987449645996 8.117453575134277 8.038999557495117 8.093840599060059 8.193079948425293 7.9602885246276855 7.912855625152588 7.998007297515869 7.932392120361328 7.953678607940674 7.88273286819458 7.82517671585083 7.85506010055542 7.774548530578613 7.674293518066406 7.655890464782715 7.609334945678711 7.657658576965332 7.6834821701049805 7.595789432525635 7.5759172439575195 7.580443859100342 7.523461818695068 7.542489051818848 7.5067458152771 7.484579086303711 7.419112205505371 7.395973205566406 7.416794776916504 7.370387077331543 7.3312788009643555 7.332455158233643 7.267397880554199 7.221534729003906 7.312384605407715 7.352974891662598 7.1574225425720215 7.136582374572754 7.160735130310059 7.124522686004639 7.08698844909668 7.172866344451904 7.186502933502197 7.045892238616943 6.9326276779174805 
train_loss3_thi 13.583250045776367 13.43871784210205 13.433062553405762 13.434168815612793 13.419476509094238 13.416929244995117 13.411308288574219 13.386954307556152 13.399163246154785 13.418957710266113 13.38817310333252 13.412016868591309 13.376296043395996 13.390114784240723 13.385848045349121 13.391059875488281 13.396356582641602 13.377251625061035 13.39645004272461 13.406429290771484 13.38569450378418 13.394745826721191 13.40514850616455 13.403916358947754 13.399449348449707 13.371841430664062 13.382923126220703 13.338571548461914 13.341389656066895 13.30196475982666 13.322917938232422 13.262319564819336 13.2858247756958 13.284660339355469 13.200968742370605 13.388026237487793 13.264861106872559 13.211569786071777 13.224299430847168 13.158246040344238 13.10329818725586 13.088464736938477 13.026676177978516 12.987845420837402 13.005696296691895 12.992790222167969 12.974435806274414 12.998903274536133 13.009806632995605 12.963027954101562 12.907129287719727 12.88975715637207 12.829794883728027 12.752952575683594 12.660408020019531 12.59195327758789 12.543663024902344 12.476441383361816 12.453869819641113 12.377132415771484 12.375114440917969 12.341696739196777 12.315370559692383 12.308605194091797 12.256258010864258 12.20143985748291 12.223093032836914 12.152716636657715 12.157140731811523 12.080863952636719 12.055166244506836 12.039748191833496 12.105648040771484 11.98556137084961 11.922033309936523 11.859416961669922 11.89145278930664 11.869272232055664 11.827188491821289 11.764116287231445 11.749649047851562 11.709675788879395 11.696693420410156 11.680170059204102 11.664649963378906 11.66010856628418 11.634954452514648 11.571698188781738 11.560077667236328 11.545294761657715 11.477782249450684 11.411290168762207 11.447649955749512 11.371206283569336 11.423100471496582 11.345263481140137 11.285477638244629 11.304173469543457 11.291149139404297 11.251795768737793 11.205156326293945 11.169615745544434 11.175759315490723 11.149744033813477 11.089797019958496 11.087836265563965 11.004034996032715 11.015775680541992 11.068394660949707 10.961219787597656 10.936626434326172 10.906908988952637 10.859554290771484 10.854432106018066 10.76693344116211 10.840315818786621 10.72724437713623 10.720888137817383 10.647806167602539 10.665963172912598 10.666939735412598 10.549732208251953 10.580857276916504 10.543292045593262 10.540164947509766 10.436620712280273 10.455318450927734 10.443906784057617 10.333395004272461 10.297719955444336 10.313244819641113 10.268893241882324 10.196951866149902 10.159869194030762 10.259047508239746 10.062542915344238 10.221257209777832 10.099865913391113 10.04970645904541 9.977799415588379 9.938788414001465 9.864928245544434 9.86349105834961 9.7545166015625 9.774660110473633 9.788405418395996 9.767470359802246 9.70608139038086 9.657659530639648 9.609338760375977 9.510552406311035 9.512420654296875 9.415182113647461 9.443710327148438 9.422027587890625 9.379014015197754 9.351652145385742 9.214488983154297 9.22584056854248 9.230748176574707 9.077235221862793 9.070310592651367 9.080941200256348 9.002788543701172 9.042532920837402 8.983488082885742 8.93381118774414 8.888379096984863 8.844883918762207 8.764744758605957 8.803048133850098 8.729923248291016 8.60264778137207 8.644506454467773 8.670571327209473 8.643181800842285 8.580683708190918 8.530406951904297 8.540756225585938 8.513132095336914 8.503564834594727 8.480085372924805 8.437141418457031 8.315123558044434 8.32551383972168 8.384511947631836 8.261458396911621 8.269784927368164 8.163020133972168 8.271201133728027 8.183201789855957 8.148726463317871 8.127445220947266 8.224772453308105 8.035574913024902 8.038583755493164 8.076892852783203 8.054152488708496 7.9641008377075195 7.88714075088501 
validate_loss1 0.5743075609207153 0.5743196606636047 0.5743190050125122 0.574321985244751 0.574332058429718 0.5743355751037598 0.5743281245231628 0.5743300318717957 0.5743276476860046 0.5743215084075928 0.5743263363838196 0.574327826499939 0.5743298530578613 0.5743311643600464 0.5743333101272583 0.5743351578712463 0.5743362307548523 0.5743367671966553 0.5743331909179688 0.5743348002433777 0.5743348598480225 0.5743364095687866 0.5743361115455627 0.5743350386619568 0.5743293166160583 0.5743310451507568 0.5743348002433777 0.574331521987915 0.5743318796157837 0.5743247866630554 0.5743291974067688 0.5743299722671509 0.5743331909179688 0.5743294358253479 0.5743230581283569 0.5743158459663391 0.5743080377578735 0.5741933584213257 0.5737891793251038 0.5721937417984009 0.5711982846260071 0.5706402659416199 0.5699790120124817 0.5690886974334717 0.5685986876487732 0.5677523016929626 0.5666425824165344 0.5655725002288818 0.5641750693321228 0.5638248324394226 0.5627935528755188 0.5630728602409363 0.5621709823608398 0.5614973902702332 0.5606496930122375 0.559965193271637 0.5580776929855347 0.5576836466789246 0.5573666095733643 0.5573872923851013 0.5563710331916809 0.5557233691215515 0.5555841326713562 0.5562262535095215 0.5552306175231934 0.5576632618904114 0.5549209117889404 0.5553789734840393 0.5552793741226196 0.5547018647193909 0.5546854734420776 0.5604936480522156 0.5547616481781006 0.5542487502098083 0.553949236869812 0.5537539124488831 0.5533689856529236 0.5538439750671387 0.5528102517127991 0.5522904992103577 0.5524809956550598 0.5524032115936279 0.5518423318862915 0.5513551235198975 0.5515541434288025 0.5509017109870911 0.5504806041717529 0.5500172972679138 0.5503535270690918 0.5511043667793274 0.5495390295982361 0.5500335693359375 0.5498068332672119 0.5498626828193665 0.5491748452186584 0.5492488145828247 0.5492717623710632 0.5484849810600281 0.5488623976707458 0.5482814311981201 0.5495023131370544 0.5491876602172852 0.549161970615387 0.5489875674247742 0.5490507483482361 0.548361599445343 0.5486637353897095 0.5487885475158691 0.5485531091690063 0.5493660569190979 0.5485853552818298 0.54876309633255 0.5485504269599915 0.5482821464538574 0.5485004186630249 0.5483697652816772 0.5481916069984436 0.5485630035400391 0.5481104850769043 0.5485908389091492 0.5487567186355591 0.5494207739830017 0.5489786267280579 0.5483962893486023 0.5495339035987854 0.549007773399353 0.5486853718757629 0.5493718981742859 0.5488899350166321 0.5491513013839722 0.5493204593658447 0.5498530864715576 0.549961507320404 0.5497089624404907 0.5502970218658447 0.5501794219017029 0.549963653087616 0.5500539541244507 0.5501056909561157 0.5495731830596924 0.5503319501876831 0.5509431958198547 0.5509228706359863 0.5513367056846619 0.5500507950782776 0.5507102012634277 0.5505289435386658 0.5505346059799194 0.5520645976066589 0.5510579943656921 0.5517288446426392 0.5518325567245483 0.5519542694091797 0.5515575408935547 0.5526441335678101 0.5528227686882019 0.5523996949195862 0.5523384809494019 0.5518479347229004 0.5535571575164795 0.5520903468132019 0.5522584915161133 0.5534322261810303 0.5532779693603516 0.553187906742096 0.5530409216880798 0.5531411170959473 0.5541282296180725 0.5534678101539612 0.5540387034416199 0.5539698004722595 0.5544958114624023 0.5547304749488831 0.5551198720932007 0.5549553632736206 0.5540106892585754 0.5554048418998718 0.5548769235610962 0.5552067756652832 0.5547080039978027 0.5557160973548889 0.5556023716926575 0.5554146766662598 0.5559554100036621 0.5550705790519714 0.5560647249221802 0.5561533570289612 0.5567634701728821 0.5575127601623535 0.5560861825942993 0.5571630597114563 0.5552213788032532 0.5563989877700806 0.556412935256958 0.5555251240730286 0.5567064881324768 0.5570693612098694 0.5575894117355347 0.5574665069580078 0.5574963092803955 
validate_loss2 0.5698443651199341 0.5698259472846985 0.5698455572128296 0.5698496103286743 0.5698533058166504 0.569858968257904 0.5698679685592651 0.5698685646057129 0.569869339466095 0.5698732733726501 0.569874107837677 0.5698773264884949 0.569877028465271 0.5698801279067993 0.5698879957199097 0.5698793530464172 0.5698836445808411 0.5698795914649963 0.5698783993721008 0.569877564907074 0.5698773860931396 0.5698769688606262 0.5698766112327576 0.5698752403259277 0.5698766112327576 0.5698752999305725 0.5698736310005188 0.5698716640472412 0.5698692798614502 0.5698657035827637 0.5698264837265015 0.5688082575798035 0.5633330941200256 0.5636115670204163 0.5563184022903442 0.5697684288024902 0.5696882009506226 0.5655951499938965 0.5573986172676086 0.5556828379631042 0.5488440990447998 0.5445263981819153 0.5407834649085999 0.5402103066444397 0.5425693392753601 0.5386775732040405 0.539040207862854 0.5415375828742981 0.546558141708374 0.5503719449043274 0.5503902435302734 0.5379382967948914 0.5388634204864502 0.5254744291305542 0.5166740417480469 0.5101395845413208 0.49802321195602417 0.498872309923172 0.4920816123485565 0.48887333273887634 0.4966322183609009 0.48148566484451294 0.48224106431007385 0.48007628321647644 0.4880014657974243 0.4887041449546814 0.48310109972953796 0.49459296464920044 0.4799821972846985 0.4838152527809143 0.48046445846557617 0.47830837965011597 0.47884002327919006 0.4786524772644043 0.4808032810688019 0.47919633984565735 0.48220187425613403 0.48353472352027893 0.4840738773345947 0.4907204210758209 0.49495530128479004 0.492485374212265 0.4843099117279053 0.4875555634498596 0.48936453461647034 0.49093249440193176 0.4871610403060913 0.4885738790035248 0.48650264739990234 0.4970768988132477 0.4925209879875183 0.4887998104095459 0.49344274401664734 0.4961155354976654 0.49346351623535156 0.4975421726703644 0.49167290329933167 0.49558889865875244 0.5028411149978638 0.49739357829093933 0.5028427839279175 0.5027550458908081 0.49512889981269836 0.503755509853363 0.5091532468795776 0.5001602172851562 0.5027561187744141 0.5069740414619446 0.5052619576454163 0.5251746773719788 0.5068184733390808 0.514889121055603 0.511001467704773 0.5073213577270508 0.5131542086601257 0.5211393237113953 0.5074435472488403 0.5068292021751404 0.5090261101722717 0.5201181769371033 0.5129429697990417 0.5222793221473694 0.5186973214149475 0.5184493064880371 0.5243432521820068 0.5153360962867737 0.5190854072570801 0.5255244374275208 0.5214435458183289 0.5185326337814331 0.5263383388519287 0.5193197727203369 0.5279725193977356 0.5237232446670532 0.5197144150733948 0.5318451523780823 0.5332321524620056 0.5212811231613159 0.5286400318145752 0.5261089205741882 0.5246099233627319 0.5298334956169128 0.5278139114379883 0.5246489644050598 0.5280276536941528 0.5331887602806091 0.5353565216064453 0.5366789698600769 0.5261289477348328 0.5221349596977234 0.522191047668457 0.529808521270752 0.5279548764228821 0.5269532203674316 0.5323625802993774 0.5416821837425232 0.5310143232345581 0.5369084477424622 0.5310373902320862 0.5372692346572876 0.5401089191436768 0.5325556397438049 0.5397018194198608 0.5465465784072876 0.5383881330490112 0.5381067395210266 0.5332013368606567 0.5357073545455933 0.5326745510101318 0.5419452786445618 0.5452475547790527 0.5345106720924377 0.5325334668159485 0.5448066592216492 0.5452564358711243 0.5430809855461121 0.5527523159980774 0.5384500026702881 0.5419647097587585 0.5396522879600525 0.5414742827415466 0.5377021431922913 0.5418180227279663 0.5414214730262756 0.5462290048599243 0.5453481674194336 0.5535067319869995 0.5463644862174988 0.5539703369140625 0.5497528314590454 0.5467098355293274 0.5442163944244385 0.5452892780303955 0.5525315999984741 0.5481459498405457 0.5477015376091003 0.5503197908401489 0.5539800524711609 0.5534812808036804 0.5554457902908325 
validate_loss3 0.4304141104221344 0.43038409948349 0.4304825961589813 0.4324207305908203 0.4290038049221039 0.4319511353969574 0.4296209514141083 0.42864978313446045 0.4284745156764984 0.4300502836704254 0.42848458886146545 0.42870572209358215 0.4285527169704437 0.43231967091560364 0.42846739292144775 0.4286090135574341 0.42846542596817017 0.428557425737381 0.43002623319625854 0.42844802141189575 0.42896050214767456 0.4289698600769043 0.42875102162361145 0.4295918643474579 0.430410772562027 0.4293522536754608 0.4285116493701935 0.428713858127594 0.4287392199039459 0.4309428632259369 0.42768096923828125 0.42809680104255676 0.4240367114543915 0.4262031316757202 0.4241572916507721 0.42721083760261536 0.4276460111141205 0.42611971497535706 0.4248969256877899 0.42361879348754883 0.4234095811843872 0.42075613141059875 0.4196540117263794 0.4205523431301117 0.42083805799484253 0.4220239520072937 0.4220128655433655 0.4241279065608978 0.42542755603790283 0.42215603590011597 0.42292922735214233 0.42477479577064514 0.4248991310596466 0.42757299542427063 0.4217795729637146 0.4212140440940857 0.42101001739501953 0.4202255606651306 0.4214523434638977 0.4197583794593811 0.4181573688983917 0.42165979743003845 0.41796720027923584 0.4204094409942627 0.4191102981567383 0.4218435287475586 0.42161083221435547 0.42554011940956116 0.42685219645500183 0.42635467648506165 0.42459723353385925 0.4158495366573334 0.4242108464241028 0.42694225907325745 0.4277152419090271 0.42929619550704956 0.42903628945350647 0.42997607588768005 0.43144798278808594 0.43352046608924866 0.43705078959465027 0.4356911778450012 0.4355495274066925 0.43438369035720825 0.4363636374473572 0.437980055809021 0.43768972158432007 0.44172343611717224 0.4364606440067291 0.4409249424934387 0.43969598412513733 0.4376497268676758 0.4367401599884033 0.44196006655693054 0.43862229585647583 0.44213253259658813 0.43956342339515686 0.4457099139690399 0.4435547888278961 0.4462667405605316 0.44465935230255127 0.4497893750667572 0.4421675205230713 0.4445970356464386 0.4474000036716461 0.4499583840370178 0.4447355270385742 0.44834885001182556 0.4510195851325989 0.4553552567958832 0.44992586970329285 0.4502767026424408 0.45246627926826477 0.45347943902015686 0.4502365291118622 0.45567917823791504 0.4547670781612396 0.4570528566837311 0.4571174681186676 0.4542611837387085 0.4566585123538971 0.4616488218307495 0.459942489862442 0.4566665291786194 0.4590299129486084 0.4627842307090759 0.45882850885391235 0.46622300148010254 0.46140339970588684 0.4685753881931305 0.46936672925949097 0.4660564959049225 0.4659503400325775 0.46556851267814636 0.4587678611278534 0.4687892496585846 0.47095274925231934 0.4643431603908539 0.46701622009277344 0.47147539258003235 0.4721601903438568 0.4758400619029999 0.4713806211948395 0.46752220392227173 0.4756854176521301 0.4776664972305298 0.4750814139842987 0.47887876629829407 0.4773056209087372 0.48003092408180237 0.4813350439071655 0.4854270815849304 0.4868798851966858 0.4752483069896698 0.482503205537796 0.48593688011169434 0.4907814860343933 0.48800885677337646 0.4873548746109009 0.48720142245292664 0.49001896381378174 0.4910992980003357 0.5087146162986755 0.5040435194969177 0.5104137063026428 0.49706271290779114 0.4938984215259552 0.50342857837677 0.5108478665351868 0.5004957914352417 0.5046493411064148 0.5019641518592834 0.4951484501361847 0.49506327509880066 0.5094975233078003 0.49144500494003296 0.5117456912994385 0.5040055513381958 0.5055417418479919 0.5071843862533569 0.5077473521232605 0.5024228692054749 0.4914795458316803 0.5026974081993103 0.49324870109558105 0.4943481683731079 0.507747232913971 0.5087202191352844 0.5176025629043579 0.5153632760047913 0.5078953504562378 0.49757814407348633 0.5123864412307739 0.5071350336074829 0.5201702117919922 0.5098428726196289 0.5144181251525879 0.5083613991737366 0.5095162987709045 0.5147302150726318 
validate_loss_all 0.5665902495384216 0.566598653793335 0.5666036009788513 0.5666933059692383 0.5665497779846191 0.566684901714325 0.5665746331214905 0.566533088684082 0.5665231943130493 0.5665881633758545 0.5665227174758911 0.5665341019630432 0.5665290951728821 0.5666987895965576 0.5665290355682373 0.5665364861488342 0.5665313005447388 0.5665356516838074 0.5665978193283081 0.5665289163589478 0.5665517449378967 0.56655353307724 0.5665435194969177 0.5665799379348755 0.5666114091873169 0.5665656924247742 0.5665314793586731 0.5665374398231506 0.5665387511253357 0.5666305422782898 0.5664867758750916 0.5664457678794861 0.5659469366073608 0.5660555958747864 0.5655348300933838 0.5664505362510681 0.5664581060409546 0.566046416759491 0.5651517510414124 0.5635664463043213 0.56227046251297 0.5614057779312134 0.5605510473251343 0.5597594380378723 0.5594668388366699 0.5585389137268066 0.557563841342926 0.5568414926528931 0.5559367537498474 0.5556978583335876 0.5548104047775269 0.5544247627258301 0.5536751747131348 0.5524348020553589 0.5509228110313416 0.5499240159988403 0.5475634336471558 0.5472190976142883 0.5466275811195374 0.5464001297950745 0.5458253026008606 0.5446019768714905 0.544348418712616 0.5449248552322388 0.5443838834762573 0.546734094619751 0.5439615249633789 0.545160174369812 0.5443621873855591 0.5440192222595215 0.5437489151954651 0.5484741926193237 0.5437154173851013 0.5433698296546936 0.5432477593421936 0.5430619120597839 0.5428600311279297 0.5434006452560425 0.5425680875778198 0.5425494909286499 0.5431131720542908 0.5428469777107239 0.5419034361839294 0.541581928730011 0.5419502258300781 0.5415245890617371 0.540932297706604 0.5407842397689819 0.5407248735427856 0.5421764850616455 0.5404685139656067 0.540615975856781 0.5406173467636108 0.5410606861114502 0.5401411056518555 0.5405957102775574 0.5401769876480103 0.5399783253669739 0.5406063199043274 0.5399206280708313 0.5412330627441406 0.541195809841156 0.5403891801834106 0.5408188700675964 0.541308581829071 0.5403228402137756 0.5404807925224304 0.5409997701644897 0.540825366973877 0.5428791642189026 0.5408863425254822 0.5415106415748596 0.5412111282348633 0.5408173203468323 0.5411768555641174 0.5417765378952026 0.5408067107200623 0.5412183403968811 0.5409381985664368 0.5418462157249451 0.541710615158081 0.5430763959884644 0.5423942804336548 0.5416972637176514 0.5431637167930603 0.5423740744590759 0.5420987010002136 0.5434466600418091 0.5425429940223694 0.5429736375808716 0.5436062216758728 0.5435167551040649 0.5440982580184937 0.5436120629310608 0.5435705780982971 0.5446576476097107 0.544654905796051 0.5437202453613281 0.544318675994873 0.5439258217811584 0.5445521473884583 0.5455824136734009 0.5452213287353516 0.5452153086662292 0.5446762442588806 0.5456610321998596 0.5454917550086975 0.5457684397697449 0.5464463829994202 0.545464038848877 0.5461328029632568 0.5468693971633911 0.546948254108429 0.5459355711936951 0.5475857257843018 0.5484603643417358 0.5477238297462463 0.5478615760803223 0.5470539927482605 0.5489243865013123 0.5479315519332886 0.547702968120575 0.5501003861427307 0.550108015537262 0.5499003529548645 0.5490335822105408 0.5486730337142944 0.5502028465270996 0.549845278263092 0.5503252148628235 0.5506789088249207 0.5503824353218079 0.5501150488853455 0.5511630773544312 0.551816463470459 0.5498862266540527 0.5527756810188293 0.5510565042495728 0.5516347885131836 0.5511472225189209 0.552177906036377 0.5515732765197754 0.5510631799697876 0.5521156191825867 0.5511063933372498 0.551996648311615 0.5532670617103577 0.553443431854248 0.5550358891487122 0.5534014701843262 0.5537736415863037 0.5513521432876587 0.5532565712928772 0.5534069538116455 0.5530750155448914 0.5535313487052917 0.5542547106742859 0.5546018481254578 0.5545258522033691 0.5549509525299072 
validate_loss1_vel 0.017229227349162102 0.017229590564966202 0.01722957007586956 0.017229659482836723 0.017229963093996048 0.017230065539479256 0.017229843884706497 0.017229901626706123 0.017229828983545303 0.01722964458167553 0.01722978986799717 0.01722983457148075 0.017229896038770676 0.01722993515431881 0.017229998484253883 0.01723005436360836 0.017230087891221046 0.01723010279238224 0.017229996621608734 0.017230043187737465 0.017230045050382614 0.017230091616511345 0.0172300823032856 0.017230050638318062 0.017229879274964333 0.01722993142902851 0.017230043187737465 0.017229944467544556 0.0172299575060606 0.01722974330186844 0.017229875549674034 0.017229899764060974 0.017229996621608734 0.01722988300025463 0.01722969114780426 0.01722947508096695 0.017229240387678146 0.017225800082087517 0.017213674262166023 0.017165811732411385 0.017135947942733765 0.017119208350777626 0.017099371179938316 0.017072660848498344 0.017057960852980614 0.017032567411661148 0.016999276354908943 0.016967175528407097 0.016925251111388206 0.016914745792746544 0.016883807256817818 0.01689218543469906 0.01686512865126133 0.016844922676682472 0.016819490119814873 0.01679895631968975 0.01674233190715313 0.01673050969839096 0.016720999032258987 0.016721617430448532 0.01669113151729107 0.01667170040309429 0.016667524352669716 0.016686787828803062 0.016656918451189995 0.016729898750782013 0.01664762757718563 0.016661368310451508 0.01665838062763214 0.016641056165099144 0.016640564426779747 0.016814809292554855 0.016642849892377853 0.016627462580800056 0.016618477180600166 0.016612617298960686 0.016601070761680603 0.01661531813442707 0.016584306955337524 0.01656871661543846 0.016574429348111153 0.016572097316384315 0.016555270180106163 0.016540654003620148 0.016546625643968582 0.016527051106095314 0.01651441864669323 0.01650051772594452 0.016510605812072754 0.016533130779862404 0.016486169770359993 0.016501005738973618 0.016494205221533775 0.016495879739522934 0.016475245356559753 0.016477465629577637 0.016478152945637703 0.016454549506306648 0.016465870663523674 0.01644844375550747 0.016485068947076797 0.016475629061460495 0.016474859789013863 0.016469625756144524 0.01647152192890644 0.016450848430395126 0.016459912061691284 0.01646365597844124 0.016456592828035355 0.016480982303619385 0.016457561403512955 0.016462894156575203 0.016456512734293938 0.01644846424460411 0.016455011442303658 0.016451092436909676 0.016445748507976532 0.01645689085125923 0.016443314030766487 0.016457725316286087 0.016462702304124832 0.016482623293995857 0.016469357535243034 0.016451889649033546 0.016486017033457756 0.016470232978463173 0.016460560262203217 0.016481157392263412 0.016466697677969933 0.016474539414048195 0.0164796132594347 0.016495592892169952 0.01649884693324566 0.016491267830133438 0.016508910804986954 0.01650538295507431 0.016498908400535583 0.016501618549227715 0.016503170132637024 0.01648719608783722 0.01650995947420597 0.01652829721570015 0.016527686268091202 0.016540100798010826 0.016501523554325104 0.016521306708455086 0.01651586964726448 0.01651603914797306 0.01656193658709526 0.01653173938393593 0.01655186526477337 0.016554977744817734 0.016558628529310226 0.01654672622680664 0.016579322516918182 0.01658468134701252 0.01657199114561081 0.01657015271484852 0.016555437818169594 0.016606714576482773 0.01656270958483219 0.016567755490541458 0.01660296693444252 0.01659833826124668 0.016595637425780296 0.016591226682066917 0.016594232991337776 0.0166238471865654 0.01660403423011303 0.016621161252260208 0.016619093716144562 0.016634874045848846 0.01664191298186779 0.016653597354888916 0.016648659482598305 0.016620319336652756 0.016662145033478737 0.016646306961774826 0.01665620319545269 0.016641240566968918 0.01667148247361183 0.01666807197034359 0.016662441194057465 0.016678662970662117 0.016652116551995277 0.016681943088769913 0.016684601083397865 0.016702905297279358 0.016725383698940277 0.016682585701346397 0.01671489328145981 0.01665664091706276 0.016691969707608223 0.0166923888027668 0.016665754839777946 0.016701195389032364 0.01671208068728447 0.016727682203054428 0.0167239960283041 0.01672489009797573 
validate_loss2_dep 17.0953311920166 17.094778060913086 17.095367431640625 17.095487594604492 17.095598220825195 17.09576988220215 17.096038818359375 17.09605598449707 17.096080780029297 17.09619903564453 17.096223831176758 17.09632110595703 17.096311569213867 17.096405029296875 17.09663963317871 17.09638023376465 17.09650993347168 17.09638786315918 17.096351623535156 17.09632682800293 17.09632110595703 17.096309661865234 17.096298217773438 17.096256256103516 17.096298217773438 17.09625816345215 17.096208572387695 17.096149444580078 17.09607696533203 17.095970153808594 17.09479331970215 17.06424903869629 16.899991989135742 16.90834617614746 16.689552307128906 17.09305191040039 17.090646743774414 16.967853546142578 16.72195816040039 16.67048454284668 16.46532440185547 16.335792541503906 16.2235050201416 16.206308364868164 16.277080535888672 16.160327911376953 16.171205520629883 16.24612808227539 16.396743774414062 16.511157989501953 16.511707305908203 16.138147354125977 16.16590118408203 15.764232635498047 15.500222206115723 15.304186820983887 14.940696716308594 14.966169357299805 14.76244831085205 14.666200637817383 14.898965835571289 14.44456958770752 14.467231750488281 14.402288436889648 14.640043258666992 14.661124229431152 14.493032455444336 14.837788581848145 14.399466514587402 14.514457702636719 14.413933753967285 14.349251747131348 14.36520004272461 14.359574317932129 14.424098014831543 14.375890731811523 14.466056823730469 14.50604248046875 14.522215843200684 14.721612930297852 14.84865951538086 14.774560928344727 14.529297828674316 14.626667022705078 14.680935859680176 14.727974891662598 14.61483097076416 14.657217025756836 14.59507942199707 14.912306785583496 14.775629043579102 14.663993835449219 14.803281784057617 14.883465766906738 14.803905487060547 14.926264762878418 14.750186920166016 14.867667198181152 15.085232734680176 14.921807289123535 15.085283279418945 15.082651138305664 14.853867530822754 15.112665176391602 15.27459716796875 15.004807472229004 15.082682609558105 15.209220886230469 15.157858848571777 15.755241394042969 15.204553604125977 15.446673393249512 15.330044746398926 15.21964168548584 15.394625663757324 15.634180068969727 15.223307609558105 15.204876899719238 15.270783424377441 15.603545188903809 15.388288497924805 15.668379783630371 15.560919761657715 15.55348014831543 15.730298042297363 15.460083961486816 15.572563171386719 15.76573371887207 15.643306732177734 15.55597972869873 15.79015064239502 15.579593658447266 15.839176177978516 15.711697578430176 15.591432571411133 15.955354690551758 15.996964454650879 15.638434410095215 15.859201431274414 15.783267974853516 15.738297462463379 15.895005226135254 15.834417343139648 15.739468574523926 15.840829849243164 15.995662689208984 16.06069564819336 16.10036849975586 15.783867835998535 15.664050102233887 15.665730476379395 15.894255638122559 15.83864688873291 15.808595657348633 15.970876693725586 16.250465393066406 15.930429458618164 16.107254028320312 15.931121826171875 16.11807632446289 16.20326805114746 15.976669311523438 16.19105339050293 16.39639663696289 16.151643753051758 16.14320182800293 15.996040344238281 16.07122039794922 15.980237007141113 16.258359909057617 16.3574275970459 16.035320281982422 15.976004600524902 16.344200134277344 16.35769271850586 16.292430877685547 16.582569122314453 16.153499603271484 16.258941650390625 16.18956756591797 16.24422836303711 16.13106346130371 16.254541397094727 16.242643356323242 16.386869430541992 16.360445022583008 16.605201721191406 16.390933990478516 16.619110107421875 16.492584228515625 16.401294708251953 16.326492309570312 16.358678817749023 16.57594871520996 16.444377899169922 16.431045532226562 16.509593963623047 16.619400024414062 16.60443878173828 16.663373947143555 
validate_loss3_thi 12.912424087524414 12.91152286529541 12.914477348327637 12.97262191772461 12.87011432647705 12.958534240722656 12.888628005981445 12.85949420928955 12.85423469543457 12.901509284973145 12.854537010192871 12.86117172241211 12.856581687927246 12.969590187072754 12.854022026062012 12.858269691467285 12.853962898254395 12.856722831726074 12.900787353515625 12.853440284729004 12.868814468383789 12.869095802307129 12.862530708312988 12.887755393981934 12.912322998046875 12.88056755065918 12.85534954071045 12.86141586303711 12.862175941467285 12.928285598754883 12.830429077148438 12.842904090881348 12.721101760864258 12.786094665527344 12.72471809387207 12.816325187683105 12.829380989074707 12.783591270446777 12.746908187866211 12.708563804626465 12.702287673950195 12.622684478759766 12.589620590209961 12.616569519042969 12.625142097473145 12.660717964172363 12.660386085510254 12.723836898803711 12.762826919555664 12.664681434631348 12.68787670135498 12.743244171142578 12.746973991394043 12.827189445495605 12.653387069702148 12.636421203613281 12.630300521850586 12.606766700744629 12.643569946289062 12.592750549316406 12.544721603393555 12.64979362487793 12.539015769958496 12.612283706665039 12.573308944702148 12.655305862426758 12.648324966430664 12.766203880310059 12.80556583404541 12.790640830993652 12.737916946411133 12.475485801696777 12.726325988769531 12.808267593383789 12.83145809173584 12.878886222839355 12.871088027954102 12.899282455444336 12.943439483642578 13.005613327026367 13.111523628234863 13.070735931396484 13.066486358642578 13.031510353088379 13.090909004211426 13.139402389526367 13.130691528320312 13.251703262329102 13.093818664550781 13.227747917175293 13.190878868103027 13.129491806030273 13.102204322814941 13.258801460266113 13.158668518066406 13.263976097106934 13.186902046203613 13.371296882629395 13.30664348602295 13.388002395629883 13.339780807495117 13.493681907653809 13.26502513885498 13.337910652160645 13.42199993133545 13.498751640319824 13.342065811157227 13.450465202331543 13.530587196350098 13.66065788269043 13.49777603149414 13.50830078125 13.57398796081543 13.60438346862793 13.507095336914062 13.670374870300293 13.643012046813965 13.71158504486084 13.713523864746094 13.627836227416992 13.69975471496582 13.849464416503906 13.798274993896484 13.699995994567871 13.770896911621094 13.883526802062988 13.76485538482666 13.986690521240234 13.84210205078125 14.05726146697998 14.081002235412598 13.981695175170898 13.978509902954102 13.967055320739746 13.763035774230957 14.063677787780762 14.128582954406738 13.93029499053955 14.010486602783203 14.144261360168457 14.16480541229248 14.275201797485352 14.14141845703125 14.025666236877441 14.270562171936035 14.329995155334473 14.252442359924316 14.366362571716309 14.319169044494629 14.400927543640137 14.440051078796387 14.562811851501465 14.606396675109863 14.25744915008545 14.475096702575684 14.578105926513672 14.723443984985352 14.640265464782715 14.620645523071289 14.616043090820312 14.700569152832031 14.732978820800781 15.261439323425293 15.121305465698242 15.312411308288574 14.911881446838379 14.8169527053833 15.102856636047363 15.325435638427734 15.014873504638672 15.139479637145996 15.05892562866211 14.854453086853027 14.851898193359375 15.284924507141113 14.7433500289917 15.352370262145996 15.120166778564453 15.166252136230469 15.215532302856445 15.232421875 15.072685241699219 14.744386672973633 15.080923080444336 14.797460556030273 14.8304443359375 15.232417106628418 15.261605262756348 15.528076171875 15.460898399353027 15.236861228942871 14.92734432220459 15.37159252166748 15.21405029296875 15.605106353759766 15.29528522491455 15.43254280090332 15.25084114074707 15.285489082336426 15.441906929016113 
