step 0 1 2 3 4 5 6 7 8 9 10 11 12 13 14 15 16 17 18 19 20 21 22 23 24 25 26 27 28 29 30 31 32 33 34 35 36 37 38 39 40 41 42 43 44 45 46 47 48 49 50 51 52 53 54 55 56 57 58 59 60 61 62 63 64 65 66 67 68 69 70 71 72 73 74 75 76 77 78 79 80 81 82 83 84 85 86 87 88 89 90 91 92 93 94 95 96 97 98 99 100 101 102 103 104 105 106 107 108 109 110 111 112 113 114 115 116 117 118 119 120 121 122 123 124 125 126 127 128 129 130 131 132 133 134 135 136 137 138 139 140 141 142 143 144 145 146 147 148 149 150 151 152 153 154 155 156 157 158 159 160 161 162 163 164 165 166 167 168 169 170 171 172 173 174 175 176 177 178 179 180 181 182 183 184 185 186 187 188 189 190 191 192 193 194 195 196 197 198 199 
train_loss1 0.4774811565876007 0.3601137697696686 0.32032790780067444 0.29610076546669006 0.2775751054286957 0.26018086075782776 0.24490094184875488 0.22984354197978973 0.21730414032936096 0.20616796612739563 0.19846215844154358 0.19237558543682098 0.18790870904922485 0.18435315787792206 0.1808926910161972 0.17844195663928986 0.17625990509986877 0.17429669201374054 0.17313547432422638 0.1706140637397766 0.16983827948570251 0.168436661362648 0.1670653373003006 0.1661820411682129 0.16523681581020355 0.16430480778217316 0.16317370533943176 0.16271032392978668 0.16235676407814026 0.1614530235528946 0.1607893705368042 0.1602739840745926 0.1597438007593155 0.1591864824295044 0.15870946645736694 0.15851058065891266 0.15745720267295837 0.15739817917346954 0.15700675547122955 0.15652449429035187 0.15652616322040558 0.15623313188552856 0.15591755509376526 0.15512599050998688 0.15497489273548126 0.15478092432022095 0.1544487029314041 0.15428023040294647 0.15401487052440643 0.15387174487113953 0.1531551331281662 0.152772456407547 0.15316268801689148 0.152192160487175 0.1522323340177536 0.15189175307750702 0.151632159948349 0.1517508327960968 0.15111300349235535 0.1508243829011917 0.15157192945480347 0.15137265622615814 0.1511794775724411 0.1509629637002945 0.15051010251045227 0.15009243786334991 0.1500362902879715 0.1496228277683258 0.14975769817829132 0.14965802431106567 0.14900609850883484 0.14897754788398743 0.14861173927783966 0.1490076333284378 0.1489465832710266 0.14833712577819824 0.14864905178546906 0.14818255603313446 0.14756621420383453 0.14793264865875244 0.14720207452774048 0.14713768661022186 0.14691568911075592 0.14743034541606903 0.14714552462100983 0.14686551690101624 0.14694808423519135 0.1462378203868866 0.14609073102474213 0.14626821875572205 0.14589186012744904 0.14588113129138947 0.14553304016590118 0.1455223709344864 0.14555904269218445 0.14550788700580597 0.14521409571170807 0.14494800567626953 0.14496669173240662 0.14507944881916046 0.14376407861709595 0.14406448602676392 0.14410972595214844 0.14396144449710846 0.1440044790506363 0.1437617987394333 0.14363934099674225 0.14376410841941833 0.14317144453525543 0.14314426481723785 0.1435331106185913 0.1429668664932251 0.14274762570858002 0.14250701665878296 0.1429583877325058 0.14292030036449432 0.14268918335437775 0.14270150661468506 0.14211110770702362 0.14209428429603577 0.14173594117164612 0.14140468835830688 0.14145930111408234 0.14181925356388092 0.1412917524576187 0.14126716554164886 0.1413460522890091 0.14151035249233246 0.14130845665931702 0.1406150758266449 0.14066706597805023 0.1406020224094391 0.1404755711555481 0.14023743569850922 0.14045551419258118 0.14020438492298126 0.14039595425128937 0.1397068351507187 0.13960663974285126 0.1397673338651657 0.13965564966201782 0.139135479927063 0.13970084488391876 0.13932186365127563 0.13879337906837463 0.1393173485994339 0.13921445608139038 0.13917741179466248 0.13895262777805328 0.13873185217380524 0.1385258138179779 0.1378757208585739 0.13834653794765472 0.1380227953195572 0.13821256160736084 0.1381153166294098 0.13755422830581665 0.13761132955551147 0.1377144455909729 0.13758474588394165 0.13754023611545563 0.137527197599411 0.13752099871635437 0.13728028535842896 0.13655322790145874 0.13699308037757874 0.13720346987247467 0.13656207919120789 0.13686680793762207 0.136693075299263 0.1366126835346222 0.13649453222751617 0.13663503527641296 0.1362917125225067 0.13576611876487732 0.13630713522434235 0.13602732121944427 0.135853111743927 0.13498042523860931 0.13546350598335266 0.13616943359375 0.13533876836299896 0.13543754816055298 0.1352083384990692 0.13533785939216614 0.13549569249153137 0.13526713848114014 0.1350720077753067 0.1351669281721115 0.13489514589309692 0.13484680652618408 0.13503611087799072 0.134929358959198 0.1344870626926422 0.1344636082649231 0.13480570912361145 0.133899986743927 0.13394710421562195 0.13414999842643738 0.13414199650287628 
train_loss2 0.3747008740901947 0.3068179488182068 0.2668335437774658 0.23137791454792023 0.19821105897426605 0.17074087262153625 0.14932699501514435 0.13265222311019897 0.1204741895198822 0.10967660695314407 0.1014595478773117 0.09411466121673584 0.08858785778284073 0.08398739248514175 0.0801076665520668 0.07764410227537155 0.07464081048965454 0.071561299264431 0.07049275934696198 0.06858914345502853 0.06704679876565933 0.06534802913665771 0.06381242722272873 0.06288701295852661 0.0614866279065609 0.0599544532597065 0.05960044637322426 0.05848166346549988 0.05719592794775963 0.05664508044719696 0.055279407650232315 0.05494461581110954 0.0543602854013443 0.053469184786081314 0.053750135004520416 0.05124911665916443 0.05139010027050972 0.051143113523721695 0.05072159320116043 0.05046488717198372 0.04972686618566513 0.04870665818452835 0.04932297766208649 0.04909102991223335 0.04766876995563507 0.04766072705388069 0.04734300449490547 0.04704131931066513 0.0467304103076458 0.046443309634923935 0.04604616016149521 0.04611903801560402 0.045918017625808716 0.04571722447872162 0.045440226793289185 0.04475868493318558 0.04431947320699692 0.04406266286969185 0.0439881831407547 0.043556977063417435 0.044152189046144485 0.04356297105550766 0.04301835596561432 0.043306656181812286 0.04287755489349365 0.042500924319028854 0.04260462895035744 0.04283304885029793 0.042300786823034286 0.042007528245449066 0.041617151349782944 0.041706737130880356 0.0415210947394371 0.041816312819719315 0.041662730276584625 0.04092371091246605 0.04104825481772423 0.040811628103256226 0.04041200876235962 0.040794048458337784 0.04078218713402748 0.04031762108206749 0.04029885679483414 0.040062472224235535 0.040278397500514984 0.040328893810510635 0.04007305949926376 0.03945990651845932 0.039399243891239166 0.03939570486545563 0.039200492203235626 0.03976878896355629 0.039479952305555344 0.03897787630558014 0.039319802075624466 0.039042919874191284 0.038944706320762634 0.03901400417089462 0.03830477222800255 0.03928430378437042 0.03880748897790909 0.03857608512043953 0.038222793489694595 0.03824849799275398 0.03843601793050766 0.03801259025931358 0.038068048655986786 0.038228876888751984 0.03817315399646759 0.0381147526204586 0.03776971623301506 0.037647541612386703 0.03761144354939461 0.037425484508275986 0.0373060405254364 0.03732554614543915 0.03729752078652382 0.03662420064210892 0.03743402659893036 0.03703540191054344 0.036960989236831665 0.037173930555582047 0.037275753915309906 0.03627878800034523 0.036769915372133255 0.03620409220457077 0.03675973415374756 0.03689268231391907 0.036472387611866 0.036802638322114944 0.03625129908323288 0.03662501275539398 0.036093078553676605 0.036387212574481964 0.036326438188552856 0.03673173859715462 0.0361497737467289 0.036294952034950256 0.03558450937271118 0.03600026294589043 0.03597300499677658 0.035231005400419235 0.03589019179344177 0.03587307035923004 0.035738829523324966 0.0357360914349556 0.03563335910439491 0.035869743674993515 0.03559979423880577 0.035661738365888596 0.03507823124527931 0.034979332238435745 0.03552095592021942 0.035320453345775604 0.03519760072231293 0.035047877579927444 0.035300157964229584 0.035120271146297455 0.0348416306078434 0.03493481129407883 0.035208482295274734 0.035143885761499405 0.03493357077240944 0.03501449525356293 0.03422361612319946 0.034459188580513 0.034653112292289734 0.0344645120203495 0.03423575684428215 0.034424491226673126 0.03442325070500374 0.034327827394008636 0.034477874636650085 0.034157369285821915 0.03416706249117851 0.0342734195291996 0.03452734649181366 0.03426315635442734 0.0338229164481163 0.034494731575250626 0.033748503774404526 0.03403710201382637 0.0339961051940918 0.03397222235798836 0.03398331627249718 0.03418269008398056 0.0337156318128109 0.03402779996395111 0.03369152173399925 0.03380998969078064 0.03379656746983528 0.03377716988325119 0.033826325088739395 0.033469609916210175 0.03364665433764458 0.033763349056243896 0.03339504450559616 0.0335875004529953 0.033418696373701096 0.033483270555734634 
train_loss3 0.42051348090171814 0.3883183002471924 0.36172327399253845 0.3336353600025177 0.2981615960597992 0.260629802942276 0.2197338491678238 0.18802756071090698 0.16470105946063995 0.1459287703037262 0.12966959178447723 0.12020304054021835 0.11227233707904816 0.10560660064220428 0.0987791195511818 0.0960242971777916 0.09229642897844315 0.0875275507569313 0.08635812997817993 0.08288007974624634 0.08111221343278885 0.07848446071147919 0.0763324499130249 0.07524211704730988 0.07369034737348557 0.07223691791296005 0.07044743746519089 0.06974632292985916 0.06849173456430435 0.0673985406756401 0.06664135307073593 0.06546016037464142 0.0644993931055069 0.06375753879547119 0.06340139359235764 0.062038298696279526 0.06137637421488762 0.06125306338071823 0.059712570160627365 0.05982959643006325 0.05835540220141411 0.058568183332681656 0.0572408102452755 0.05766360089182854 0.05613206699490547 0.056172750890254974 0.05600452050566673 0.055567316710948944 0.055735357105731964 0.05468296632170677 0.05402040854096413 0.053681425750255585 0.05338690057396889 0.054288703948259354 0.05302299186587334 0.05249648541212082 0.0522737018764019 0.05210866406559944 0.0514221265912056 0.05115848407149315 0.05114046111702919 0.05037395656108856 0.05058397725224495 0.05061738193035126 0.049193065613508224 0.049253907054662704 0.0492166206240654 0.04902975633740425 0.04893406853079796 0.048173997551202774 0.04833227023482323 0.04804574325680733 0.04810015857219696 0.04781884327530861 0.04733602702617645 0.047263458371162415 0.04690880328416824 0.046821270138025284 0.04659421741962433 0.047000396996736526 0.046109870076179504 0.04601390287280083 0.04659273102879524 0.04623432084918022 0.045653335750103 0.045879364013671875 0.04569586366415024 0.04519500955939293 0.04534395784139633 0.04481875151395798 0.04465751349925995 0.04538661986589432 0.044909413903951645 0.044432252645492554 0.04400910064578056 0.04446018487215042 0.044044531881809235 0.043690167367458344 0.04343103617429733 0.04415542632341385 0.0435505174100399 0.043436333537101746 0.043354544788599014 0.04320809990167618 0.043098486959934235 0.042709317058324814 0.043435465544462204 0.04228491708636284 0.04291553795337677 0.04267900064587593 0.04248293861746788 0.042794886976480484 0.042016204446554184 0.042189400643110275 0.042240407317876816 0.04201504588127136 0.041784536093473434 0.04126405343413353 0.041075993329286575 0.042013298720121384 0.041473839432001114 0.041512489318847656 0.041697729378938675 0.04138272628188133 0.04093087837100029 0.041550397872924805 0.04082753136754036 0.04123147949576378 0.040859103202819824 0.04068567603826523 0.04076424241065979 0.040672577917575836 0.04088962823152542 0.040927156805992126 0.03993961215019226 0.039930310100317 0.04068680852651596 0.04022529348731041 0.04022665694355965 0.039601001888513565 0.04009316861629486 0.039819542318582535 0.040122903883457184 0.039418675005435944 0.03983490541577339 0.03952105715870857 0.03912295773625374 0.039951566606760025 0.039601702243089676 0.03909857198596001 0.039041854441165924 0.03948726877570152 0.039150550961494446 0.03868086263537407 0.03903895616531372 0.03905198350548744 0.039239995181560516 0.03908470645546913 0.03838454559445381 0.038625847548246384 0.03906983509659767 0.03861009329557419 0.038584139198064804 0.03902040421962738 0.038060855120420456 0.03822740539908409 0.038255758583545685 0.03866952657699585 0.03837279602885246 0.03794078156352043 0.037988219410181046 0.03851352632045746 0.038024820387363434 0.03796765208244324 0.0379173718392849 0.03818809986114502 0.03805607929825783 0.03793717175722122 0.03766597434878349 0.03783252462744713 0.037411149591207504 0.037264201790094376 0.03830021247267723 0.03746695816516876 0.037659380584955215 0.03696660324931145 0.03732724487781525 0.037361957132816315 0.03686514124274254 0.03685009852051735 0.03707822039723396 0.03763870149850845 0.037084706127643585 0.036461811512708664 0.03708621487021446 0.0372597873210907 0.03666255995631218 0.037015825510025024 0.03618822619318962 0.03685294836759567 
train_loss_all 0.46885693073272705 0.35893282294273376 0.3200361430644989 0.29505565762519836 0.2748161852359772 0.25581374764442444 0.23889802396297455 0.22299720346927643 0.21003596484661102 0.19865764677524567 0.19065161049365997 0.18445974588394165 0.17988526821136475 0.17623478174209595 0.1726960837841034 0.17027179896831512 0.16805166006088257 0.16600355505943298 0.16486452519893646 0.1623741090297699 0.16156405210494995 0.1601458489894867 0.15877491235733032 0.1579022854566574 0.15694865584373474 0.15600785613059998 0.15490032732486725 0.15442577004432678 0.1540355682373047 0.15315455198287964 0.15248821675777435 0.15197138488292694 0.15144138038158417 0.1508854180574417 0.15043842792510986 0.15016838908195496 0.14917409420013428 0.14911116659641266 0.1487012505531311 0.14824959635734558 0.14820189774036407 0.14791381359100342 0.14760111272335052 0.1468685120344162 0.14666515588760376 0.1464850753545761 0.14616546034812927 0.14599283039569855 0.14574329555034637 0.1455809623003006 0.14489059150218964 0.1445276290178299 0.1448814421892166 0.14399227499961853 0.14399683475494385 0.1436551809310913 0.143400177359581 0.14350272715091705 0.14289161562919617 0.14260894060134888 0.14331689476966858 0.14310434460639954 0.1429186910390854 0.14272242784500122 0.1422627717256546 0.14186744391918182 0.14181610941886902 0.14143039286136627 0.14154492318630219 0.14143139123916626 0.14081907272338867 0.1407882273197174 0.1404445320367813 0.1408136785030365 0.1407444030046463 0.14016106724739075 0.1404474973678589 0.14000605046749115 0.13941916823387146 0.13977591693401337 0.13907596468925476 0.13900597393512726 0.1388096809387207 0.13927927613258362 0.1390056312084198 0.138749361038208 0.13881854712963104 0.13813509047031403 0.1379995495080948 0.13815520703792572 0.1377972662448883 0.1378108412027359 0.13747160136699677 0.13744407892227173 0.13747607171535492 0.13743217289447784 0.1371481865644455 0.1368940770626068 0.13689489662647247 0.13703018426895142 0.1357818990945816 0.13605652749538422 0.13609139621257782 0.13595055043697357 0.13599181175231934 0.13575081527233124 0.1356508731842041 0.1357487440109253 0.1352056860923767 0.1351749151945114 0.13552895188331604 0.13500361144542694 0.1347837597131729 0.1345590502023697 0.13497984409332275 0.13494043052196503 0.13471977412700653 0.13471098244190216 0.13416890799999237 0.1341637521982193 0.13381777703762054 0.13351237773895264 0.13356848061084747 0.13388299942016602 0.1333896815776825 0.1333688646554947 0.13343840837478638 0.13360142707824707 0.13339920341968536 0.13275335729122162 0.13279445469379425 0.13273803889751434 0.13261519372463226 0.13239803910255432 0.1325831562280655 0.13235484063625336 0.13253802061080933 0.13188795745372772 0.13178293406963348 0.13192865252494812 0.1318325698375702 0.13132964074611664 0.13187400996685028 0.13150696456432343 0.13101820647716522 0.13150236010551453 0.1313975304365158 0.13138136267662048 0.1311606764793396 0.13094639778137207 0.13074351847171783 0.13014212250709534 0.13058488070964813 0.1302707940340042 0.13045251369476318 0.1303594559431076 0.12984229624271393 0.12989003956317902 0.1299697458744049 0.12985417246818542 0.12982472777366638 0.12980341911315918 0.12979383766651154 0.12957775592803955 0.12886875867843628 0.12928658723831177 0.1294868141412735 0.1288914531469345 0.1291675567626953 0.12900057435035706 0.12892620265483856 0.1288234293460846 0.12894859910011292 0.12862159311771393 0.12812945246696472 0.12864166498184204 0.12838175892829895 0.12821264564990997 0.12738510966300964 0.1278502345085144 0.12849131226539612 0.1277165710926056 0.12782630324363708 0.12759707868099213 0.12772169709205627 0.12786050140857697 0.12764565646648407 0.12746869027614594 0.12754367291927338 0.12729112803936005 0.127249613404274 0.12743599712848663 0.12732738256454468 0.1268976479768753 0.12688910961151123 0.12721379101276398 0.12635093927383423 0.1264040321111679 0.12657704949378967 0.1265818476676941 
train_loss_back 0.46885693073272705 0.35893282294273376 0.3200361430644989 0.29505565762519836 0.2748161852359772 0.25581374764442444 0.23889802396297455 0.22299720346927643 0.21003596484661102 0.19865764677524567 0.19065161049365997 0.18445974588394165 0.17988526821136475 0.17623478174209595 0.1726960837841034 0.17027179896831512 0.16805166006088257 0.16600355505943298 0.16486452519893646 0.1623741090297699 0.16156405210494995 0.1601458489894867 0.15877491235733032 0.1579022854566574 0.15694865584373474 0.15600785613059998 0.15490032732486725 0.15442577004432678 0.1540355682373047 0.15315455198287964 0.15248821675777435 0.15197138488292694 0.15144138038158417 0.1508854180574417 0.15043842792510986 0.15016838908195496 0.14917409420013428 0.14911116659641266 0.1487012505531311 0.14824959635734558 0.14820189774036407 0.14791381359100342 0.14760111272335052 0.1468685120344162 0.14666515588760376 0.1464850753545761 0.14616546034812927 0.14599283039569855 0.14574329555034637 0.1455809623003006 0.14489059150218964 0.1445276290178299 0.1448814421892166 0.14399227499961853 0.14399683475494385 0.1436551809310913 0.143400177359581 0.14350272715091705 0.14289161562919617 0.14260894060134888 0.14331689476966858 0.14310434460639954 0.1429186910390854 0.14272242784500122 0.1422627717256546 0.14186744391918182 0.14181610941886902 0.14143039286136627 0.14154492318630219 0.14143139123916626 0.14081907272338867 0.1407882273197174 0.1404445320367813 0.1408136785030365 0.1407444030046463 0.14016106724739075 0.1404474973678589 0.14000605046749115 0.13941916823387146 0.13977591693401337 0.13907596468925476 0.13900597393512726 0.1388096809387207 0.13927927613258362 0.1390056312084198 0.138749361038208 0.13881854712963104 0.13813509047031403 0.1379995495080948 0.13815520703792572 0.1377972662448883 0.1378108412027359 0.13747160136699677 0.13744407892227173 0.13747607171535492 0.13743217289447784 0.1371481865644455 0.1368940770626068 0.13689489662647247 0.13703018426895142 0.1357818990945816 0.13605652749538422 0.13609139621257782 0.13595055043697357 0.13599181175231934 0.13575081527233124 0.1356508731842041 0.1357487440109253 0.1352056860923767 0.1351749151945114 0.13552895188331604 0.13500361144542694 0.1347837597131729 0.1345590502023697 0.13497984409332275 0.13494043052196503 0.13471977412700653 0.13471098244190216 0.13416890799999237 0.1341637521982193 0.13381777703762054 0.13351237773895264 0.13356848061084747 0.13388299942016602 0.1333896815776825 0.1333688646554947 0.13343840837478638 0.13360142707824707 0.13339920341968536 0.13275335729122162 0.13279445469379425 0.13273803889751434 0.13261519372463226 0.13239803910255432 0.1325831562280655 0.13235484063625336 0.13253802061080933 0.13188795745372772 0.13178293406963348 0.13192865252494812 0.1318325698375702 0.13132964074611664 0.13187400996685028 0.13150696456432343 0.13101820647716522 0.13150236010551453 0.1313975304365158 0.13138136267662048 0.1311606764793396 0.13094639778137207 0.13074351847171783 0.13014212250709534 0.13058488070964813 0.1302707940340042 0.13045251369476318 0.1303594559431076 0.12984229624271393 0.12989003956317902 0.1299697458744049 0.12985417246818542 0.12982472777366638 0.12980341911315918 0.12979383766651154 0.12957775592803955 0.12886875867843628 0.12928658723831177 0.1294868141412735 0.1288914531469345 0.1291675567626953 0.12900057435035706 0.12892620265483856 0.1288234293460846 0.12894859910011292 0.12862159311771393 0.12812945246696472 0.12864166498184204 0.12838175892829895 0.12821264564990997 0.12738510966300964 0.1278502345085144 0.12849131226539612 0.1277165710926056 0.12782630324363708 0.12759707868099213 0.12772169709205627 0.12786050140857697 0.12764565646648407 0.12746869027614594 0.12754367291927338 0.12729112803936005 0.127249613404274 0.12743599712848663 0.12732738256454468 0.1268976479768753 0.12688910961151123 0.12721379101276398 0.12635093927383423 0.1264040321111679 0.12657704949378967 0.1265818476676941 
train_loss1_vel 0.014324434101581573 0.010803413577377796 0.009609837085008621 0.008883023634552956 0.00832725316286087 0.007805425673723221 0.007347028236836195 0.006895306054502726 0.006519124377518892 0.006185038946568966 0.00595386466011405 0.005771267227828503 0.005637261085212231 0.005530594382435083 0.005426780320703983 0.005353258457034826 0.005287796724587679 0.005228900816291571 0.005194064229726791 0.005118422210216522 0.005095147993415594 0.00505309971049428 0.005011959932744503 0.004985461477190256 0.004957104567438364 0.004929143935441971 0.004895211197435856 0.004881309811025858 0.004870702978223562 0.004843590781092644 0.004823680967092514 0.004808219149708748 0.004792314022779465 0.00477559445425868 0.004761284217238426 0.004755317233502865 0.0047237160615623 0.004721945617347956 0.004710202571004629 0.004695734940469265 0.004695784766227007 0.004686994012445211 0.004677526652812958 0.004653779789805412 0.0046492465771734715 0.004643427673727274 0.004633461125195026 0.004628406837582588 0.004620446357876062 0.004616152495145798 0.004594653844833374 0.004583173431456089 0.004594880621880293 0.0045657651498913765 0.004566970281302929 0.0045567527413368225 0.004548964556306601 0.0045525250025093555 0.004533390048891306 0.004524731542915106 0.0045471577905118465 0.00454117963090539 0.004535384476184845 0.004528888501226902 0.004515303298830986 0.004502772819250822 0.004501088988035917 0.004488684702664614 0.004492730833590031 0.004489740822464228 0.004470182582736015 0.004469326697289944 0.004458351992070675 0.004470229148864746 0.004468397703021765 0.004450113978236914 0.004459471441805363 0.004445476457476616 0.0044269864447414875 0.004437979310750961 0.004416062496602535 0.0044141304679214954 0.00440747058019042 0.0044229100458323956 0.004414365626871586 0.0044059655629098415 0.004408442415297031 0.0043871342204511166 0.004382722079753876 0.00438804691657424 0.004376756027340889 0.004376433789730072 0.004365991335362196 0.004365670960396528 0.004366771318018436 0.00436523649841547 0.0043564229272305965 0.004348440561443567 0.0043490007519721985 0.004352383315563202 0.0043129222467541695 0.004321934189647436 0.004323291592299938 0.004318843595683575 0.004320134408771992 0.004312853794544935 0.004309180658310652 0.004312923643738031 0.00429514329880476 0.004294327925890684 0.004305993672460318 0.004289005883038044 0.0042824288830161095 0.004275210667401552 0.004288751631975174 0.004287608899176121 0.0042806752026081085 0.004281045403331518 0.004263333044946194 0.004262828733772039 0.004252078011631966 0.004242140334099531 0.004243778996169567 0.004254577681422234 0.004238752648234367 0.004238015040755272 0.00424038153141737 0.004245310556143522 0.0042392536997795105 0.0042184521444141865 0.004220012109726667 0.004218060523271561 0.004214267246425152 0.0042071230709552765 0.004213665146380663 0.004206131212413311 0.00421187886968255 0.004191204905509949 0.004188199061900377 0.004193020053207874 0.004189669620245695 0.004174064379185438 0.004191025625914335 0.0041796560399234295 0.004163801670074463 0.004179520532488823 0.00417643366381526 0.004175322595983744 0.004168578889220953 0.004161955323070288 0.004155774600803852 0.004136271774768829 0.004150396212935448 0.00414068391546607 0.004146376624703407 0.004143459256738424 0.0041266269981861115 0.004128339700400829 0.004131433088332415 0.0041275424882769585 0.00412620697170496 0.004125815816223621 0.004125630017369986 0.004118408542126417 0.004096596967428923 0.004109792411327362 0.004116103984415531 0.004096862394362688 0.004106004256755114 0.004100792109966278 0.004098380450159311 0.004094836302101612 0.004099051468074322 0.004088751506060362 0.004072983283549547 0.0040892139077186584 0.004080819897353649 0.004075593315064907 0.004049412906169891 0.004063905216753483 0.0040850830264389515 0.004060163162648678 0.004063126631081104 0.004056249745190144 0.004060135688632727 0.004064870532602072 0.004058014135807753 0.004052160307765007 0.004055007826536894 0.004046854097396135 0.004045404028147459 0.004051083233207464 0.004047880414873362 0.004034611862152815 0.004033908247947693 0.0040441714227199554 0.0040169996209442616 0.0040184129029512405 0.004024500027298927 0.0040242597460746765 
train_loss2_dep 11.241025924682617 9.204538345336914 8.005005836486816 6.941337585449219 5.946331977844238 5.122226238250732 4.479809761047363 3.979566812515259 3.6142256259918213 3.2902982234954834 3.0437862873077393 2.823439836502075 2.6576356887817383 2.5196216106414795 2.4032301902770996 2.3293230533599854 2.239224433898926 2.146839141845703 2.1147828102111816 2.0576744079589844 2.011404037475586 1.9604408740997314 1.9143729209899902 1.886610507965088 1.8445987701416016 1.7986336946487427 1.7880133390426636 1.7544499635696411 1.715877890586853 1.699352502822876 1.6583821773529053 1.6483384370803833 1.6308085918426514 1.60407555103302 1.6125041246414185 1.537473440170288 1.5417029857635498 1.5342934131622314 1.5216478109359741 1.5139466524124146 1.4918060302734375 1.4611997604370117 1.479689359664917 1.4727308750152588 1.4300631284713745 1.4298217296600342 1.4202901124954224 1.411239504814148 1.4019123315811157 1.3932992219924927 1.3813848495483398 1.3835710287094116 1.3775404691696167 1.3715167045593262 1.3632067441940308 1.3427605628967285 1.3295842409133911 1.3218798637390137 1.3196455240249634 1.3067092895507812 1.3245656490325928 1.3068891763687134 1.290550708770752 1.2991997003555298 1.2863266468048096 1.2750277519226074 1.2781388759613037 1.2849913835525513 1.2690235376358032 1.260225772857666 1.2485145330429077 1.25120210647583 1.2456328868865967 1.2544894218444824 1.2498819828033447 1.2277113199234009 1.2314475774765015 1.224348783493042 1.2123602628707886 1.2238214015960693 1.2234656810760498 1.2095285654067993 1.20896577835083 1.2018741369247437 1.2083518505096436 1.2098667621612549 1.202191710472107 1.1837972402572632 1.1819772720336914 1.1818711757659912 1.17601478099823 1.193063735961914 1.1843985319137573 1.1693363189697266 1.1795940399169922 1.1712876558303833 1.1683411598205566 1.1704201698303223 1.1491432189941406 1.178529143333435 1.1642247438430786 1.1572825908660889 1.1466838121414185 1.147454857826233 1.1530805826187134 1.1403777599334717 1.1420414447784424 1.1468663215637207 1.14519464969635 1.1434426307678223 1.1330914497375488 1.1294262409210205 1.1283432245254517 1.1227645874023438 1.1191812753677368 1.1197664737701416 1.1189255714416504 1.0987259149551392 1.1230207681655884 1.1110620498657227 1.1088297367095947 1.115217924118042 1.1182726621627808 1.0883636474609375 1.1030974388122559 1.086122751235962 1.1027920246124268 1.1067804098129272 1.0941716432571411 1.104079246520996 1.0875389575958252 1.098750352859497 1.0827924013137817 1.0916163921356201 1.0897932052612305 1.1019521951675415 1.0844932794570923 1.08884859085083 1.0675352811813354 1.080007791519165 1.0791901350021362 1.0569300651550293 1.0767056941986084 1.0761921405792236 1.0721648931503296 1.072082757949829 1.0690007209777832 1.0760923624038696 1.0679938793182373 1.0698522329330444 1.05234694480896 1.0493799448013306 1.0656286478042603 1.059613585472107 1.0559279918670654 1.0514363050460815 1.059004783630371 1.0536080598831177 1.0452488660812378 1.0480443239212036 1.0562543869018555 1.0543166399002075 1.0480071306228638 1.0504348278045654 1.0267084836959839 1.0337755680084229 1.0395933389663696 1.033935308456421 1.0270726680755615 1.032734751701355 1.0326974391937256 1.0298347473144531 1.0343362092971802 1.0247211456298828 1.0250118970870972 1.0282026529312134 1.0358203649520874 1.0278947353363037 1.0146875381469727 1.0348420143127441 1.0124551057815552 1.0211130380630493 1.019883155822754 1.0191667079925537 1.0194995403289795 1.0254807472229004 1.0114690065383911 1.020833969116211 1.010745644569397 1.0142996311187744 1.0138970613479614 1.0133150815963745 1.0147898197174072 1.004088282585144 1.009399652481079 1.012900471687317 1.0018513202667236 1.0076251029968262 1.0025608539581299 1.0044981241226196 
train_loss3_thi 12.61540412902832 11.649548530578613 10.85169792175293 10.009060859680176 8.94484806060791 7.818894386291504 6.592015743255615 5.64082670211792 4.941031455993652 4.377862930297852 3.890087842941284 3.606091260910034 3.3681702613830566 3.1681978702545166 2.9633734226226807 2.8807289600372314 2.768893003463745 2.625826358795166 2.5907437801361084 2.4864025115966797 2.433366537094116 2.3545339107513428 2.289973497390747 2.257263422012329 2.210710287094116 2.167107582092285 2.1134231090545654 2.0923898220062256 2.0547521114349365 2.021956205368042 1.9992406368255615 1.963804841041565 1.9349817037582397 1.9127260446548462 1.9020419120788574 1.8611489534378052 1.8412911891937256 1.8375918865203857 1.791377067565918 1.794887900352478 1.750662088394165 1.7570455074310303 1.717224359512329 1.7299081087112427 1.6839619874954224 1.6851824522018433 1.6801356077194214 1.6670194864273071 1.6720607280731201 1.6404889822006226 1.6206122636795044 1.6104427576065063 1.601607084274292 1.628661036491394 1.590689778327942 1.5748945474624634 1.5682110786437988 1.5632599592208862 1.542663812637329 1.5347545146942139 1.5342137813568115 1.511218786239624 1.5175193548202515 1.5185215473175049 1.4757919311523438 1.4776172637939453 1.4764986038208008 1.4708926677703857 1.468022108078003 1.4452199935913086 1.4499680995941162 1.441372275352478 1.4430047273635864 1.4345653057098389 1.4200807809829712 1.4179037809371948 1.4072641134262085 1.4046381711959839 1.3978265523910522 1.410011887550354 1.383296012878418 1.3804171085357666 1.3977819681167603 1.3870296478271484 1.3696000576019287 1.3763809204101562 1.3708759546279907 1.3558502197265625 1.3603187799453735 1.3445625305175781 1.339725375175476 1.3615986108779907 1.3472825288772583 1.3329676389694214 1.3202730417251587 1.3338055610656738 1.3213359117507935 1.3107049465179443 1.3029310703277588 1.3246628046035767 1.3065155744552612 1.30308997631073 1.3006362915039062 1.2962430715560913 1.2929545640945435 1.2812795639038086 1.303063988685608 1.268547534942627 1.287466049194336 1.2803699970245361 1.274488091468811 1.2838466167449951 1.260486125946045 1.2656819820404053 1.2672122716903687 1.2604514360427856 1.2535361051559448 1.2379215955734253 1.2322797775268555 1.2603989839553833 1.2442151308059692 1.2453746795654297 1.2509318590164185 1.2414817810058594 1.2279263734817505 1.2465119361877441 1.2248259782791138 1.2369444370269775 1.2257730960845947 1.2205703258514404 1.2229273319244385 1.220177412033081 1.2266888618469238 1.227814793586731 1.198188304901123 1.1979093551635742 1.2206043004989624 1.2067588567733765 1.2067996263504028 1.1880301237106323 1.2027950286865234 1.1945862770080566 1.2036871910095215 1.1825603246688843 1.19504714012146 1.1856317520141602 1.1736886501312256 1.1985470056533813 1.1880511045455933 1.172957181930542 1.1712555885314941 1.1846179962158203 1.1745165586471558 1.1604259014129639 1.1711686849594116 1.1715595722198486 1.1771998405456543 1.1725411415100098 1.151536464691162 1.1587754487991333 1.1720950603485107 1.1583027839660645 1.1575242280960083 1.170612096786499 1.1418256759643555 1.146822214126587 1.1476727724075317 1.1600857973098755 1.1511839628219604 1.13822340965271 1.1396466493606567 1.1554057598114014 1.1407445669174194 1.1390295028686523 1.1375211477279663 1.1456429958343506 1.1416823863983154 1.1381151676177979 1.1299792528152466 1.1349756717681885 1.1223344802856445 1.1179261207580566 1.1490063667297363 1.1240087747573853 1.1297814846038818 1.1089980602264404 1.1198173761367798 1.1208586692810059 1.1059541702270508 1.105502963066101 1.1123466491699219 1.1291611194610596 1.1125411987304688 1.093854308128357 1.1125863790512085 1.1177935600280762 1.0998767614364624 1.1104748249053955 1.0856467485427856 1.1055885553359985 
validate_loss1 0.3774265646934509 0.31122949719429016 0.2948692739009857 0.2674374282360077 0.2530866861343384 0.243838369846344 0.24479784071445465 0.24075619876384735 0.24659977853298187 0.24762971699237823 0.24585753679275513 0.2438737154006958 0.2422141432762146 0.24258030951023102 0.24302582442760468 0.24333587288856506 0.24098500609397888 0.24371764063835144 0.24398960173130035 0.24174492061138153 0.24185976386070251 0.2407713681459427 0.23969608545303345 0.239935502409935 0.24069851636886597 0.24006161093711853 0.23961526155471802 0.2404809445142746 0.2406361699104309 0.23881210386753082 0.240700364112854 0.23999527096748352 0.23875972628593445 0.23892852663993835 0.23873339593410492 0.23868052661418915 0.2388899177312851 0.2380698323249817 0.2386961579322815 0.23828916251659393 0.23945116996765137 0.23958073556423187 0.23885460197925568 0.2378748208284378 0.2385878711938858 0.2383778989315033 0.23866169154644012 0.23789438605308533 0.23773036897182465 0.23821312189102173 0.2378748506307602 0.23786577582359314 0.2374730408191681 0.2378421127796173 0.2371426373720169 0.23762474954128265 0.23767463862895966 0.23697462677955627 0.23726226389408112 0.2364899218082428 0.23706525564193726 0.2369224727153778 0.23751503229141235 0.23727397620677948 0.2371397763490677 0.23689517378807068 0.23677580058574677 0.23811976611614227 0.23776929080486298 0.23688477277755737 0.23726093769073486 0.2368689328432083 0.23673751950263977 0.23725391924381256 0.23714759945869446 0.23593449592590332 0.23698540031909943 0.2361930012702942 0.23630402982234955 0.23603713512420654 0.23631438612937927 0.23636214435100555 0.2359166145324707 0.23622049391269684 0.2362421751022339 0.23611123859882355 0.23659396171569824 0.23634399473667145 0.23608051240444183 0.2360873967409134 0.23608271777629852 0.23572519421577454 0.23574522137641907 0.23612350225448608 0.23563015460968018 0.23572343587875366 0.23527438938617706 0.2351152002811432 0.23562213778495789 0.23537956178188324 0.23543855547904968 0.23563452064990997 0.2353794276714325 0.2352679967880249 0.23536404967308044 0.23545412719249725 0.23571154475212097 0.23571456968784332 0.23557144403457642 0.2355378270149231 0.2354964315891266 0.2353561371564865 0.235354483127594 0.23548609018325806 0.23498715460300446 0.234924778342247 0.2349904179573059 0.23542939126491547 0.23509494960308075 0.2354714274406433 0.2350343018770218 0.23516131937503815 0.2355133295059204 0.23538383841514587 0.23519988358020782 0.23497024178504944 0.23484213650226593 0.23529277741909027 0.23520784080028534 0.23497743904590607 0.23546963930130005 0.2349768728017807 0.23543508350849152 0.23494933545589447 0.23517344892024994 0.23513996601104736 0.2346937507390976 0.23452572524547577 0.23494891822338104 0.23487740755081177 0.23507000505924225 0.23492424190044403 0.2349901795387268 0.23526479303836823 0.23526282608509064 0.23516640067100525 0.23484548926353455 0.23481838405132294 0.2343362718820572 0.23522448539733887 0.2350335568189621 0.23506467044353485 0.23490062355995178 0.23521700501441956 0.2350231409072876 0.23496749997138977 0.2350860983133316 0.23552840948104858 0.23512285947799683 0.234718918800354 0.23454079031944275 0.2345752716064453 0.23516039550304413 0.23472674190998077 0.2344508171081543 0.2340555191040039 0.2343423068523407 0.23405471444129944 0.234640434384346 0.23446834087371826 0.2347700446844101 0.23474137485027313 0.2342710793018341 0.23452769219875336 0.2345830649137497 0.234044149518013 0.2340548187494278 0.2348383218050003 0.23456037044525146 0.23417750000953674 0.2348412573337555 0.23442406952381134 0.2341076135635376 0.2342924028635025 0.2346130907535553 0.2345016449689865 0.23434196412563324 0.2343446910381317 0.23410364985466003 0.2339213490486145 0.23389117419719696 0.23409827053546906 0.23437362909317017 0.23403339087963104 0.23433952033519745 0.23462939262390137 0.23386336863040924 0.23433063924312592 0.2342885434627533 0.23436106741428375 
validate_loss2 0.32292962074279785 0.2858821749687195 0.27240821719169617 0.2855798602104187 0.2675950825214386 0.2604951858520508 0.2685762047767639 0.2591116726398468 0.26622647047042847 0.2657147943973541 0.2657151222229004 0.2640729546546936 0.2584449350833893 0.2649688720703125 0.26000353693962097 0.2613040804862976 0.26083916425704956 0.2645605802536011 0.26078805327415466 0.260705828666687 0.26094508171081543 0.2622438371181488 0.26179686188697815 0.26117005944252014 0.2615523338317871 0.2580954432487488 0.26195046305656433 0.2598453462123871 0.25993767380714417 0.26090413331985474 0.2622748911380768 0.2617229223251343 0.2618042528629303 0.25950881838798523 0.2610135078430176 0.26023420691490173 0.2612815499305725 0.261675089597702 0.2606568932533264 0.2606099545955658 0.26242730021476746 0.26144272089004517 0.2602939009666443 0.260238915681839 0.2602582573890686 0.2607799768447876 0.2622745633125305 0.2611115276813507 0.2603341341018677 0.2613752782344818 0.2612909972667694 0.2601293623447418 0.26033541560173035 0.26181909441947937 0.2590281069278717 0.26099467277526855 0.2604820728302002 0.26070818305015564 0.2601964771747589 0.26177355647087097 0.25934508442878723 0.2602840065956116 0.25957345962524414 0.2603135406970978 0.2599330544471741 0.26126399636268616 0.2610235810279846 0.25935906171798706 0.2611253559589386 0.25970155000686646 0.26309216022491455 0.26126834750175476 0.2609941065311432 0.26050692796707153 0.26057517528533936 0.26027241349220276 0.26134905219078064 0.2610035538673401 0.26183030009269714 0.2603530287742615 0.2609787583351135 0.2598344087600708 0.2616405785083771 0.26132339239120483 0.26159384846687317 0.26195603609085083 0.26229843497276306 0.26303577423095703 0.26238957047462463 0.2624470889568329 0.26137951016426086 0.2630993127822876 0.2619578242301941 0.2611384987831116 0.26208049058914185 0.2615297734737396 0.26051896810531616 0.2612052261829376 0.26125335693359375 0.26125413179397583 0.2620936930179596 0.26145139336586 0.2620249390602112 0.2624227702617645 0.26197800040245056 0.26184335350990295 0.26214319467544556 0.26084157824516296 0.2623600661754608 0.26092851161956787 0.262593537569046 0.26179516315460205 0.2629411220550537 0.2618781626224518 0.2628510892391205 0.2624376118183136 0.26238176226615906 0.2620656192302704 0.2624305188655853 0.2629363536834717 0.2627243399620056 0.2631779909133911 0.26310065388679504 0.26341378688812256 0.2620522379875183 0.263259619474411 0.26340436935424805 0.26131272315979004 0.2614215612411499 0.2634197175502777 0.26155588030815125 0.26237931847572327 0.2627840042114258 0.26260268688201904 0.26259884238243103 0.2632817327976227 0.2636876404285431 0.2622164785861969 0.26236650347709656 0.26318690180778503 0.2641544044017792 0.2625231444835663 0.26311227679252625 0.263981431722641 0.2639254629611969 0.26328280568122864 0.26382580399513245 0.26347193121910095 0.2634045481681824 0.26313281059265137 0.26304927468299866 0.26389405131340027 0.2636188864707947 0.2638629674911499 0.2629326283931732 0.26428326964378357 0.2637495696544647 0.2632695436477661 0.26387685537338257 0.264570415019989 0.2641732096672058 0.2639116048812866 0.2641565501689911 0.2653510868549347 0.2640542685985565 0.26423379778862 0.26571860909461975 0.2648763060569763 0.26430177688598633 0.2650562822818756 0.26453661918640137 0.26532217860221863 0.264995276927948 0.2646828293800354 0.26574307680130005 0.2655576467514038 0.26575183868408203 0.26574328541755676 0.26518261432647705 0.266372948884964 0.2647061347961426 0.2655488848686218 0.2635691165924072 0.2659507691860199 0.2651866674423218 0.2644895017147064 0.26504722237586975 0.26558196544647217 0.26390519738197327 0.2643797993659973 0.2661037743091583 0.26520106196403503 0.26499906182289124 0.2656543552875519 0.26560690999031067 0.2654113173484802 0.2661338448524475 0.26687750220298767 0.265765905380249 0.26548799872398376 
validate_loss3 0.397876113653183 0.3737192153930664 0.3608354926109314 0.36287301778793335 0.35034629702568054 0.3547021448612213 0.36086443066596985 0.35902923345565796 0.3627411723136902 0.3587433695793152 0.3641596734523773 0.3606674075126648 0.3590899109840393 0.36053353548049927 0.36387038230895996 0.3574776351451874 0.36087048053741455 0.35951822996139526 0.35830092430114746 0.35688164830207825 0.35642874240875244 0.3569961488246918 0.3561505079269409 0.3599032759666443 0.35578474402427673 0.3558223843574524 0.3556373119354248 0.3568713665008545 0.35707148909568787 0.3556913733482361 0.3563886880874634 0.355794221162796 0.35497376322746277 0.3546798527240753 0.3551054298877716 0.3558235764503479 0.354317307472229 0.3526548147201538 0.3533608317375183 0.3536229133605957 0.3542938530445099 0.35393860936164856 0.3544650077819824 0.3528974652290344 0.35337555408477783 0.3549986183643341 0.35354098677635193 0.3526073694229126 0.3534007668495178 0.3535537123680115 0.3539857268333435 0.35356462001800537 0.3537598252296448 0.3551733195781708 0.35468965768814087 0.3538554906845093 0.35417601466178894 0.35297104716300964 0.3551081717014313 0.35446104407310486 0.3547014892101288 0.35361698269844055 0.3528398275375366 0.3535781502723694 0.3530561923980713 0.3522418737411499 0.3541356027126312 0.3547421395778656 0.3546198606491089 0.3537667393684387 0.3540100157260895 0.3546915054321289 0.3553048372268677 0.35454028844833374 0.3539223372936249 0.3532189428806305 0.35494980216026306 0.35465124249458313 0.3550589382648468 0.35395997762680054 0.35309553146362305 0.3532349467277527 0.35216087102890015 0.3539638817310333 0.3534592390060425 0.3537856340408325 0.3549043834209442 0.3557157814502716 0.35573214292526245 0.353719025850296 0.35373303294181824 0.3555604815483093 0.35597124695777893 0.355693519115448 0.3550778329372406 0.3533126413822174 0.35449913144111633 0.35676994919776917 0.3548966348171234 0.35593974590301514 0.3551415205001831 0.35451507568359375 0.3563418984413147 0.3553785979747772 0.3540093004703522 0.35540851950645447 0.3564850687980652 0.3546682596206665 0.3543839156627655 0.3549959659576416 0.35551580786705017 0.35515525937080383 0.35476046800613403 0.35644814372062683 0.35568010807037354 0.3555378019809723 0.35469070076942444 0.35522526502609253 0.35433658957481384 0.35658299922943115 0.3558521270751953 0.35572507977485657 0.3548364043235779 0.3556046187877655 0.35419124364852905 0.3556985557079315 0.35585466027259827 0.3543376624584198 0.3559594750404358 0.3556378185749054 0.3567030131816864 0.3555634617805481 0.3560170829296112 0.3551257848739624 0.3541357219219208 0.35512906312942505 0.3543317914009094 0.3548150062561035 0.3553379476070404 0.3550460636615753 0.3573549687862396 0.35479265451431274 0.3564338684082031 0.35675662755966187 0.3565642833709717 0.3565499782562256 0.35665997862815857 0.35560739040374756 0.3565784990787506 0.3569291830062866 0.3558460772037506 0.35733550786972046 0.3566267192363739 0.3555733859539032 0.35706785321235657 0.356521338224411 0.3562300503253937 0.35612818598747253 0.35614970326423645 0.35703909397125244 0.3565738797187805 0.35577693581581116 0.3578745126724243 0.35677430033683777 0.3566127419471741 0.35729074478149414 0.3593389093875885 0.3594720959663391 0.35816991329193115 0.3580487072467804 0.3586154878139496 0.3584486246109009 0.3576251268386841 0.35842445492744446 0.3594844341278076 0.35922130942344666 0.357927143573761 0.3591771423816681 0.35811641812324524 0.35771942138671875 0.3572693467140198 0.35747045278549194 0.3567342162132263 0.3581136465072632 0.3588685691356659 0.3581911027431488 0.3584468364715576 0.3576851487159729 0.35767316818237305 0.3574484884738922 0.3599763512611389 0.35908809304237366 0.3590768575668335 0.35685014724731445 0.35829123854637146 0.35749489068984985 0.3583781123161316 0.3580325245857239 0.3583155572414398 0.3579418361186981 
validate_loss_all 0.3756837844848633 0.31383317708969116 0.29789721965789795 0.27504804730415344 0.26067137718200684 0.2526947259902954 0.2545175552368164 0.25035199522972107 0.2560594379901886 0.2565733790397644 0.25551629066467285 0.2534388601779938 0.25155454874038696 0.2523851990699768 0.2527410387992859 0.2525464594364166 0.2508070766925812 0.253240168094635 0.25313955545425415 0.2511082589626312 0.2511826157569885 0.25038567185401917 0.24937498569488525 0.24985593557357788 0.25017982721328735 0.24943068623542786 0.24927282333374023 0.24998153746128082 0.25013574957847595 0.24853163957595825 0.2502764165401459 0.2495942860841751 0.2484825700521469 0.24845939874649048 0.24842236936092377 0.24838988482952118 0.24850548803806305 0.24769501388072968 0.24822235107421875 0.24789614975452423 0.249050572514534 0.24906988441944122 0.24842694401741028 0.24746090173721313 0.24810709059238434 0.24809753894805908 0.24830840528011322 0.247507244348526 0.24738655984401703 0.24787326157093048 0.24761754274368286 0.24750247597694397 0.247198686003685 0.2477225959300995 0.2469162493944168 0.2473761886358261 0.24741367995738983 0.24673299491405487 0.24712520837783813 0.24651454389095306 0.2468712478876114 0.24671687185764313 0.2471097707748413 0.24701330065727234 0.24683204293251038 0.2466389387845993 0.24668234586715698 0.24776938557624817 0.2475711554288864 0.24666143953800201 0.24721172451972961 0.24682341516017914 0.2467469722032547 0.24708940088748932 0.24695143103599548 0.24584567546844482 0.24694889783859253 0.24623127281665802 0.24641139805316925 0.246000275015831 0.24620097875595093 0.24618199467658997 0.24582666158676147 0.2462163269519806 0.24620892107486725 0.24614831805229187 0.24667292833328247 0.24657641351222992 0.24631445109844208 0.24615328013896942 0.24608367681503296 0.24604399502277374 0.2460242211818695 0.2462693154811859 0.24585863947868347 0.2457534223794937 0.24541085958480835 0.2455127090215683 0.2457846701145172 0.24566833674907684 0.245702862739563 0.24577513337135315 0.2457507848739624 0.24559950828552246 0.2455364465713501 0.24572303891181946 0.2460511177778244 0.24581775069236755 0.24576762318611145 0.24570149183273315 0.24581500887870789 0.2456156313419342 0.24565266072750092 0.24584080278873444 0.2454148232936859 0.24532395601272583 0.24530377984046936 0.24570047855377197 0.24536511301994324 0.24590633809566498 0.2454613447189331 0.24558641016483307 0.24580346047878265 0.24577903747558594 0.24541771411895752 0.24542787671089172 0.24534212052822113 0.2454623281955719 0.24553534388542175 0.24543887376785278 0.24582846462726593 0.24536649882793427 0.24581781029701233 0.24532000720500946 0.2454250305891037 0.24552416801452637 0.24510495364665985 0.24491125345230103 0.24532285332679749 0.24528925120830536 0.2457101047039032 0.2452654242515564 0.2454981654882431 0.24581249058246613 0.24579086899757385 0.24566766619682312 0.24544034898281097 0.24530522525310516 0.24497687816619873 0.2457396537065506 0.24548067152500153 0.24568746984004974 0.24547098577022552 0.24566376209259033 0.2455688714981079 0.2455604523420334 0.24560199677944183 0.24593669176101685 0.24563422799110413 0.24541309475898743 0.24519777297973633 0.24514220654964447 0.24583101272583008 0.2454466074705124 0.24511761963367462 0.24485361576080322 0.2453659474849701 0.24508146941661835 0.24542677402496338 0.24531908333301544 0.2455892413854599 0.24560058116912842 0.24511249363422394 0.24537768959999084 0.2455829381942749 0.24509431421756744 0.2450042963027954 0.24577169120311737 0.24541054666042328 0.2451295256614685 0.2455446422100067 0.24526347219944 0.2448076754808426 0.24523328244686127 0.24551987648010254 0.24532341957092285 0.24524614214897156 0.24521705508232117 0.2449062019586563 0.24476328492164612 0.24506546556949615 0.24510571360588074 0.2453240007162094 0.2448875606060028 0.24526633322238922 0.24542999267578125 0.24490612745285034 0.2453177571296692 0.24523557722568512 0.24524691700935364 
validate_loss1_vel 0.011322797276079655 0.009336885064840317 0.00884607806801796 0.008023123256862164 0.007592600304633379 0.007315150927752256 0.007343935314565897 0.0072226859629154205 0.007397993467748165 0.0074288914911448956 0.007375726010650396 0.007316211238503456 0.007266424596309662 0.0072774095460772514 0.007290774490684271 0.007300076074898243 0.007229550275951624 0.007311529479920864 0.007319687865674496 0.007252347189933062 0.0072557926177978516 0.0072231413796544075 0.007190882693976164 0.0071980650536715984 0.007220955565571785 0.0072018480859696865 0.0071884579956531525 0.007214428391307592 0.00721908500418067 0.007164363283663988 0.007221010979264975 0.007199857849627733 0.007162792142480612 0.007167855743318796 0.007162001915276051 0.00716041587293148 0.007166697643697262 0.007142094895243645 0.007160884793847799 0.007148674689233303 0.007183535490185022 0.007187421899288893 0.007165637798607349 0.00713624432682991 0.0071576363407075405 0.007151337340474129 0.007159850560128689 0.007136831525713205 0.007131911348551512 0.0071463934145867825 0.007136245723813772 0.007135973311960697 0.007124191615730524 0.007135263178497553 0.007114279083907604 0.007128742523491383 0.00713023915886879 0.007109238766133785 0.007117867935448885 0.0070946975611150265 0.007111957762390375 0.0071076746098697186 0.007125450763851404 0.007118219509720802 0.00711419340223074 0.007106855046004057 0.00710327411070466 0.007143592927604914 0.007133078761398792 0.007106543052941561 0.0071178278885781765 0.007106068078428507 0.0071021257899701595 0.007117617875337601 0.007114428095519543 0.007078034803271294 0.007109561935067177 0.007085789926350117 0.007089120801538229 0.00708111422136426 0.007089431397616863 0.007090864237397909 0.007077498361468315 0.007086614612489939 0.007087265141308308 0.0070833368226885796 0.00709781888872385 0.007090319879353046 0.0070824152790009975 0.007082621566951275 0.0070824818685650826 0.007071755826473236 0.00707235699519515 0.00708370516076684 0.007068905048072338 0.00707170320674777 0.007058231625705957 0.0070534562692046165 0.0070686643011868 0.007061386946588755 0.007063156925141811 0.007069035433232784 0.007061382755637169 0.007058039773255587 0.007060921285301447 0.007063623517751694 0.007071346510201693 0.00707143684849143 0.007067143451422453 0.007066134829074144 0.007064892910420895 0.007060684263706207 0.007060634437948465 0.00706458231434226 0.007049614563584328 0.007047743070870638 0.00704971281811595 0.0070628817193210125 0.00705284858122468 0.007064142730087042 0.007051029242575169 0.007054839748889208 0.007065400015562773 0.007061515003442764 0.00705599645152688 0.00704910745844245 0.007045264355838299 0.007058783434331417 0.007056235335767269 0.007049323059618473 0.0070640891790390015 0.00704930629581213 0.007063052151352167 0.007048480212688446 0.007055203430354595 0.007054198998957872 0.007040812633931637 0.0070357718504965305 0.007048467639833689 0.007046321872621775 0.007052100263535976 0.007047727238386869 0.007049705367535353 0.007057943381369114 0.007057884708046913 0.0070549920201301575 0.007045364938676357 0.007044551428407431 0.007030087988823652 0.007056734524667263 0.007051006890833378 0.0070519400760531425 0.007047018501907587 0.007056510075926781 0.007050694432109594 0.007049025036394596 0.0070525831542909145 0.0070658521726727486 0.007053685840219259 0.007041567470878363 0.007036224007606506 0.007037258241325617 0.007054811809211969 0.007041802164167166 0.007033524569123983 0.007021665573120117 0.007030269131064415 0.007021641358733177 0.007039213087409735 0.0070340498350560665 0.007043101359158754 0.007042241282761097 0.007028132677078247 0.007035830523818731 0.007037492003291845 0.007021324709057808 0.007021644618362188 0.007045149803161621 0.007036811206489801 0.007025325205177069 0.007045237813144922 0.007032722234725952 0.007023228332400322 0.007028772030025721 0.0070383925922214985 0.007035049609839916 0.007030258886516094 0.00703034084290266 0.007023109123110771 0.007017640862613916 0.007016735151410103 0.007022948004305363 0.007031209301203489 0.007021001540124416 0.0070301853120327 0.007038882002234459 0.007015901152044535 0.007029919419437647 0.007028656080365181 0.00703083211556077 
validate_loss2_dep 9.687888145446777 8.576464653015137 8.172246932983398 8.567395210266113 8.027852058410645 7.814856052398682 8.057286262512207 7.773350238800049 7.986793518066406 7.971444129943848 7.971453666687012 7.922188758850098 7.753348350524902 7.949065685272217 7.800106048583984 7.839122772216797 7.825174808502197 7.936817169189453 7.823641300201416 7.821174621582031 7.828352451324463 7.867315292358398 7.853906154632568 7.835102081298828 7.8465704917907715 7.742863655090332 7.858514308929443 7.795360088348389 7.798130035400391 7.827124118804932 7.868246078491211 7.851687431335449 7.854127883911133 7.785264015197754 7.830405235290527 7.807025909423828 7.838446140289307 7.850253105163574 7.819706916809082 7.818298816680908 7.872818470001221 7.8432817459106445 7.808817386627197 7.807168006896973 7.8077473640441895 7.823399066925049 7.868237018585205 7.833345890045166 7.810024261474609 7.841258525848389 7.838730335235596 7.8038811683654785 7.810062408447266 7.854572772979736 7.770843029022217 7.829840660095215 7.814461708068848 7.8212456703186035 7.805894374847412 7.853206634521484 7.7803521156311035 7.8085198402404785 7.787203788757324 7.80940580368042 7.797991752624512 7.83791971206665 7.83070707321167 7.780771732330322 7.833760738372803 7.791046142578125 7.892764568328857 7.838050842285156 7.829823017120361 7.8152079582214355 7.81725549697876 7.808172225952148 7.840471267700195 7.830106735229492 7.854909420013428 7.8105902671813965 7.829362392425537 7.795032501220703 7.849216938018799 7.8397016525268555 7.847815036773682 7.8586812019348145 7.868953227996826 7.891072750091553 7.871686935424805 7.873412609100342 7.841385364532471 7.892979145050049 7.858735084533691 7.8341546058654785 7.862414360046387 7.845893383026123 7.815568923950195 7.836156368255615 7.837601184844971 7.8376240730285645 7.862811088562012 7.843541622161865 7.860748291015625 7.872683048248291 7.859339714050293 7.855300426483154 7.8642964363098145 7.825247287750244 7.87080192565918 7.827855110168457 7.877805709838867 7.853854656219482 7.888233184814453 7.856345176696777 7.885532379150391 7.873128414154053 7.871452331542969 7.861968517303467 7.872915744781494 7.88809061050415 7.881730556488037 7.895339488983154 7.893019676208496 7.902413368225098 7.86156702041626 7.8977885246276855 7.902131080627441 7.839381694793701 7.842646598815918 7.902591228485107 7.846676826477051 7.871379852294922 7.883520126342773 7.878080368041992 7.877964973449707 7.898451805114746 7.9106292724609375 7.866494178771973 7.87099552154541 7.895606994628906 7.924632549285889 7.8756937980651855 7.893368721008301 7.919443130493164 7.917764186859131 7.898484230041504 7.914774417877197 7.904158115386963 7.902136325836182 7.893984317779541 7.891478061676025 7.9168219566345215 7.908566951751709 7.915888786315918 7.887978553771973 7.928497791290283 7.912486553192139 7.898086071014404 7.9163055419921875 7.937112331390381 7.925196170806885 7.9173479080200195 7.924696922302246 7.9605326652526855 7.921627998352051 7.927013874053955 7.9715576171875 7.9462890625 7.92905330657959 7.951688766479492 7.936098575592041 7.959665298461914 7.949857711791992 7.94048547744751 7.972292423248291 7.966729164123535 7.972555637359619 7.9722981452941895 7.955478191375732 7.991188049316406 7.941184043884277 7.966465950012207 7.907073497772217 7.978523254394531 7.955599784851074 7.934685230255127 7.951416969299316 7.967459201812744 7.917156219482422 7.931394100189209 7.9831132888793945 7.9560322761535645 7.949971675872803 7.969630241394043 7.968206882476807 7.962339878082275 7.984015941619873 8.006324768066406 7.9729766845703125 7.964640140533447 
validate_loss3_thi 11.936283111572266 11.211576461791992 10.825064659118652 10.886190414428711 10.510388374328613 10.641063690185547 10.825933456420898 10.77087688446045 10.882235527038574 10.762301445007324 10.924789428710938 10.820021629333496 10.772697448730469 10.81600570678711 10.916111946105957 10.724328994750977 10.826114654541016 10.785547256469727 10.749027252197266 10.706449508666992 10.692862510681152 10.709883689880371 10.684515953063965 10.797098159790039 10.673542022705078 10.674671173095703 10.669119834899902 10.706141471862793 10.712143898010254 10.670741081237793 10.691659927368164 10.673827171325684 10.649212837219238 10.640395164489746 10.653162956237793 10.674707412719727 10.629518508911133 10.579644203186035 10.600825309753418 10.608687400817871 10.628815650939941 10.618158340454102 10.633950233459473 10.586923599243164 10.601265907287598 10.649958610534668 10.606229782104492 10.578221321105957 10.602023124694824 10.606611251831055 10.619571685791016 10.606938362121582 10.612794876098633 10.655200004577637 10.640689849853516 10.6156644821167 10.625280380249023 10.589131355285645 10.653244972229004 10.633831024169922 10.641044616699219 10.60851001739502 10.58519458770752 10.607344627380371 10.59168529510498 10.567256927490234 10.624067306518555 10.642264366149902 10.638596534729004 10.61300277709961 10.62030029296875 10.640745162963867 10.65914535522461 10.636208534240723 10.617670059204102 10.59656810760498 10.648493766784668 10.63953685760498 10.651768684387207 10.618799209594727 10.592865943908691 10.59704875946045 10.564826011657715 10.618916511535645 10.603776931762695 10.613569259643555 10.64713191986084 10.671473503112793 10.671964645385742 10.611571311950684 10.611990928649902 10.666814804077148 10.679137229919434 10.670804977416992 10.652335166931152 10.59937858581543 10.634973526000977 10.70309829711914 10.646899223327637 10.678192138671875 10.654245376586914 10.635452270507812 10.69025707244873 10.661357879638672 10.620279312133789 10.662256240844727 10.694551467895508 10.640048027038574 10.63151741027832 10.649879455566406 10.665473937988281 10.654657363891602 10.642814636230469 10.69344425201416 10.670403480529785 10.666133880615234 10.640721321105957 10.656757354736328 10.630097389221191 10.697490692138672 10.67556381225586 10.671751976013184 10.645092010498047 10.66813850402832 10.625737190246582 10.6709566116333 10.675640106201172 10.63012981414795 10.678784370422363 10.669134140014648 10.701090812683105 10.666903495788574 10.680512428283691 10.653773307800293 10.62407112121582 10.6538724899292 10.629953384399414 10.644450187683105 10.660138130187988 10.651381492614746 10.720648765563965 10.643779754638672 10.693016052246094 10.702698707580566 10.696928977966309 10.696499824523926 10.699799537658691 10.668221473693848 10.697355270385742 10.70787525177002 10.675382614135742 10.720065116882324 10.69880199432373 10.66720199584961 10.7120361328125 10.695639610290527 10.686901092529297 10.683845520019531 10.684491157531738 10.711173057556152 10.697216987609863 10.673307418823242 10.736235618591309 10.703228950500488 10.698382377624512 10.718722343444824 10.780167579650879 10.784162521362305 10.745097160339355 10.741460800170898 10.758464813232422 10.753458023071289 10.728754043579102 10.75273323059082 10.784533500671387 10.776639938354492 10.737814903259277 10.775314331054688 10.743492126464844 10.731582641601562 10.718080520629883 10.724113464355469 10.7020263671875 10.743409156799316 10.766057014465332 10.745732307434082 10.753405570983887 10.730554580688477 10.730195045471191 10.723454475402832 10.799290657043457 10.772642135620117 10.772305488586426 10.705504417419434 10.748737335205078 10.724846839904785 10.751343727111816 10.740975379943848 10.749466896057129 10.738255500793457 
