step 0 1 2 3 4 5 6 7 8 9 10 11 12 13 14 15 16 17 18 19 20 21 22 23 24 25 26 27 28 29 30 31 32 33 34 35 36 37 38 39 40 41 42 43 44 45 46 47 48 49 50 51 52 53 54 55 56 57 58 59 60 61 62 63 64 65 66 67 68 69 70 71 72 73 74 75 76 77 78 79 80 81 82 83 84 85 86 87 88 89 90 91 92 93 94 95 96 97 98 99 100 101 102 103 104 105 106 107 108 109 110 111 112 113 114 115 116 117 118 119 120 121 122 123 124 125 126 127 128 129 130 131 132 133 134 135 136 137 138 139 140 141 142 143 144 145 146 147 148 149 150 151 152 153 154 155 156 157 158 159 160 161 162 163 164 165 166 167 168 169 170 171 172 173 174 175 176 177 178 179 180 181 182 183 184 185 186 187 188 189 190 191 192 193 194 195 196 197 198 199 
train_loss1 0.5648947358131409 0.49925822019577026 0.4637419283390045 0.431872695684433 0.3994715213775635 0.372452050447464 0.35029762983322144 0.330656498670578 0.31112897396087646 0.2983757555484772 0.2862878441810608 0.27798938751220703 0.2693418264389038 0.2615789771080017 0.25092583894729614 0.2426803559064865 0.23484112322330475 0.23032082617282867 0.22575674951076508 0.22209733724594116 0.2182321846485138 0.21706438064575195 0.21510446071624756 0.21287988126277924 0.21211804449558258 0.20880720019340515 0.206075981259346 0.20148791372776031 0.19480784237384796 0.1884390264749527 0.1831432580947876 0.18023063242435455 0.17679552733898163 0.1770312339067459 0.17386223375797272 0.17310252785682678 0.1717366725206375 0.17045624554157257 0.16916325688362122 0.16794389486312866 0.16912883520126343 0.1676139086484909 0.1668882817029953 0.1662510186433792 0.16537004709243774 0.165137380361557 0.16529050469398499 0.16425234079360962 0.16261248290538788 0.16204456984996796 0.16413700580596924 0.16327379643917084 0.1611894965171814 0.162112757563591 0.16182532906532288 0.16142484545707703 0.16117261350154877 0.16021044552326202 0.16036303341388702 0.16074985265731812 0.16017384827136993 0.15981732308864594 0.15961165726184845 0.15935920178890228 0.15935416519641876 0.15940622985363007 0.1591213345527649 0.15744280815124512 0.15893156826496124 0.15812872350215912 0.15728920698165894 0.1569552719593048 0.15715175867080688 0.15826347470283508 0.15758837759494781 0.1562909036874771 0.15775802731513977 0.15705759823322296 0.15630926191806793 0.15664291381835938 0.15695665776729584 0.15497449040412903 0.15583917498588562 0.15610869228839874 0.15666335821151733 0.15650053322315216 0.15666435658931732 0.15494318306446075 0.15591812133789062 0.15521906316280365 0.15581610798835754 0.15546947717666626 0.1548713892698288 0.15433081984519958 0.15481488406658173 0.1545150727033615 0.15380991995334625 0.15421803295612335 0.1539141684770584 0.15543995797634125 0.1541905552148819 0.1535513997077942 0.15414169430732727 0.15451200306415558 0.1547851264476776 0.1535111516714096 0.15281054377555847 0.1530810296535492 0.15406619012355804 0.1529911905527115 0.15281744301319122 0.1533774882555008 0.15370647609233856 0.1527896672487259 0.15225473046302795 0.1524340659379959 0.15225893259048462 0.15217192471027374 0.15305380523204803 0.15315593779087067 0.1521090567111969 0.15234172344207764 0.15197961032390594 0.15235069394111633 0.15236128866672516 0.15179432928562164 0.15107430517673492 0.15079018473625183 0.15200553834438324 0.1516961306333542 0.15116919577121735 0.15123045444488525 0.15121504664421082 0.15168818831443787 0.15304690599441528 0.1506035327911377 0.1494908183813095 0.1499636173248291 0.15063175559043884 0.15002642571926117 0.15112872421741486 0.15092062950134277 0.15116794407367706 0.15018774569034576 0.14939340949058533 0.151241272687912 0.15060707926750183 0.15008892118930817 0.1504376381635666 0.15130087733268738 0.15040893852710724 0.14983317255973816 0.14948008954524994 0.1494074910879135 0.14921753108501434 0.1495797038078308 0.15099066495895386 0.15024860203266144 0.15017901360988617 0.15019011497497559 0.14977793395519257 0.15095381438732147 0.14963415265083313 0.14935217797756195 0.14914348721504211 0.14940552413463593 0.14838021993637085 0.15029053390026093 0.1490454077720642 0.14897982776165009 0.1485748440027237 0.1482936143875122 0.1482725292444229 0.14813973009586334 0.1486578732728958 0.14880631864070892 0.1485394686460495 0.1494624763727188 0.14889615774154663 0.1485774666070938 0.14741556346416473 0.14875832200050354 0.14853310585021973 0.14886784553527832 0.1478290855884552 0.14830231666564941 0.1480742245912552 0.1479102373123169 0.1482997089624405 0.14876413345336914 0.1478854864835739 0.14784424006938934 0.14840726554393768 0.14735186100006104 0.14878982305526733 0.1471988707780838 0.14734359085559845 0.14823034405708313 0.14784111082553864 0.14796356856822968 
train_loss2 0.4903292655944824 0.3655714690685272 0.33142682909965515 0.302114337682724 0.2631813585758209 0.21598204970359802 0.18509706854820251 0.169605553150177 0.1543467491865158 0.14247538149356842 0.1306299865245819 0.1195889338850975 0.10851861536502838 0.10503911226987839 0.09810297936201096 0.09348621964454651 0.08634404093027115 0.0826030820608139 0.08032998442649841 0.07807003706693649 0.07381604611873627 0.06917420029640198 0.06991557031869888 0.06667310744524002 0.06763506680727005 0.06463538855314255 0.06517861783504486 0.06387355923652649 0.06332068890333176 0.0639173611998558 0.061904918402433395 0.06103668361902237 0.06101139262318611 0.058221109211444855 0.057919882237911224 0.059197984635829926 0.05622166767716408 0.05497016757726669 0.05400016903877258 0.05512038990855217 0.054206449538469315 0.05320937559008598 0.053456149995326996 0.0514945350587368 0.05134282261133194 0.04987850412726402 0.05112627148628235 0.0502573698759079 0.049657292664051056 0.04883991554379463 0.04818594083189964 0.04659149795770645 0.047644298523664474 0.048085495829582214 0.047560252249240875 0.04737655445933342 0.04703211411833763 0.04690122604370117 0.04589478671550751 0.04508356377482414 0.046452220529317856 0.04579003155231476 0.04644215479493141 0.044710755348205566 0.045019667595624924 0.044418253004550934 0.043738387525081635 0.0441272146999836 0.04346267506480217 0.043865758925676346 0.04385678842663765 0.043820928782224655 0.04273407161235809 0.04225042089819908 0.04326140880584717 0.042187463492155075 0.04216459020972252 0.04346463084220886 0.04238603636622429 0.04211195185780525 0.04256198927760124 0.043225694447755814 0.04102039337158203 0.041342753916978836 0.04102166369557381 0.04262814298272133 0.04097232222557068 0.041163258254528046 0.041517674922943115 0.040524791926145554 0.040234968066215515 0.04021154344081879 0.04017963632941246 0.040053173899650574 0.039965804666280746 0.03983107581734657 0.04033719003200531 0.038995083421468735 0.040777359157800674 0.039570387452840805 0.03965039551258087 0.03998284414410591 0.03882914036512375 0.039052564650774 0.039965663105249405 0.0396495945751667 0.03903811424970627 0.039103914052248 0.03914361819624901 0.03888779506087303 0.039175353944301605 0.039553336799144745 0.038322046399116516 0.03774508461356163 0.03867744654417038 0.03823360055685043 0.037942565977573395 0.03834851086139679 0.03824365884065628 0.03817380592226982 0.0379473976790905 0.03826270252466202 0.03645705431699753 0.03749990463256836 0.03773307800292969 0.037388481199741364 0.03754860907793045 0.0370170958340168 0.03807726129889488 0.0366634763777256 0.037031374871730804 0.03753427043557167 0.03769170492887497 0.03680833801627159 0.037099357694387436 0.03713899105787277 0.03704823926091194 0.036976031959056854 0.0374942421913147 0.035786423832178116 0.03663993254303932 0.036672089248895645 0.036620013415813446 0.03660561144351959 0.03589021414518356 0.03624726086854935 0.03578874468803406 0.035483334213495255 0.0372319258749485 0.036266595125198364 0.03584817796945572 0.035824403166770935 0.035935159772634506 0.03581526130437851 0.03633055090904236 0.034999217838048935 0.03608645126223564 0.03590172901749611 0.03548876941204071 0.03591471165418625 0.03503403067588806 0.035860203206539154 0.037285879254341125 0.034776944667100906 0.035091448575258255 0.0354730598628521 0.03639741241931915 0.0355161614716053 0.035525280982255936 0.03523734211921692 0.03440113365650177 0.0353287048637867 0.03511231392621994 0.03476238623261452 0.03483032435178757 0.03418527916073799 0.03516910597681999 0.03515588119626045 0.03516754135489464 0.03439892828464508 0.03456505760550499 0.03456535190343857 0.03476766496896744 0.0341937355697155 0.03427905589342117 0.034680116921663284 0.03409339487552643 0.03419404849410057 0.03480580821633339 0.03429518640041351 0.03370603919029236 0.034396715462207794 0.03469717502593994 0.034034959971904755 0.034078314900398254 0.03399490565061569 0.034576110541820526 0.03421672061085701 0.03416759520769119 0.03416157886385918 
train_loss3 0.4510282278060913 0.4174322485923767 0.3988135755062103 0.37589946389198303 0.3466905355453491 0.30952638387680054 0.274991512298584 0.2360130101442337 0.2022135853767395 0.18613827228546143 0.16794423758983612 0.154410719871521 0.13998329639434814 0.13131579756736755 0.12089543044567108 0.11157817393541336 0.10334298759698868 0.09901559352874756 0.09075736999511719 0.09106163680553436 0.08818376809358597 0.0824393555521965 0.0800480991601944 0.07843875139951706 0.0792689174413681 0.07661885023117065 0.07332156598567963 0.07302208244800568 0.07173865288496017 0.07373109459877014 0.07202673703432083 0.0699804499745369 0.0689520463347435 0.06761929392814636 0.06538482755422592 0.0669611394405365 0.06477629393339157 0.06275126338005066 0.06235700100660324 0.05988456681370735 0.06137096881866455 0.06044328957796097 0.060107190161943436 0.05845583975315094 0.05804750695824623 0.05705345422029495 0.056657399982213974 0.055570852011442184 0.055601123720407486 0.05557071045041084 0.0546768493950367 0.053886160254478455 0.05422915890812874 0.05253198742866516 0.05228549614548683 0.05248608812689781 0.052734311670064926 0.05176696553826332 0.05028614029288292 0.051262374967336655 0.05007757619023323 0.05044570937752724 0.05070668086409569 0.0491693876683712 0.0519581101834774 0.04909606650471687 0.048072561621665955 0.04972958192229271 0.0475015714764595 0.0496225543320179 0.04782797396183014 0.04905833303928375 0.046978965401649475 0.04819190874695778 0.04673976078629494 0.04520643129944801 0.046801235526800156 0.045541636645793915 0.045728884637355804 0.04681519418954849 0.04585697874426842 0.04597121477127075 0.04570992663502693 0.04556241258978844 0.04553850367665291 0.045403964817523956 0.044686414301395416 0.0451015867292881 0.044949308037757874 0.044024109840393066 0.04399087652564049 0.04479218274354935 0.04428683966398239 0.045036397874355316 0.04303089901804924 0.044513098895549774 0.04506532847881317 0.042321912944316864 0.04360167682170868 0.04256908968091011 0.04302598536014557 0.04239226505160332 0.04214054346084595 0.04277941584587097 0.04176193103194237 0.04181240499019623 0.043516773730516434 0.04119366779923439 0.04246482625603676 0.043099261820316315 0.04173512011766434 0.04161567613482475 0.04160814732313156 0.04078235849738121 0.0403769314289093 0.04155100882053375 0.04119487106800079 0.041132356971502304 0.04136805608868599 0.04009213671088219 0.0404885970056057 0.040889035910367966 0.039799436926841736 0.03962923213839531 0.040099482983350754 0.04045547917485237 0.040482550859451294 0.041364435106515884 0.03939850628376007 0.039649493992328644 0.03985026106238365 0.03975005820393562 0.04032854735851288 0.040291182696819305 0.03945901244878769 0.03917594254016876 0.03997642174363136 0.04041629284620285 0.03944995254278183 0.03949110209941864 0.03831501677632332 0.0392044335603714 0.0389682836830616 0.03990137577056885 0.038617927581071854 0.0397791750729084 0.03819456696510315 0.03851604461669922 0.03882892057299614 0.037285711616277695 0.03748735785484314 0.03782293573021889 0.0381893515586853 0.0382249653339386 0.038072340190410614 0.039126694202423096 0.038343701511621475 0.03827933222055435 0.03755808621644974 0.03884606063365936 0.0382586307823658 0.038725998252630234 0.03778967261314392 0.03691420704126358 0.037631239742040634 0.03804755583405495 0.0376398079097271 0.036975063383579254 0.03811011463403702 0.03841734677553177 0.03702130541205406 0.03777645528316498 0.03776206076145172 0.0378427654504776 0.03645685315132141 0.0366794690489769 0.03644305840134621 0.03671824932098389 0.0375160314142704 0.0377737358212471 0.03829919174313545 0.036478329449892044 0.03748420625925064 0.03648288547992706 0.03656021133065224 0.03673718497157097 0.03685605153441429 0.03654027357697487 0.03620851784944534 0.03658108785748482 0.036381110548973083 0.03633716329932213 0.036906030029058456 0.03723018988966942 0.03578596189618111 0.03663383796811104 0.0370725616812706 0.036104436963796616 0.03663770854473114 0.035993240773677826 
train_loss_all 0.554682731628418 0.4878990948200226 0.4534018337726593 0.422199010848999 0.38980546593666077 0.3616354167461395 0.33872663974761963 0.31849589943885803 0.298696368932724 0.2859831154346466 0.2738269567489624 0.2653871476650238 0.25662365555763245 0.24907244741916656 0.23870934545993805 0.23067620396614075 0.22299964725971222 0.21859748661518097 0.21408922970294952 0.21064263582229614 0.20688223838806152 0.20556028187274933 0.20369307696819305 0.20151858031749725 0.2008465975522995 0.19764120876789093 0.19503150880336761 0.19072195887565613 0.18445585668087006 0.17858277261257172 0.17356839776039124 0.17078864574432373 0.1675650179386139 0.16769421100616455 0.1646834760904312 0.16404007375240326 0.16265428066253662 0.1613890826702118 0.16015571355819702 0.15898606181144714 0.16010531783103943 0.15865258872509003 0.1579735428094864 0.15730446577072144 0.15647107362747192 0.15620465576648712 0.15636274218559265 0.15535469353199005 0.1538141816854477 0.15326832234859467 0.15518978238105774 0.15433908998966217 0.1524200141429901 0.15325488150119781 0.15297198295593262 0.15259885787963867 0.15236219763755798 0.15144215524196625 0.15153713524341583 0.15190322697162628 0.15136641263961792 0.1510288417339325 0.15085369348526 0.15055719017982483 0.1506129801273346 0.15059462189674377 0.1502973437309265 0.14876823127269745 0.15010467171669006 0.14940214157104492 0.14858338236808777 0.14829447865486145 0.14841978251934052 0.14947308599948883 0.14883223176002502 0.14757372438907623 0.14897337555885315 0.14831791818141937 0.14760369062423706 0.14793084561824799 0.1482139229774475 0.14637546241283417 0.14714135229587555 0.14739581942558289 0.14790847897529602 0.1477806270122528 0.14789332449436188 0.14629530906677246 0.1472095400094986 0.1465233862400055 0.14707618951797485 0.1467660665512085 0.14619746804237366 0.14570368826389313 0.1461191326379776 0.14586284756660461 0.145222008228302 0.1455334573984146 0.14530038833618164 0.1466892808675766 0.1455303281545639 0.14492720365524292 0.14545637369155884 0.14581707119941711 0.14606966078281403 0.14487427473068237 0.14423909783363342 0.14445292949676514 0.14539627730846405 0.14439821243286133 0.14421676099300385 0.14474442601203918 0.14503245055675507 0.14415229856967926 0.14365988969802856 0.14384028315544128 0.14366595447063446 0.14358986914157867 0.14441685378551483 0.14449012279510498 0.14351405203342438 0.14374323189258575 0.14335890114307404 0.14371903240680695 0.1437402069568634 0.1432105302810669 0.1425400674343109 0.14228108525276184 0.1434013992547989 0.14309437572956085 0.14261038601398468 0.14267376065254211 0.14267133176326752 0.14309968054294586 0.14436140656471252 0.1420719474554062 0.14104300737380981 0.14149141311645508 0.1421082764863968 0.1415168046951294 0.1425418108701706 0.14236187934875488 0.14258863031864166 0.14168678224086761 0.1409120112657547 0.14266477525234222 0.14203914999961853 0.14155498147010803 0.14191259443759918 0.14268121123313904 0.14184355735778809 0.14130976796150208 0.14098688960075378 0.14091774821281433 0.1407453715801239 0.14108136296272278 0.14240480959415436 0.14170679450035095 0.14162421226501465 0.14166134595870972 0.14125332236289978 0.14237305521965027 0.14114530384540558 0.1408301442861557 0.14065062999725342 0.14090800285339355 0.1399562656879425 0.14171993732452393 0.14057286083698273 0.14051216840744019 0.14009897410869598 0.13986128568649292 0.13983814418315887 0.13971003890037537 0.14017419517040253 0.14030718803405762 0.1400681585073471 0.14093586802482605 0.14041852951049805 0.1401132047176361 0.13903698325157166 0.14026466012001038 0.14007247984409332 0.14036187529563904 0.13939222693443298 0.13984359800815582 0.1396235078573227 0.13946662843227386 0.13983489573001862 0.14026778936386108 0.13943402469158173 0.13940466940402985 0.1399446725845337 0.1389525979757309 0.14027664065361023 0.1387995332479477 0.13895024359226227 0.1397598385810852 0.1394030749797821 0.1395076960325241 
train_loss_back 0.554682731628418 0.4878990948200226 0.4534018337726593 0.422199010848999 0.38980546593666077 0.3616354167461395 0.33872663974761963 0.31849589943885803 0.298696368932724 0.2859831154346466 0.2738269567489624 0.2653871476650238 0.25662365555763245 0.24907244741916656 0.23870934545993805 0.23067620396614075 0.22299964725971222 0.21859748661518097 0.21408922970294952 0.21064263582229614 0.20688223838806152 0.20556028187274933 0.20369307696819305 0.20151858031749725 0.2008465975522995 0.19764120876789093 0.19503150880336761 0.19072195887565613 0.18445585668087006 0.17858277261257172 0.17356839776039124 0.17078864574432373 0.1675650179386139 0.16769421100616455 0.1646834760904312 0.16404007375240326 0.16265428066253662 0.1613890826702118 0.16015571355819702 0.15898606181144714 0.16010531783103943 0.15865258872509003 0.1579735428094864 0.15730446577072144 0.15647107362747192 0.15620465576648712 0.15636274218559265 0.15535469353199005 0.1538141816854477 0.15326832234859467 0.15518978238105774 0.15433908998966217 0.1524200141429901 0.15325488150119781 0.15297198295593262 0.15259885787963867 0.15236219763755798 0.15144215524196625 0.15153713524341583 0.15190322697162628 0.15136641263961792 0.1510288417339325 0.15085369348526 0.15055719017982483 0.1506129801273346 0.15059462189674377 0.1502973437309265 0.14876823127269745 0.15010467171669006 0.14940214157104492 0.14858338236808777 0.14829447865486145 0.14841978251934052 0.14947308599948883 0.14883223176002502 0.14757372438907623 0.14897337555885315 0.14831791818141937 0.14760369062423706 0.14793084561824799 0.1482139229774475 0.14637546241283417 0.14714135229587555 0.14739581942558289 0.14790847897529602 0.1477806270122528 0.14789332449436188 0.14629530906677246 0.1472095400094986 0.1465233862400055 0.14707618951797485 0.1467660665512085 0.14619746804237366 0.14570368826389313 0.1461191326379776 0.14586284756660461 0.145222008228302 0.1455334573984146 0.14530038833618164 0.1466892808675766 0.1455303281545639 0.14492720365524292 0.14545637369155884 0.14581707119941711 0.14606966078281403 0.14487427473068237 0.14423909783363342 0.14445292949676514 0.14539627730846405 0.14439821243286133 0.14421676099300385 0.14474442601203918 0.14503245055675507 0.14415229856967926 0.14365988969802856 0.14384028315544128 0.14366595447063446 0.14358986914157867 0.14441685378551483 0.14449012279510498 0.14351405203342438 0.14374323189258575 0.14335890114307404 0.14371903240680695 0.1437402069568634 0.1432105302810669 0.1425400674343109 0.14228108525276184 0.1434013992547989 0.14309437572956085 0.14261038601398468 0.14267376065254211 0.14267133176326752 0.14309968054294586 0.14436140656471252 0.1420719474554062 0.14104300737380981 0.14149141311645508 0.1421082764863968 0.1415168046951294 0.1425418108701706 0.14236187934875488 0.14258863031864166 0.14168678224086761 0.1409120112657547 0.14266477525234222 0.14203914999961853 0.14155498147010803 0.14191259443759918 0.14268121123313904 0.14184355735778809 0.14130976796150208 0.14098688960075378 0.14091774821281433 0.1407453715801239 0.14108136296272278 0.14240480959415436 0.14170679450035095 0.14162421226501465 0.14166134595870972 0.14125332236289978 0.14237305521965027 0.14114530384540558 0.1408301442861557 0.14065062999725342 0.14090800285339355 0.1399562656879425 0.14171993732452393 0.14057286083698273 0.14051216840744019 0.14009897410869598 0.13986128568649292 0.13983814418315887 0.13971003890037537 0.14017419517040253 0.14030718803405762 0.1400681585073471 0.14093586802482605 0.14041852951049805 0.1401132047176361 0.13903698325157166 0.14026466012001038 0.14007247984409332 0.14036187529563904 0.13939222693443298 0.13984359800815582 0.1396235078573227 0.13946662843227386 0.13983489573001862 0.14026778936386108 0.13943402469158173 0.13940466940402985 0.1399446725845337 0.1389525979757309 0.14027664065361023 0.1387995332479477 0.13895024359226227 0.1397598385810852 0.1394030749797821 0.1395076960325241 
train_loss1_vel 0.016946842893958092 0.014977746643126011 0.013912257738411427 0.012956181541085243 0.011984145268797874 0.01117356214672327 0.010508928447961807 0.009919694624841213 0.009333869442343712 0.008951271884143353 0.008588635362684727 0.008339681662619114 0.00808025524020195 0.007847368717193604 0.007527775131165981 0.00728041073307395 0.0070452336221933365 0.006909625139087439 0.006772702559828758 0.006662920117378235 0.006546965800225735 0.00651193130761385 0.006453133653849363 0.00638639647513628 0.006363541353493929 0.006264215800911188 0.00618227943778038 0.0060446374118328094 0.005844235420227051 0.005653170868754387 0.005494297482073307 0.005406918935477734 0.005303865764290094 0.00531093729659915 0.005215866956859827 0.005193076096475124 0.0051520997658371925 0.005113687366247177 0.0050748977810144424 0.005038316827267408 0.005073864944279194 0.005028417333960533 0.005006648600101471 0.004987530410289764 0.004961101338267326 0.004954121541231871 0.0049587152898311615 0.004927570000290871 0.004878374747931957 0.004861337132751942 0.004924110136926174 0.004898213781416416 0.00483568524941802 0.004863382782787085 0.00485475966706872 0.004842745140194893 0.004835178609937429 0.004806313663721085 0.00481089111417532 0.0048224953934550285 0.004805215168744326 0.004794519394636154 0.004788349382579327 0.0047807758674025536 0.004780624993145466 0.004782186821103096 0.00477364007383585 0.0047232843935489655 0.004767946898937225 0.004743861500173807 0.004718676209449768 0.004708657972514629 0.004714552778750658 0.004747903905808926 0.004727651365101337 0.004688727203756571 0.004732741042971611 0.004711727611720562 0.004689278081059456 0.004699287470430136 0.004708699882030487 0.004649234935641289 0.004675175528973341 0.004683260805904865 0.00469990074634552 0.004695015959441662 0.004699930548667908 0.004648295231163502 0.004677543882280588 0.0046565718948841095 0.004674483090639114 0.004664084408432245 0.0046461415477097034 0.004629924893379211 0.004644446540623903 0.004635452292859554 0.004614297766238451 0.004626540932804346 0.00461742514744401 0.004663198720663786 0.004625716712325811 0.004606541711837053 0.004624250810593367 0.004635360091924667 0.004643553867936134 0.004605334717780352 0.004584316164255142 0.004592430777847767 0.004621985834091902 0.004589735995978117 0.004584522917866707 0.004601324442774057 0.004611194133758545 0.004583689849823713 0.004567641764879227 0.00457302201539278 0.004567767959088087 0.004565157927572727 0.004591614007949829 0.004594678059220314 0.0045632715336978436 0.0045702517963945866 0.004559388384222984 0.004570520482957363 0.004570838529616594 0.004553829785436392 0.004532229155302048 0.0045237052254378796 0.004560166038572788 0.004550884012132883 0.00453507574275136 0.004536913707852364 0.004536451306194067 0.0045506455935537815 0.0045914072543382645 0.004518106114119291 0.004484724719077349 0.004498908296227455 0.004518952686339617 0.0045007928274571896 0.004533861763775349 0.004527618642896414 0.004535038489848375 0.004505632445216179 0.004481802228838205 0.004537238273769617 0.0045182122848927975 0.0045026675797998905 0.004513129126280546 0.004539026413112879 0.004512268118560314 0.004494995344430208 0.004484402481466532 0.0044822245836257935 0.004476525820791721 0.004487391095608473 0.004529720172286034 0.004507457837462425 0.004505370277911425 0.00450570322573185 0.00449333805590868 0.004528614226728678 0.004489024169743061 0.004480565432459116 0.004474304616451263 0.004482165444642305 0.00445140665397048 0.004508716054260731 0.004471362102776766 0.004469394683837891 0.004457245115190744 0.004448808263987303 0.004448175895959139 0.004444192163646221 0.0044597359374165535 0.004464189521968365 0.00445618387311697 0.0044838739559054375 0.004466884769499302 0.004457324277609587 0.004422467201948166 0.004462749697268009 0.004455992951989174 0.004466035403311253 0.004434872418642044 0.004449069499969482 0.004442226607352495 0.004437306895852089 0.004448991268873215 0.00446292432025075 0.00443656463176012 0.004435326904058456 0.004452218301594257 0.004420555662363768 0.004463694524019957 0.0044159661047160625 0.00442030793055892 0.0044469102285802364 0.0044352333061397076 0.004438906908035278 
train_loss2_dep 14.709877967834473 10.967144012451172 9.942804336547852 9.063429832458496 7.895441055297852 6.479461669921875 5.552911758422852 5.0881667137146 4.630402565002441 4.274261474609375 3.9188995361328125 3.5876681804656982 3.255558490753174 3.1511733531951904 2.943089246749878 2.80458664894104 2.5903213024139404 2.4780924320220947 2.4098994731903076 2.3421010971069336 2.2144815921783447 2.075226068496704 2.0974671840667725 2.0001931190490723 2.0290520191192627 1.9390617609024048 1.9553585052490234 1.91620671749115 1.899620771408081 1.9175207614898682 1.8571475744247437 1.8311004638671875 1.8303416967391968 1.7466332912445068 1.7375965118408203 1.7759395837783813 1.686650037765503 1.6491049528121948 1.6200050115585327 1.653611660003662 1.6261935234069824 1.5962812900543213 1.6036845445632935 1.5448360443115234 1.5402846336364746 1.4963550567626953 1.5337882041931152 1.507721185684204 1.4897187948226929 1.4651974439620972 1.4455782175064087 1.3977450132369995 1.4293289184570312 1.442564845085144 1.4268075227737427 1.4212967157363892 1.4109634160995483 1.4070367813110352 1.3768436908721924 1.3525068759918213 1.393566608428955 1.3737008571624756 1.393264651298523 1.341322660446167 1.3505899906158447 1.3325475454330444 1.312151551246643 1.3238164186477661 1.303880214691162 1.3159728050231934 1.3157036304473877 1.3146278858184814 1.2820221185684204 1.2675126791000366 1.297842264175415 1.2656238079071045 1.2649377584457397 1.303938865661621 1.2715811729431152 1.2633585929870605 1.2768596410751343 1.2967708110809326 1.230611801147461 1.240282654762268 1.2306498289108276 1.2788443565368652 1.2291696071624756 1.2348977327346802 1.2455302476882935 1.2157437801361084 1.2070491313934326 1.2063463926315308 1.2053890228271484 1.2015951871871948 1.1989741325378418 1.1949323415756226 1.210115671157837 1.1698524951934814 1.223320722579956 1.1871116161346436 1.189511775970459 1.199485421180725 1.1648741960525513 1.171576976776123 1.1989699602127075 1.1894878149032593 1.1711435317993164 1.1731173992156982 1.1743085384368896 1.1666338443756104 1.1752606630325317 1.1866000890731812 1.1496613025665283 1.132352590560913 1.1603233814239502 1.147007942199707 1.1382770538330078 1.150455355644226 1.1473097801208496 1.1452142000198364 1.138421893119812 1.147881031036377 1.0937116146087646 1.1249971389770508 1.1319923400878906 1.1216543912887573 1.1264582872390747 1.1105128526687622 1.1423178911209106 1.0999042987823486 1.1109412908554077 1.1260281801223755 1.130751132965088 1.1042500734329224 1.1129807233810425 1.114169716835022 1.1114472150802612 1.1092809438705444 1.124827265739441 1.0735927820205688 1.0991979837417603 1.1001627445220947 1.0986003875732422 1.0981683731079102 1.0767064094543457 1.0874178409576416 1.073662281036377 1.0644999742507935 1.1169577836990356 1.0879979133605957 1.075445294380188 1.0747321844100952 1.0780547857284546 1.0744578838348389 1.089916467666626 1.0499764680862427 1.082593560218811 1.0770518779754639 1.0646631717681885 1.0774413347244263 1.051020860671997 1.0758060216903687 1.1185764074325562 1.0433082580566406 1.0527434349060059 1.0641918182373047 1.091922402381897 1.0654847621917725 1.065758466720581 1.0571203231811523 1.032033920288086 1.059861183166504 1.053369402885437 1.0428715944290161 1.0449097156524658 1.025558352470398 1.0550732612609863 1.0546764135360718 1.0550261735916138 1.0319677591323853 1.0369517803192139 1.036960482597351 1.0430299043655396 1.025812029838562 1.0283716917037964 1.0404034852981567 1.0228017568588257 1.0258214473724365 1.0441741943359375 1.028855562210083 1.011181116104126 1.0319013595581055 1.0409152507781982 1.0210487842559814 1.02234947681427 1.0198471546173096 1.0372833013534546 1.0265016555786133 1.0250277519226074 1.024847388267517 
train_loss3_thi 13.53084659576416 12.522967338562012 11.964406967163086 11.276983261108398 10.400715827941895 9.285791397094727 8.24974536895752 7.080390453338623 6.066407203674316 5.584147930145264 5.038327217102051 4.632321357727051 4.199498653411865 3.939473867416382 3.6268630027770996 3.3473453521728516 3.1002895832061768 2.9704678058624268 2.7227210998535156 2.731849193572998 2.6455130577087402 2.4731807708740234 2.4014430046081543 2.3531625270843506 2.3780674934387207 2.298565626144409 2.1996469497680664 2.190662384033203 2.1521596908569336 2.21193265914917 2.160802125930786 2.0994133949279785 2.068561315536499 2.028578758239746 1.9615447521209717 2.0088343620300293 1.943288803100586 1.882537841796875 1.870710015296936 1.7965370416641235 1.8411290645599365 1.8132987022399902 1.8032156229019165 1.7536752223968506 1.7414252758026123 1.7116036415100098 1.6997219324111938 1.6671255826950073 1.6680337190628052 1.667121410369873 1.640305519104004 1.6165848970413208 1.6268746852874756 1.57595956325531 1.5685648918151855 1.574582576751709 1.5820293426513672 1.5530089139938354 1.5085842609405518 1.537871241569519 1.5023272037506104 1.5133713483810425 1.52120041847229 1.4750815629959106 1.5587433576583862 1.4728820323944092 1.4421769380569458 1.4918874502182007 1.4250471591949463 1.48867666721344 1.4348392486572266 1.471750020980835 1.4093689918518066 1.445757269859314 1.4021928310394287 1.356192946434021 1.4040371179580688 1.3662492036819458 1.3718665838241577 1.4044559001922607 1.3757094144821167 1.3791364431381226 1.3712977170944214 1.3668724298477173 1.3661551475524902 1.3621189594268799 1.340592384338379 1.3530476093292236 1.3484792709350586 1.320723295211792 1.3197263479232788 1.3437654972076416 1.3286051750183105 1.3510918617248535 1.2909269332885742 1.335392951965332 1.3519598245620728 1.2696573734283447 1.308050274848938 1.2770726680755615 1.2907794713974 1.2717679738998413 1.2642163038253784 1.2833824157714844 1.2528579235076904 1.2543721199035645 1.305503249168396 1.2358100414276123 1.2739447355270386 1.2929779291152954 1.2520536184310913 1.2484703063964844 1.2482444047927856 1.2234708070755005 1.2113080024719238 1.246530294418335 1.2358461618423462 1.2339706420898438 1.241041660308838 1.2027640342712402 1.2146579027175903 1.2266709804534912 1.1939830780029297 1.188876986503601 1.2029844522476196 1.2136644124984741 1.2144765853881836 1.2409330606460571 1.1819552183151245 1.189484715461731 1.1955078840255737 1.1925016641616821 1.2098565101623535 1.2087355852127075 1.1837704181671143 1.1752781867980957 1.1992926597595215 1.2124887704849243 1.1834986209869385 1.1847330331802368 1.1494505405426025 1.1761330366134644 1.169048547744751 1.1970412731170654 1.158537745475769 1.1933752298355103 1.1458369493484497 1.1554813385009766 1.164867639541626 1.118571400642395 1.1246206760406494 1.134688138961792 1.145680546760559 1.1467489004135132 1.1421701908111572 1.1738008260726929 1.15031099319458 1.148379921913147 1.1267426013946533 1.1653817892074585 1.1477588415145874 1.1617799997329712 1.1336902379989624 1.1074261665344238 1.1289372444152832 1.141426682472229 1.1291942596435547 1.109251856803894 1.143303394317627 1.1525204181671143 1.1106390953063965 1.133293628692627 1.132861852645874 1.1352829933166504 1.093705654144287 1.100383996963501 1.0932917594909668 1.1015474796295166 1.1254810094833374 1.1332119703292847 1.1489758491516113 1.0943498611450195 1.1245261430740356 1.0944864749908447 1.096806287765503 1.102115511894226 1.1056815385818481 1.0962082147598267 1.0862555503845215 1.0974326133728027 1.0914334058761597 1.090114951133728 1.1071808338165283 1.116905689239502 1.0735788345336914 1.099015235900879 1.112176775932312 1.0831331014633179 1.0991312265396118 1.0797972679138184 
validate_loss1 0.5207782983779907 0.4683302342891693 0.4457344114780426 0.40871939063072205 0.38134095072746277 0.36351481080055237 0.3484765291213989 0.3415526747703552 0.34058520197868347 0.340150386095047 0.3361056447029114 0.3349442183971405 0.33263739943504333 0.328486829996109 0.32476839423179626 0.320609986782074 0.32374292612075806 0.3256065845489502 0.32437145709991455 0.32037657499313354 0.32181766629219055 0.3210929334163666 0.32066309452056885 0.3203936815261841 0.3169621229171753 0.3197587728500366 0.3179963529109955 0.31680017709732056 0.3162304162979126 0.31334805488586426 0.3152412474155426 0.3125368356704712 0.31254249811172485 0.3126656413078308 0.31457585096359253 0.31184840202331543 0.31158044934272766 0.3101597726345062 0.3114651143550873 0.31158074736595154 0.31247591972351074 0.312064528465271 0.30974021553993225 0.3098944127559662 0.3091096580028534 0.30985841155052185 0.3096827268600464 0.3102933168411255 0.308780699968338 0.30740100145339966 0.30813950300216675 0.3081859052181244 0.3091024160385132 0.30691781640052795 0.30695220828056335 0.3081459105014801 0.30705294013023376 0.30695584416389465 0.3080032765865326 0.30703458189964294 0.306667685508728 0.30819645524024963 0.3056045472621918 0.30637094378471375 0.3071393370628357 0.3062117099761963 0.30600979924201965 0.3070846498012543 0.3066459000110626 0.30641645193099976 0.30759936571121216 0.30663377046585083 0.30710408091545105 0.30596923828125 0.3059469163417816 0.3051547110080719 0.3048442006111145 0.30549871921539307 0.3058890402317047 0.3050673007965088 0.30554676055908203 0.3061354160308838 0.3060077130794525 0.30645227432250977 0.30508944392204285 0.30530261993408203 0.30486223101615906 0.3060443103313446 0.30530601739883423 0.3046562671661377 0.30520468950271606 0.3047915995121002 0.30479636788368225 0.30517616868019104 0.3047075569629669 0.30402040481567383 0.3048870265483856 0.3043088912963867 0.3048636317253113 0.30494460463523865 0.30376482009887695 0.3041401207447052 0.3053487241268158 0.3051392436027527 0.3051486015319824 0.3049929141998291 0.3047151267528534 0.304394006729126 0.3044595718383789 0.3035794794559479 0.30416107177734375 0.3037393093109131 0.3039969205856323 0.30397292971611023 0.30469489097595215 0.3033072054386139 0.30458682775497437 0.30520695447921753 0.3041064143180847 0.3041643500328064 0.30511224269866943 0.3047495186328888 0.3047579526901245 0.30492153763771057 0.3047774136066437 0.3044520318508148 0.30417728424072266 0.3044838607311249 0.3042917549610138 0.30514734983444214 0.3039838969707489 0.30412352085113525 0.30464690923690796 0.30523523688316345 0.3047069013118744 0.3044969141483307 0.3045407235622406 0.30473971366882324 0.30442294478416443 0.3044309616088867 0.30354705452919006 0.30349600315093994 0.3043458163738251 0.3036937415599823 0.3033609092235565 0.30371466279029846 0.3038296401500702 0.30380478501319885 0.30341190099716187 0.30323559045791626 0.3034425973892212 0.30417492985725403 0.3035103976726532 0.30409306287765503 0.3037152886390686 0.30400756001472473 0.30247175693511963 0.30387380719184875 0.30168643593788147 0.30263882875442505 0.30220910906791687 0.3030923902988434 0.30375242233276367 0.3030349016189575 0.3037893772125244 0.30307385325431824 0.3025365471839905 0.3028963506221771 0.30320557951927185 0.3036194145679474 0.30389294028282166 0.3033498525619507 0.3028673827648163 0.30254098773002625 0.3031034469604492 0.3034358620643616 0.3035033345222473 0.3033895790576935 0.3044241964817047 0.30351123213768005 0.30336329340934753 0.30355796217918396 0.3030565083026886 0.3035767674446106 0.3034816086292267 0.3035619258880615 0.3045024573802948 0.3030794858932495 0.3040696680545807 0.3032176196575165 0.30343320965766907 0.30329465866088867 0.3035510778427124 0.3028180003166199 0.3031040132045746 0.303204208612442 0.303457647562027 0.30283620953559875 0.3035048842430115 0.303485631942749 
validate_loss2 0.3732783794403076 0.3378031253814697 0.3385621905326843 0.32918035984039307 0.3409361243247986 0.3381146788597107 0.35625314712524414 0.33590927720069885 0.3591650426387787 0.3448236882686615 0.3415928781032562 0.34376558661460876 0.3455679416656494 0.3375001549720764 0.3449390232563019 0.3327222168445587 0.335086852312088 0.3269457519054413 0.34017035365104675 0.3312581181526184 0.3295227587223053 0.33080875873565674 0.33037683367729187 0.32436180114746094 0.32958167791366577 0.32625558972358704 0.3374844789505005 0.3329426348209381 0.33045709133148193 0.3333437442779541 0.3300613760948181 0.3330773115158081 0.3318655490875244 0.33217403292655945 0.332381933927536 0.33352309465408325 0.3280683755874634 0.3324812650680542 0.329264372587204 0.3344610333442688 0.3317926228046417 0.3352775275707245 0.33389973640441895 0.33233582973480225 0.33451133966445923 0.3385370671749115 0.332498699426651 0.3286265432834625 0.332070916891098 0.33099621534347534 0.33170416951179504 0.32966652512550354 0.33333954215049744 0.33107054233551025 0.3320091664791107 0.33134859800338745 0.33114537596702576 0.331782728433609 0.32880598306655884 0.3282564580440521 0.3290897309780121 0.3312413990497589 0.3276101350784302 0.3285655081272125 0.3304126560688019 0.33180806040763855 0.3323649764060974 0.33017560839653015 0.32717129588127136 0.330044150352478 0.3293943703174591 0.3297111988067627 0.32752493023872375 0.32967978715896606 0.32876330614089966 0.32926613092422485 0.32671990990638733 0.32558006048202515 0.3301473557949066 0.32869023084640503 0.3278162479400635 0.3294855058193207 0.3286711573600769 0.3313753306865692 0.3299362361431122 0.3306974470615387 0.3302331268787384 0.32983580231666565 0.3278683125972748 0.32779183983802795 0.32920658588409424 0.3273330330848694 0.3289697766304016 0.327049195766449 0.3298507332801819 0.3277541995048523 0.3278927803039551 0.32705917954444885 0.32878926396369934 0.3262990415096283 0.3263457119464874 0.3281286656856537 0.3271676301956177 0.3271651268005371 0.3264487683773041 0.3270779550075531 0.3286207914352417 0.3283296823501587 0.32809510827064514 0.3283925950527191 0.3269335925579071 0.3253716230392456 0.3276800811290741 0.32550355792045593 0.326788991689682 0.32831671833992004 0.3285479247570038 0.32837051153182983 0.32672110199928284 0.3276249170303345 0.3287806212902069 0.3264338970184326 0.3277759850025177 0.32715243101119995 0.32787612080574036 0.32961198687553406 0.3279985785484314 0.3287241458892822 0.330557256937027 0.329421728849411 0.3301679790019989 0.3291209042072296 0.329746812582016 0.32869023084640503 0.3269447386264801 0.3307519555091858 0.32834136486053467 0.32917606830596924 0.3285849094390869 0.3273526132106781 0.3275448977947235 0.32809561491012573 0.3255960941314697 0.3287574052810669 0.32796433568000793 0.3288124203681946 0.32711997628211975 0.32707226276397705 0.32738032937049866 0.3286442756652832 0.32763320207595825 0.32845768332481384 0.3277684152126312 0.3268570899963379 0.32635918259620667 0.3285415470600128 0.32784920930862427 0.3288533687591553 0.3291137218475342 0.32819342613220215 0.3290918469429016 0.32619836926460266 0.32911935448646545 0.3284739851951599 0.32717517018318176 0.32992297410964966 0.3299781382083893 0.328071653842926 0.32858243584632874 0.3276160955429077 0.3294841945171356 0.32758593559265137 0.3290711045265198 0.3283486068248749 0.3276561498641968 0.32887908816337585 0.3275550603866577 0.32688820362091064 0.3276369273662567 0.32816198468208313 0.3304769992828369 0.3303777873516083 0.3277639150619507 0.327999472618103 0.3267076909542084 0.32916712760925293 0.32898351550102234 0.32834240794181824 0.3296176791191101 0.32907500863075256 0.3276463449001312 0.3302033841609955 0.3284996747970581 0.327777236700058 0.3271275758743286 0.326574444770813 0.32793840765953064 0.3279319107532501 0.32619425654411316 0.3282395899295807 
validate_loss3 0.41924530267715454 0.40864598751068115 0.39794471859931946 0.4033655524253845 0.41786617040634155 0.4215814769268036 0.4231552183628082 0.41613146662712097 0.42387813329696655 0.4507870674133301 0.42313823103904724 0.4206176698207855 0.42634788155555725 0.42278817296028137 0.4226871132850647 0.4208976626396179 0.42427217960357666 0.42529135942459106 0.42589709162712097 0.4285115599632263 0.4331256151199341 0.4292157292366028 0.4227064251899719 0.42078590393066406 0.422590434551239 0.4274120032787323 0.42568498849868774 0.42827242612838745 0.42319101095199585 0.42321673035621643 0.42019519209861755 0.4200097918510437 0.42104780673980713 0.4282349944114685 0.42014288902282715 0.42327749729156494 0.4198921322822571 0.4253489375114441 0.42649999260902405 0.4266722500324249 0.42247098684310913 0.4257901608943939 0.4263792932033539 0.42745059728622437 0.42483454942703247 0.42628031969070435 0.42332082986831665 0.4197075068950653 0.4240388870239258 0.42566946148872375 0.42324167490005493 0.4236145317554474 0.42275574803352356 0.4214780926704407 0.4210107922554016 0.4208844304084778 0.4201856553554535 0.4222449064254761 0.4232496917247772 0.42151519656181335 0.42371368408203125 0.42421823740005493 0.420428603887558 0.4237423539161682 0.4253605306148529 0.42364752292633057 0.4280723035335541 0.4223365783691406 0.42353445291519165 0.4213072955608368 0.4222298264503479 0.42325207591056824 0.4203891456127167 0.42064136266708374 0.4215213656425476 0.42086413502693176 0.4217509329319 0.4206441640853882 0.4218306839466095 0.42222365736961365 0.4219890832901001 0.42340487241744995 0.4228029251098633 0.4249054193496704 0.4210096001625061 0.4210593104362488 0.4233507215976715 0.42068514227867126 0.42116832733154297 0.4183726906776428 0.4190877676010132 0.41750016808509827 0.4199678301811218 0.42012694478034973 0.4194861650466919 0.4213602840900421 0.4238324463367462 0.4214991331100464 0.4225784242153168 0.4206642806529999 0.41905882954597473 0.4199705123901367 0.41834571957588196 0.42206910252571106 0.4183458685874939 0.4197140336036682 0.4178704619407654 0.41959622502326965 0.41888532042503357 0.42028579115867615 0.4187624752521515 0.41917043924331665 0.4191719889640808 0.4188583195209503 0.42101073265075684 0.4192151129245758 0.42013615369796753 0.41902002692222595 0.41692110896110535 0.41879352927207947 0.41990530490875244 0.4200686812400818 0.4190012514591217 0.4216764271259308 0.42283958196640015 0.4220971465110779 0.4205682873725891 0.42133063077926636 0.4229205548763275 0.42228808999061584 0.4202721416950226 0.4206136167049408 0.4209257960319519 0.4219804108142853 0.4206891655921936 0.4203971326351166 0.4208095669746399 0.419406920671463 0.4212855398654938 0.4194698929786682 0.4199010729789734 0.4197426438331604 0.4186486005783081 0.41983741521835327 0.42055752873420715 0.4212391674518585 0.42069318890571594 0.4197314977645874 0.42020124197006226 0.42019981145858765 0.418829083442688 0.41997045278549194 0.4190801978111267 0.4186665415763855 0.42065826058387756 0.41911378502845764 0.4195532202720642 0.41917166113853455 0.4196409583091736 0.41982215642929077 0.4210909605026245 0.42115122079849243 0.4206680357456207 0.4197285771369934 0.4190742075443268 0.42145949602127075 0.4212178587913513 0.4208054542541504 0.41813820600509644 0.41863006353378296 0.4191928207874298 0.4191431999206543 0.41785237193107605 0.41845378279685974 0.41966867446899414 0.42027565836906433 0.417978435754776 0.4189988970756531 0.4183763265609741 0.42022544145584106 0.420617014169693 0.41910871863365173 0.419472336769104 0.41973695158958435 0.41843417286872864 0.4202054738998413 0.41875579953193665 0.4207378923892975 0.4199060797691345 0.4193246364593506 0.4184213876724243 0.420044481754303 0.4179151654243469 0.4201102554798126 0.4191257357597351 0.421082466840744 0.4210282564163208 0.4195210337638855 0.4206211268901825 0.4203830063343048 
validate_loss_all 0.5077779293060303 0.4583281874656677 0.4374506175518036 0.4041575491428375 0.3813415467739105 0.36575448513031006 0.35376253724098206 0.346059650182724 0.3471435010433197 0.3479051887989044 0.3421589434146881 0.34109756350517273 0.3396281898021698 0.3352970778942108 0.3325273096561432 0.3280710279941559 0.33116835355758667 0.33237653970718384 0.33213716745376587 0.3283623456954956 0.3298557996749878 0.3290065824985504 0.32811421155929565 0.3273829519748688 0.3248693346977234 0.32745084166526794 0.32647210359573364 0.32536885142326355 0.32433801889419556 0.3220372200012207 0.3232336640357971 0.32107701897621155 0.321088045835495 0.3217709958553314 0.3227972686290741 0.320765882730484 0.319942444562912 0.31941598653793335 0.32042941451072693 0.3208583891391754 0.32113638520240784 0.321254163980484 0.3192245364189148 0.3193448483943939 0.31860116124153137 0.3196050524711609 0.3188496530056 0.3188563287258148 0.3181068003177643 0.3169879913330078 0.31747257709503174 0.3174167275428772 0.31835997104644775 0.31624913215637207 0.3162998557090759 0.3172718286514282 0.31626829504966736 0.3163857161998749 0.3171791136264801 0.316179484128952 0.31608909368515015 0.3175696134567261 0.31482961773872375 0.31580522656440735 0.3167038559913635 0.31586092710494995 0.31607356667518616 0.3164043128490448 0.31593912839889526 0.31574326753616333 0.3167889714241028 0.31606176495552063 0.3161062002182007 0.3152856230735779 0.31527936458587646 0.31458035111427307 0.31422823667526245 0.31463199853897095 0.31533920764923096 0.3145773112773895 0.3149155378341675 0.3156334161758423 0.31542667746543884 0.3161393105983734 0.31457725167274475 0.3148106038570404 0.3145860433578491 0.31536296010017395 0.31464797258377075 0.3138672113418579 0.3144799470901489 0.3138866424560547 0.31418487429618835 0.3144046664237976 0.31412532925605774 0.3135558068752289 0.31450140476226807 0.31377094984054565 0.3144371807575226 0.31420278549194336 0.31306904554367065 0.31357160210609436 0.31442004442214966 0.31453314423561096 0.314204603433609 0.31421706080436707 0.3139292597770691 0.3137718439102173 0.31375765800476074 0.3131330609321594 0.3134210407733917 0.3129963278770447 0.3133585751056671 0.3131798803806305 0.3140462338924408 0.3128109574317932 0.31399279832839966 0.31442517042160034 0.3132167458534241 0.3134687542915344 0.31443876028060913 0.3139970898628235 0.3140026330947876 0.3143150210380554 0.3143279552459717 0.31409773230552673 0.3136425316333771 0.3140096664428711 0.3140842914581299 0.31469589471817017 0.31358766555786133 0.3136692941188812 0.31418031454086304 0.3147018253803253 0.3140406906604767 0.31407251954078674 0.3139936923980713 0.3141050338745117 0.3139454126358032 0.31373345851898193 0.3130227029323578 0.31300047039985657 0.3134884536266327 0.3132179379463196 0.31294116377830505 0.3133499324321747 0.3133009076118469 0.31320083141326904 0.3129206597805023 0.31284764409065247 0.31285426020622253 0.3136216700077057 0.312940388917923 0.3133505880832672 0.31315362453460693 0.31341618299484253 0.31209418177604675 0.3133254945278168 0.3115081787109375 0.312279611825943 0.3120684325695038 0.31264984607696533 0.31335604190826416 0.31262826919555664 0.31314218044281006 0.3128882348537445 0.3124133348464966 0.31257009506225586 0.31265562772750854 0.31298887729644775 0.31338250637054443 0.3127967119216919 0.3123740255832672 0.3120974600315094 0.3126316964626312 0.3130394518375397 0.3128345012664795 0.3127764165401459 0.3136592507362366 0.31305569410324097 0.3131033480167389 0.3131446838378906 0.31258270144462585 0.3130631744861603 0.3127996325492859 0.3131595253944397 0.3138388991355896 0.3127380609512329 0.3135981261730194 0.31278982758522034 0.31281495094299316 0.312982439994812 0.3129286468029022 0.31242990493774414 0.31255677342414856 0.31276312470436096 0.3130595088005066 0.312408447265625 0.31296050548553467 0.3130510151386261 
validate_loss1_vel 0.015623348765075207 0.014049907214939594 0.013372031971812248 0.012261581607162952 0.011440228670835495 0.010905444622039795 0.010454296134412289 0.0102465795353055 0.010217555798590183 0.010204510763287544 0.010083169676363468 0.010048327036201954 0.009979121387004852 0.009854604490101337 0.00974305160343647 0.009618299081921577 0.009712288156151772 0.009768197312951088 0.009731143712997437 0.009611297398805618 0.009654530324041843 0.00963278766721487 0.009619892574846745 0.009611810557544231 0.009508864022791386 0.009592763148248196 0.009539890103042126 0.009504005312919617 0.009486912749707699 0.009400441311299801 0.009457237087190151 0.009376104921102524 0.009376275353133678 0.009379968978464603 0.009437276050448418 0.009355451911687851 0.009347413666546345 0.009304792620241642 0.009343953803181648 0.009347422048449516 0.009374276734888554 0.009361935779452324 0.009292206726968288 0.009296832606196404 0.009273289702832699 0.00929575227200985 0.0092904819175601 0.009308800101280212 0.009263421408832073 0.009222029708325863 0.00924418494105339 0.009245576336979866 0.009273072704672813 0.009207534603774548 0.009208566509187222 0.009244376793503761 0.009211588650941849 0.009208674542605877 0.009240098297595978 0.009211037307977676 0.00920003093779087 0.00924589391797781 0.009168135933578014 0.009191128425300121 0.009214179590344429 0.009186351671814919 0.00918029434978962 0.009212539531290531 0.00919937714934349 0.009192493744194508 0.009227980859577656 0.009199013002216816 0.00921312253922224 0.009179077111184597 0.009178407490253448 0.009154641069471836 0.009145325981080532 0.009164961986243725 0.00917667057365179 0.009152019396424294 0.009166402742266655 0.009184062480926514 0.009180231019854546 0.009193568490445614 0.009152683429419994 0.009159078821539879 0.009145867079496384 0.009181329049170017 0.009159181267023087 0.00913968775421381 0.009156140498816967 0.009143748320639133 0.00914389081299305 0.009155284613370895 0.009141226299107075 0.009120611473917961 0.009146611206233501 0.009129267185926437 0.009145908989012241 0.009148337878286839 0.009112944826483727 0.009124203585088253 0.009160461835563183 0.009154177270829678 0.009154457598924637 0.009149787947535515 0.009141453541815281 0.009131819941103458 0.009133786894381046 0.009107384830713272 0.009124832227826118 0.009112179279327393 0.009119907394051552 0.009119187481701374 0.009140847250819206 0.00909921620041132 0.009137604385614395 0.009156208485364914 0.009123193100094795 0.009124930948019028 0.009153367951512337 0.009142485447227955 0.00914273876696825 0.0091476459056139 0.009143322706222534 0.00913356151431799 0.009125318378210068 0.00913451611995697 0.00912875309586525 0.009154421277344227 0.009119517169892788 0.009123706258833408 0.00913940742611885 0.009157057851552963 0.009141206741333008 0.009134908206760883 0.009136222302913666 0.009142192080616951 0.009132687933743 0.00913292821496725 0.009106411598622799 0.009104879572987556 0.009130374528467655 0.009110812097787857 0.009100827388465405 0.009111440740525723 0.009114889428019524 0.009114144369959831 0.009102357551455498 0.009097067639231682 0.009103277698159218 0.009125247597694397 0.009105311706662178 0.00912279263138771 0.00911145843565464 0.009120226837694645 0.009074152447283268 0.009116213768720627 0.00905059278011322 0.009079164825379848 0.009066272526979446 0.009092772379517555 0.009112573228776455 0.009091046638786793 0.009113680571317673 0.00909221637994051 0.009076097048819065 0.009086891077458858 0.009096167050302029 0.009108582511544228 0.009116788394749165 0.009100495837628841 0.009086022153496742 0.00907622929662466 0.009093102999031544 0.009103075601160526 0.00910510029643774 0.00910168793052435 0.00913272611796856 0.009105336852371693 0.00910089910030365 0.009106738492846489 0.0090916957706213 0.009107302874326706 0.00910444837063551 0.00910685770213604 0.00913507305085659 0.00909238401800394 0.00912209041416645 0.00909652840346098 0.009102996438741684 0.0090988390147686 0.009106531739234924 0.009084540419280529 0.009093120694160461 0.009096126072108746 0.009103729389607906 0.009085086174309254 0.009105145931243896 0.00910456944257021 
validate_loss2_dep 11.198351860046387 10.134093284606934 10.156865119934082 9.875411033630371 10.228083610534668 10.143440246582031 10.687594413757324 10.077278137207031 10.774950981140137 10.344710350036621 10.247786521911621 10.312967300415039 10.367037773132324 10.125004768371582 10.348170280456543 9.981666564941406 10.052605628967285 9.808372497558594 10.205111503601074 9.937743186950684 9.885683059692383 9.924263000488281 9.91130542755127 9.730854034423828 9.887450218200684 9.787667274475098 10.124534606933594 9.988279342651367 9.913713455200195 10.000311851501465 9.901841163635254 9.992319107055664 9.955965995788574 9.965221405029297 9.971457481384277 10.005692481994629 9.84205150604248 9.974437713623047 9.877931594848633 10.033830642700195 9.953778266906738 10.05832576751709 10.016992568969727 9.970074653625488 10.035340309143066 10.156111717224121 9.974961280822754 9.858796119689941 9.962127685546875 9.929885864257812 9.951125144958496 9.889995574951172 10.0001859664917 9.932116508483887 9.960275650024414 9.940458297729492 9.934361457824707 9.953481674194336 9.864179611206055 9.84769344329834 9.872692108154297 9.93724250793457 9.828304290771484 9.856965065002441 9.912379264831543 9.954241752624512 9.970949172973633 9.905267715454102 9.815138816833496 9.901324272155762 9.881831169128418 9.891336441040039 9.825748443603516 9.890393257141113 9.862899780273438 9.877984046936035 9.801596641540527 9.767401695251465 9.904419898986816 9.86070728302002 9.834487915039062 9.884564399719238 9.86013412475586 9.94126033782959 9.898087501525879 9.920923233032227 9.906993865966797 9.895073890686035 9.83604907989502 9.833755493164062 9.876197814941406 9.819991111755371 9.869093894958496 9.81147575378418 9.895522117614746 9.832626342773438 9.836783409118652 9.811775207519531 9.863677978515625 9.788970947265625 9.790371894836426 9.843859672546387 9.81502914428711 9.814953804016113 9.793463706970215 9.812338829040527 9.858623504638672 9.849889755249023 9.842853546142578 9.851778030395508 9.808008193969727 9.761149406433105 9.830402374267578 9.765106201171875 9.803669929504395 9.849501609802246 9.856437683105469 9.851115226745605 9.80163288116455 9.828747749328613 9.863418579101562 9.79301643371582 9.833279609680176 9.81457233428955 9.836283683776855 9.888360023498535 9.839957237243652 9.861723899841309 9.916718482971191 9.882652282714844 9.90503978729248 9.873627662658691 9.892404556274414 9.86070728302002 9.808341979980469 9.922558784484863 9.850240707397461 9.875282287597656 9.85754680633545 9.820578575134277 9.826347351074219 9.842867851257324 9.767882347106934 9.862722396850586 9.838930130004883 9.864372253417969 9.813599586486816 9.81216812133789 9.821410179138184 9.859328269958496 9.828995704650879 9.853730201721191 9.833052635192871 9.805712699890137 9.790775299072266 9.856245994567871 9.835476875305176 9.865601539611816 9.873412132263184 9.845803260803223 9.872756004333496 9.785950660705566 9.873580932617188 9.854219436645508 9.815255165100098 9.897688865661621 9.899343490600586 9.84214973449707 9.857473373413086 9.828483581542969 9.884525299072266 9.827577590942383 9.872133255004883 9.850458145141602 9.829684257507324 9.866372108459473 9.826651573181152 9.806646347045898 9.829107284545898 9.84485912322998 9.91430950164795 9.911333084106445 9.832917213439941 9.839983940124512 9.801231384277344 9.875014305114746 9.869505882263184 9.850272178649902 9.888530731201172 9.8722505569458 9.829390525817871 9.906102180480957 9.854990005493164 9.833316802978516 9.813827514648438 9.797233581542969 9.838151931762695 9.837957382202148 9.78582763671875 9.847187995910645 
validate_loss3_thi 12.577359199523926 12.259379386901855 11.938342094421387 12.100966453552246 12.535984992980957 12.647444725036621 12.694656372070312 12.483943939208984 12.716343879699707 13.523612022399902 12.694146156311035 12.6185302734375 12.790436744689941 12.683645248413086 12.68061351776123 12.626930236816406 12.728165626525879 12.758740425109863 12.776912689208984 12.8553466796875 12.993768692016602 12.876472473144531 12.681192398071289 12.623577117919922 12.677712440490723 12.822360038757324 12.770549774169922 12.848172187805176 12.695731163024902 12.696501731872559 12.605854988098145 12.600293159484863 12.631433486938477 12.847049713134766 12.604287147521973 12.698324203491211 12.59676456451416 12.760468482971191 12.795000076293945 12.80016803741455 12.674129486083984 12.773704528808594 12.79137897491455 12.823517799377441 12.745037078857422 12.788409233093262 12.699625015258789 12.591224670410156 12.721166610717773 12.770084381103516 12.697250366210938 12.708436012268066 12.682672500610352 12.644342422485352 12.63032341003418 12.626533508300781 12.605569839477539 12.667346954345703 12.697490692138672 12.645455360412598 12.711410522460938 12.726547241210938 12.612858772277832 12.712270736694336 12.76081657409668 12.709425926208496 12.842168807983398 12.670097351074219 12.706032752990723 12.639219284057617 12.666894912719727 12.697562217712402 12.611674308776855 12.619240760803223 12.64564037322998 12.625924110412598 12.652527809143066 12.619324684143066 12.65492057800293 12.666709899902344 12.659672737121582 12.702146530151367 12.684087753295898 12.747162818908691 12.630288124084473 12.631779670715332 12.700521469116211 12.620553970336914 12.635049819946289 12.551180839538574 12.572632789611816 12.525004386901855 12.599034309387207 12.603808403015137 12.584585189819336 12.640809059143066 12.714973449707031 12.644973754882812 12.677351951599121 12.619928359985352 12.571764945983887 12.599115371704102 12.550371170043945 12.662073135375977 12.550375938415527 12.591421127319336 12.536113739013672 12.587886810302734 12.566559791564941 12.608573913574219 12.562873840332031 12.575113296508789 12.575159072875977 12.565749168395996 12.630321502685547 12.57645320892334 12.604084014892578 12.570600509643555 12.507633209228516 12.563806533813477 12.597159385681152 12.602060317993164 12.570036888122559 12.650293350219727 12.685187339782715 12.662914276123047 12.617048263549805 12.63991928100586 12.687616348266602 12.6686429977417 12.608163833618164 12.618408203125 12.62777328491211 12.659412384033203 12.620675086975098 12.611913681030273 12.624286651611328 12.582207679748535 12.638566017150879 12.584096908569336 12.59703254699707 12.592279434204102 12.559457778930664 12.595122337341309 12.61672592163086 12.637174606323242 12.620795249938965 12.59194564819336 12.606037139892578 12.60599422454834 12.564871788024902 12.599113464355469 12.572405815124512 12.559996604919434 12.619747161865234 12.573413848876953 12.586596488952637 12.575150489807129 12.589228630065918 12.594664573669434 12.632728576660156 12.634536743164062 12.620040893554688 12.591856956481934 12.572225570678711 12.643784523010254 12.63653564453125 12.624163627624512 12.544145584106445 12.558902740478516 12.575784683227539 12.574295997619629 12.535571098327637 12.553613662719727 12.590060234069824 12.608269691467285 12.539353370666504 12.569967269897461 12.551289558410645 12.60676383972168 12.618510246276855 12.573262214660645 12.5841703414917 12.592108726501465 12.553025245666504 12.606164932250977 12.562674522399902 12.622137069702148 12.597182273864746 12.57973861694336 12.552641868591309 12.601334571838379 12.537455558776855 12.603307723999023 12.573771476745605 12.632473945617676 12.630847930908203 12.585631370544434 12.618634223937988 12.611490249633789 
