step 0 1 2 3 4 5 6 7 8 9 10 11 12 13 14 15 16 17 18 19 20 21 22 23 24 25 26 27 28 29 30 31 32 33 34 35 36 37 38 39 40 41 42 43 44 45 46 47 48 49 50 51 52 53 54 55 56 57 58 59 60 61 62 63 64 65 66 67 68 69 70 71 72 73 74 75 76 77 78 79 80 81 82 83 84 85 86 87 88 89 90 91 92 93 94 95 96 97 98 99 100 101 102 103 104 105 106 107 108 109 110 111 112 113 114 115 116 117 118 119 120 121 122 123 124 125 126 127 128 129 130 131 132 133 134 135 136 137 138 139 140 141 142 143 144 145 146 147 148 149 150 151 152 153 154 155 156 157 158 159 160 161 162 163 164 165 166 167 168 169 170 171 172 173 174 175 176 177 178 179 180 181 182 183 184 185 186 187 188 189 190 191 192 193 194 195 196 197 198 199 
train_loss1 0.576234757900238 0.5736600756645203 0.568597674369812 0.5495384335517883 0.5434470772743225 0.5408885478973389 0.5390684008598328 0.5373175144195557 0.5352278351783752 0.5335710644721985 0.5316166281700134 0.5294053554534912 0.5270007252693176 0.5233865976333618 0.5199941396713257 0.5158406496047974 0.5116646885871887 0.5082853436470032 0.5042878985404968 0.5013410449028015 0.49911418557167053 0.49645867943763733 0.4945135712623596 0.4926071763038635 0.4905221462249756 0.48897436261177063 0.4874604046344757 0.4855700731277466 0.48413217067718506 0.48244595527648926 0.48160821199417114 0.48033201694488525 0.4791737496852875 0.4776398539543152 0.47678518295288086 0.47550979256629944 0.4749152958393097 0.4736327528953552 0.47259271144866943 0.4715403914451599 0.4706626832485199 0.4700022041797638 0.46870702505111694 0.46744441986083984 0.4666897654533386 0.465813547372818 0.4650045335292816 0.46422722935676575 0.46353277564048767 0.4621683657169342 0.46124908328056335 0.4605868458747864 0.46015605330467224 0.4592672288417816 0.45829784870147705 0.457182377576828 0.4567159414291382 0.45603275299072266 0.45495185256004333 0.45413485169410706 0.45328062772750854 0.4523560404777527 0.45162102580070496 0.45113685727119446 0.45011019706726074 0.4490821361541748 0.4485108256340027 0.4474736154079437 0.4465937316417694 0.4451086223125458 0.4445314109325409 0.4434930682182312 0.4437582790851593 0.4426362216472626 0.4412217140197754 0.4402022361755371 0.4400476813316345 0.43891358375549316 0.438353031873703 0.436922162771225 0.43575096130371094 0.4355520009994507 0.4341106712818146 0.4334687888622284 0.4329042434692383 0.43249067664146423 0.43146637082099915 0.4301968216896057 0.42965877056121826 0.429207980632782 0.42811447381973267 0.42766502499580383 0.427076518535614 0.42616620659828186 0.42578357458114624 0.42531147599220276 0.4242423176765442 0.4232000708580017 0.4231445789337158 0.42332813143730164 0.42214274406433105 0.42160916328430176 0.42087289690971375 0.42035529017448425 0.42011523246765137 0.4191853702068329 0.4196191132068634 0.41920825839042664 0.4180922210216522 0.4177389144897461 0.41724008321762085 0.4168902337551117 0.41708070039749146 0.41621631383895874 0.41532519459724426 0.415418803691864 0.4150330722332001 0.41436830163002014 0.41377580165863037 0.41391637921333313 0.4138188064098358 0.4130702018737793 0.41281452775001526 0.4122678339481354 0.4121440052986145 0.41220220923423767 0.4116848111152649 0.41086602210998535 0.4107955992221832 0.4104575216770172 0.41029155254364014 0.4095453917980194 0.40895700454711914 0.4089645743370056 0.40952131152153015 0.4085976183414459 0.4084799587726593 0.4081053137779236 0.40786272287368774 0.40768375992774963 0.40774857997894287 0.4069741666316986 0.4061224162578583 0.4065592885017395 0.4073614478111267 0.4062129855155945 0.4055507183074951 0.4062371253967285 0.40581464767456055 0.4049813747406006 0.4047143757343292 0.40524283051490784 0.40429452061653137 0.40464216470718384 0.40368416905403137 0.40409529209136963 0.40427759289741516 0.4032379686832428 0.40343132615089417 0.40286803245544434 0.4029425382614136 0.402873158454895 0.40241914987564087 0.4016873240470886 0.4017299711704254 0.4019623100757599 0.40214967727661133 0.40101462602615356 0.40140798687934875 0.4006063640117645 0.4007890522480011 0.40002864599227905 0.3997669517993927 0.3996925354003906 0.39983701705932617 0.3995603024959564 0.3993102014064789 0.3985733389854431 0.39896756410598755 0.3985138237476349 0.39809173345565796 0.39811205863952637 0.3979470729827881 0.3984915614128113 0.3983708322048187 0.39701443910598755 0.39742690324783325 0.3972569406032562 0.3970029652118683 0.3972938656806946 0.3969822824001312 0.39629149436950684 0.3961174488067627 0.39598947763442993 0.39614778757095337 0.396485298871994 0.3954365849494934 0.3957670032978058 0.39528512954711914 0.39621537923812866 
train_loss2 0.5138013958930969 0.37329545617103577 0.3520960211753845 0.308147132396698 0.28195518255233765 0.2603049874305725 0.25598132610321045 0.24651066958904266 0.24538330733776093 0.2397748976945877 0.23858268558979034 0.2320949286222458 0.2270556092262268 0.22103294730186462 0.2177296131849289 0.21173501014709473 0.21046580374240875 0.20543868839740753 0.20220603048801422 0.2015826553106308 0.1963406801223755 0.1973368525505066 0.19679442048072815 0.19545894861221313 0.19329547882080078 0.19156193733215332 0.18991421163082123 0.19092512130737305 0.19197706878185272 0.18747663497924805 0.1876717060804367 0.18859171867370605 0.18638452887535095 0.18879733979701996 0.18452692031860352 0.1842101812362671 0.18515990674495697 0.18407373130321503 0.1821020245552063 0.18096770346164703 0.18072135746479034 0.1823396235704422 0.17939552664756775 0.17999370396137238 0.18071599304676056 0.18010947108268738 0.17984862625598907 0.1803276687860489 0.17844748497009277 0.17788751423358917 0.17914503812789917 0.17854546010494232 0.17811262607574463 0.17979758977890015 0.1793874055147171 0.1780511438846588 0.179653137922287 0.1801338642835617 0.1791413575410843 0.17862267792224884 0.1790020614862442 0.1834789216518402 0.1816292703151703 0.18108871579170227 0.17981109023094177 0.18365880846977234 0.18165375292301178 0.18270324170589447 0.1835709661245346 0.18340769410133362 0.18418042361736298 0.18625952303409576 0.18129877746105194 0.18509699404239655 0.18802593648433685 0.1853763461112976 0.18747206032276154 0.18839606642723083 0.1850457489490509 0.1888856589794159 0.18852192163467407 0.18682317435741425 0.18946534395217896 0.18679320812225342 0.18826571106910706 0.19163598120212555 0.19032670557498932 0.19040504097938538 0.19399799406528473 0.1906629502773285 0.19346843659877777 0.19235031306743622 0.1971442699432373 0.1963449865579605 0.1940820813179016 0.1950685977935791 0.1954222470521927 0.1941981315612793 0.19523827731609344 0.19510231912136078 0.1972745656967163 0.19775071740150452 0.1981707364320755 0.19804422557353973 0.19788441061973572 0.19787968695163727 0.19862258434295654 0.19928422570228577 0.20003795623779297 0.19874553382396698 0.2011537253856659 0.201450377702713 0.20039647817611694 0.19858354330062866 0.1993045210838318 0.20104311406612396 0.19997762143611908 0.20233657956123352 0.2013455480337143 0.20153382420539856 0.19982855021953583 0.20244067907333374 0.19996090233325958 0.2037988305091858 0.20254576206207275 0.20371641218662262 0.2022990733385086 0.20329388976097107 0.20110200345516205 0.20083260536193848 0.20182736217975616 0.202175572514534 0.20303286612033844 0.20542456209659576 0.1999564915895462 0.2015032321214676 0.2048812210559845 0.20220528542995453 0.20529820024967194 0.20402662456035614 0.2041081190109253 0.20626294612884521 0.20505386590957642 0.20497100055217743 0.20258013904094696 0.20418761670589447 0.20564384758472443 0.20473244786262512 0.2053515464067459 0.20355629920959473 0.2036590874195099 0.20359265804290771 0.20635837316513062 0.20590457320213318 0.20594006776809692 0.20375320315361023 0.2041233777999878 0.20745539665222168 0.2049901783466339 0.20417389273643494 0.2059144824743271 0.20616376399993896 0.20466625690460205 0.20375484228134155 0.205003023147583 0.2104899138212204 0.20726792514324188 0.20851783454418182 0.20681659877300262 0.20628197491168976 0.20556624233722687 0.2038920670747757 0.2083783745765686 0.20694242417812347 0.20709533989429474 0.20548348128795624 0.20525802671909332 0.20581163465976715 0.20719963312149048 0.20824375748634338 0.20604510605335236 0.20800071954727173 0.20831871032714844 0.20597152411937714 0.20871081948280334 0.20738188922405243 0.2062094509601593 0.20902200043201447 0.20735317468643188 0.20830018818378448 0.20725388824939728 0.20851001143455505 0.20708145201206207 0.2069731503725052 0.20621104538440704 0.20880912244319916 0.210417240858078 0.20887959003448486 0.20713040232658386 0.20808690786361694 
train_loss3 0.45099419355392456 0.4130858778953552 0.40204840898513794 0.3867579996585846 0.37318289279937744 0.35781532526016235 0.3429897725582123 0.3234027028083801 0.2952572703361511 0.26905807852745056 0.244505375623703 0.22937731444835663 0.21919217705726624 0.2169162482023239 0.21078206598758698 0.21039319038391113 0.21294210851192474 0.2106071263551712 0.21358072757720947 0.21222536265850067 0.2136576920747757 0.21188898384571075 0.21043755114078522 0.21169064939022064 0.2065301388502121 0.20805063843727112 0.20561228692531586 0.2055908441543579 0.2050636112689972 0.20253393054008484 0.20437683165073395 0.20119503140449524 0.2044169157743454 0.20213864743709564 0.20022645592689514 0.20027951896190643 0.201095312833786 0.20093074440956116 0.19782784581184387 0.1976250857114792 0.19849874079227448 0.1983240395784378 0.1962834745645523 0.19514352083206177 0.19315588474273682 0.19362178444862366 0.19317705929279327 0.19171418249607086 0.19370852410793304 0.192221999168396 0.19080735743045807 0.19185589253902435 0.19141025841236115 0.18718180060386658 0.19097569584846497 0.18893104791641235 0.18624788522720337 0.18742334842681885 0.1879374384880066 0.1880035400390625 0.18758714199066162 0.18874786794185638 0.1878686100244522 0.19003887474536896 0.189652681350708 0.18861612677574158 0.18859437108039856 0.19044508039951324 0.1916876882314682 0.190494105219841 0.1923484057188034 0.19003036618232727 0.19353054463863373 0.1928027719259262 0.1951470524072647 0.19512778520584106 0.1969047337770462 0.19645178318023682 0.19798016548156738 0.19821490347385406 0.19980300962924957 0.2015472948551178 0.2011556625366211 0.20147888362407684 0.2031773179769516 0.20632392168045044 0.20525816082954407 0.20524749159812927 0.20616918802261353 0.2068541795015335 0.2055881768465042 0.2073427140712738 0.2070443034172058 0.20892825722694397 0.2089250236749649 0.20928853750228882 0.21095018088817596 0.2109377682209015 0.2095506638288498 0.2098364382982254 0.21186333894729614 0.21105577051639557 0.2124311476945877 0.2100064903497696 0.2099030464887619 0.21478566527366638 0.21276576817035675 0.2092859148979187 0.21110235154628754 0.21065910160541534 0.21066619455814362 0.21253877878189087 0.21258507668972015 0.2101486325263977 0.21063512563705444 0.21073581278324127 0.2105918675661087 0.21135348081588745 0.21180692315101624 0.21111798286437988 0.2106970101594925 0.20973701775074005 0.21118992567062378 0.20939354598522186 0.210826575756073 0.2095605731010437 0.21072614192962646 0.21049483120441437 0.21121908724308014 0.2127491682767868 0.20893380045890808 0.20914793014526367 0.20745113492012024 0.21014121174812317 0.20955218374729156 0.20767174661159515 0.21066735684871674 0.20707760751247406 0.21109402179718018 0.20846189558506012 0.20787888765335083 0.20731985569000244 0.20846311748027802 0.20989739894866943 0.20821799337863922 0.20832546055316925 0.20848174393177032 0.20783868432044983 0.2104732096195221 0.207830011844635 0.20819373428821564 0.20796728134155273 0.20933422446250916 0.2087206244468689 0.20627768337726593 0.20766258239746094 0.20829501748085022 0.21079149842262268 0.20769493281841278 0.2061793953180313 0.2053261697292328 0.2088204026222229 0.20722976326942444 0.2081744372844696 0.20669640600681305 0.2083321213722229 0.2087925374507904 0.2053672820329666 0.20855261385440826 0.2080349177122116 0.20656022429466248 0.20827360451221466 0.20779547095298767 0.20675329864025116 0.2079499214887619 0.2083810269832611 0.20754927396774292 0.208548441529274 0.2073260098695755 0.2042863368988037 0.2067047357559204 0.20516401529312134 0.20689816772937775 0.20531174540519714 0.20579983294010162 0.20714619755744934 0.2075323611497879 0.2065592259168625 0.20618902146816254 0.20741158723831177 0.2051350176334381 0.20585569739341736 0.20588785409927368 0.20954352617263794 0.20788651704788208 0.20638348162174225 0.20669929683208466 0.20766916871070862 0.20738768577575684 0.20602843165397644 
train_loss_all 0.5661056041717529 0.5555219054222107 0.5496075749397278 0.5299513936042786 0.5229320526123047 0.5192866325378418 0.5168962478637695 0.5142675042152405 0.5113087296485901 0.5087675452232361 0.5061938762664795 0.5035481452941895 0.5009136199951172 0.4973406493663788 0.4939483106136322 0.48992621898651123 0.4860798418521881 0.4827537536621094 0.4790368974208832 0.47624868154525757 0.4740888476371765 0.4715996980667114 0.4697413146495819 0.4679708778858185 0.4658450484275818 0.46440473198890686 0.4628942310810089 0.46116185188293457 0.4598379135131836 0.4580957293510437 0.45737019181251526 0.45612362027168274 0.4550783634185791 0.45365196466445923 0.45270445942878723 0.45151305198669434 0.45100486278533936 0.44978269934654236 0.44868794083595276 0.4476776719093323 0.4468788802623749 0.4462992250919342 0.4449721872806549 0.44378340244293213 0.4430480897426605 0.442231148481369 0.4414615333080292 0.4407130479812622 0.4400739371776581 0.43875405192375183 0.43789342045783997 0.4372904896736145 0.43686825037002563 0.4359748959541321 0.43516090512275696 0.4340393543243408 0.43357646465301514 0.43298307061195374 0.43196743726730347 0.43119725584983826 0.4304020404815674 0.4296838641166687 0.4289321303367615 0.4285251498222351 0.4275296926498413 0.42664408683776855 0.42606234550476074 0.42517396807670593 0.4244118332862854 0.4229971170425415 0.4225303828716278 0.4215584099292755 0.4217710793018341 0.4208070635795593 0.4196346402168274 0.4186188280582428 0.4185792803764343 0.41753923892974854 0.4169735908508301 0.4157545566558838 0.4147036671638489 0.4145236313343048 0.4132469594478607 0.4125896096229553 0.4121547341346741 0.4119549095630646 0.41093891859054565 0.4097646474838257 0.40939271450042725 0.4089033603668213 0.4079306721687317 0.4075356721878052 0.40711671113967896 0.406308114528656 0.4058898687362671 0.40549176931381226 0.40456315875053406 0.4035636782646179 0.4034993648529053 0.40367406606674194 0.4027019441127777 0.4021972119808197 0.4015710651874542 0.4010136127471924 0.4007837474346161 0.40007609128952026 0.40043529868125916 0.3999667763710022 0.3990131914615631 0.39863473176956177 0.39824482798576355 0.39798882603645325 0.39813506603240967 0.39720627665519714 0.39641886949539185 0.3965601921081543 0.39616742730140686 0.3956473767757416 0.3950843811035156 0.3951982259750366 0.39504390954971313 0.3944002687931061 0.39413517713546753 0.39368927478790283 0.3935818076133728 0.39363133907318115 0.39314690232276917 0.39241331815719604 0.3923047184944153 0.3920328915119171 0.39178887009620667 0.391116738319397 0.390546053647995 0.3907111883163452 0.3910400867462158 0.3901742696762085 0.39026349782943726 0.38972216844558716 0.38971996307373047 0.38943201303482056 0.38947606086730957 0.38881003856658936 0.3880217671394348 0.38846808671951294 0.389082133769989 0.38807418942451477 0.38751277327537537 0.38809800148010254 0.38781067728996277 0.38690149784088135 0.3866696059703827 0.3871484398841858 0.3864023685455322 0.38668960332870483 0.3857288956642151 0.3860839605331421 0.38628384470939636 0.38550835847854614 0.3855103850364685 0.38491684198379517 0.3850133419036865 0.3850676715373993 0.38455092906951904 0.3838767409324646 0.383908212184906 0.3843492567539215 0.3844338655471802 0.3833172619342804 0.3837272822856903 0.3829539120197296 0.3830529451370239 0.38235291838645935 0.38223835825920105 0.3820905387401581 0.38226693868637085 0.3819741904735565 0.3817095458507538 0.3810790777206421 0.3814479112625122 0.38096603751182556 0.38058286905288696 0.3806151747703552 0.38052839040756226 0.38090527057647705 0.38089704513549805 0.3796456456184387 0.38000109791755676 0.3799034655094147 0.37960344552993774 0.37994152307510376 0.3795475959777832 0.3789736032485962 0.3787679672241211 0.3787643313407898 0.37883225083351135 0.3791790008544922 0.37827402353286743 0.378559947013855 0.3780497610569 0.37889522314071655 
train_loss_back 0.5661056041717529 0.5555219054222107 0.5496075749397278 0.5299513936042786 0.5229320526123047 0.5192866325378418 0.5168962478637695 0.5142675042152405 0.5113087296485901 0.5087675452232361 0.5061938762664795 0.5035481452941895 0.5009136199951172 0.4973406493663788 0.4939483106136322 0.48992621898651123 0.4860798418521881 0.4827537536621094 0.4790368974208832 0.47624868154525757 0.4740888476371765 0.4715996980667114 0.4697413146495819 0.4679708778858185 0.4658450484275818 0.46440473198890686 0.4628942310810089 0.46116185188293457 0.4598379135131836 0.4580957293510437 0.45737019181251526 0.45612362027168274 0.4550783634185791 0.45365196466445923 0.45270445942878723 0.45151305198669434 0.45100486278533936 0.44978269934654236 0.44868794083595276 0.4476776719093323 0.4468788802623749 0.4462992250919342 0.4449721872806549 0.44378340244293213 0.4430480897426605 0.442231148481369 0.4414615333080292 0.4407130479812622 0.4400739371776581 0.43875405192375183 0.43789342045783997 0.4372904896736145 0.43686825037002563 0.4359748959541321 0.43516090512275696 0.4340393543243408 0.43357646465301514 0.43298307061195374 0.43196743726730347 0.43119725584983826 0.4304020404815674 0.4296838641166687 0.4289321303367615 0.4285251498222351 0.4275296926498413 0.42664408683776855 0.42606234550476074 0.42517396807670593 0.4244118332862854 0.4229971170425415 0.4225303828716278 0.4215584099292755 0.4217710793018341 0.4208070635795593 0.4196346402168274 0.4186188280582428 0.4185792803764343 0.41753923892974854 0.4169735908508301 0.4157545566558838 0.4147036671638489 0.4145236313343048 0.4132469594478607 0.4125896096229553 0.4121547341346741 0.4119549095630646 0.41093891859054565 0.4097646474838257 0.40939271450042725 0.4089033603668213 0.4079306721687317 0.4075356721878052 0.40711671113967896 0.406308114528656 0.4058898687362671 0.40549176931381226 0.40456315875053406 0.4035636782646179 0.4034993648529053 0.40367406606674194 0.4027019441127777 0.4021972119808197 0.4015710651874542 0.4010136127471924 0.4007837474346161 0.40007609128952026 0.40043529868125916 0.3999667763710022 0.3990131914615631 0.39863473176956177 0.39824482798576355 0.39798882603645325 0.39813506603240967 0.39720627665519714 0.39641886949539185 0.3965601921081543 0.39616742730140686 0.3956473767757416 0.3950843811035156 0.3951982259750366 0.39504390954971313 0.3944002687931061 0.39413517713546753 0.39368927478790283 0.3935818076133728 0.39363133907318115 0.39314690232276917 0.39241331815719604 0.3923047184944153 0.3920328915119171 0.39178887009620667 0.391116738319397 0.390546053647995 0.3907111883163452 0.3910400867462158 0.3901742696762085 0.39026349782943726 0.38972216844558716 0.38971996307373047 0.38943201303482056 0.38947606086730957 0.38881003856658936 0.3880217671394348 0.38846808671951294 0.389082133769989 0.38807418942451477 0.38751277327537537 0.38809800148010254 0.38781067728996277 0.38690149784088135 0.3866696059703827 0.3871484398841858 0.3864023685455322 0.38668960332870483 0.3857288956642151 0.3860839605331421 0.38628384470939636 0.38550835847854614 0.3855103850364685 0.38491684198379517 0.3850133419036865 0.3850676715373993 0.38455092906951904 0.3838767409324646 0.383908212184906 0.3843492567539215 0.3844338655471802 0.3833172619342804 0.3837272822856903 0.3829539120197296 0.3830529451370239 0.38235291838645935 0.38223835825920105 0.3820905387401581 0.38226693868637085 0.3819741904735565 0.3817095458507538 0.3810790777206421 0.3814479112625122 0.38096603751182556 0.38058286905288696 0.3806151747703552 0.38052839040756226 0.38090527057647705 0.38089704513549805 0.3796456456184387 0.38000109791755676 0.3799034655094147 0.37960344552993774 0.37994152307510376 0.3795475959777832 0.3789736032485962 0.3787679672241211 0.3787643313407898 0.37883225083351135 0.3791790008544922 0.37827402353286743 0.378559947013855 0.3780497610569 0.37889522314071655 
train_loss1_vel 0.01728704199194908 0.01720980368554592 0.017057931050658226 0.01648615300655365 0.0163034126162529 0.01622665673494339 0.016172051429748535 0.016119524836540222 0.016056835651397705 0.016007132828235626 0.015948498621582985 0.015882160514593124 0.01581002213060856 0.015701597556471825 0.015599824488162994 0.015475220046937466 0.015349941328167915 0.015248560346662998 0.015128636732697487 0.015040231868624687 0.01497342623770237 0.014893759973347187 0.014835407957434654 0.014778215438127518 0.014715664088726044 0.01466923113912344 0.014623812399804592 0.014567102305591106 0.014523965306580067 0.014473378658294678 0.014448245987296104 0.014409960247576237 0.014375212602317333 0.014329195953905582 0.014303555712103844 0.014265293255448341 0.014247458428144455 0.014208982698619366 0.014177781529724598 0.014146211557090282 0.014119880273938179 0.014100066386163235 0.014061210677027702 0.014023332856595516 0.014000693336129189 0.013974406756460667 0.013950135558843613 0.01392681710422039 0.013905983418226242 0.013865050859749317 0.013837472535669804 0.013817605562508106 0.013804681599140167 0.013778016902506351 0.013748935423791409 0.013715471141040325 0.013701478019356728 0.013680982403457165 0.013648555614054203 0.013624045066535473 0.013598418794572353 0.01357068121433258 0.01354863028973341 0.013534105382859707 0.013503305613994598 0.013472464866936207 0.013455324806272984 0.013424208387732506 0.01339781191200018 0.01335325837135315 0.013335942290723324 0.01330479234457016 0.013312747702002525 0.013279086910188198 0.013236651197075844 0.013206067495048046 0.013201430439949036 0.013167407363653183 0.013150590471923351 0.01310766488313675 0.013072528876364231 0.01306656002998352 0.013023320585489273 0.013004063628613949 0.012987127527594566 0.012974720448255539 0.012943991459906101 0.012905904091894627 0.012889763340353966 0.0128762386739254 0.012843433767557144 0.012829951010644436 0.012812294997274876 0.012784986756742 0.01277350727468729 0.012759343720972538 0.012727269902825356 0.012696001678705215 0.012694337405264378 0.012699843384325504 0.012664282694458961 0.01264827512204647 0.012626186944544315 0.012610659003257751 0.01260345708578825 0.012575561180710793 0.01258857361972332 0.012576247565448284 0.012542766518890858 0.012532168067991734 0.012517202645540237 0.012506707571446896 0.012512421235442162 0.012486489489674568 0.01245975587517023 0.012462563812732697 0.0124509921297431 0.012431048788130283 0.012413274496793747 0.012417490594089031 0.01241456437855959 0.012392105534672737 0.012384436093270779 0.0123680355027318 0.012364320456981659 0.012366065755486488 0.012350544333457947 0.012325980700552464 0.012323868460953236 0.012313725426793098 0.012308746576309204 0.012286362238228321 0.01226870995014906 0.012268937192857265 0.012285638600587845 0.012257928028702736 0.012254399247467518 0.012243160046637058 0.012235881760716438 0.012230513617396355 0.012232457287609577 0.01220922451466322 0.01218367274850607 0.012196779251098633 0.012220842763781548 0.012186389416456223 0.01216652151197195 0.012187113054096699 0.012174439616501331 0.012149441055953503 0.01214143168181181 0.012157284654676914 0.01212883647531271 0.012139265425503254 0.012110525742173195 0.012122859247028828 0.01212832797318697 0.012097139842808247 0.012102940119802952 0.012086041271686554 0.012088276445865631 0.012086194939911366 0.012072574347257614 0.012050619348883629 0.01205189898610115 0.012058869935572147 0.012064490467309952 0.012030438520014286 0.012042239308357239 0.012018191628158092 0.01202367153018713 0.012000859715044498 0.01199300866574049 0.011990776285529137 0.011995110660791397 0.01198680978268385 0.011979306116700172 0.0119572002440691 0.011969027109444141 0.011955414898693562 0.011942751705646515 0.011943361721932888 0.011938411742448807 0.011954747140407562 0.011951125226914883 0.011910433880984783 0.011922807432711124 0.011917708441615105 0.0119100883603096 0.011918815784156322 0.011909468099474907 0.011888744309544563 0.011883523315191269 0.011879684403538704 0.011884434148669243 0.011894559487700462 0.011863097548484802 0.011873009614646435 0.011858554556965828 0.01188646163791418 
train_loss2_dep 15.414042472839355 11.198863983154297 10.562880516052246 9.244414329528809 8.45865535736084 7.809149742126465 7.679439544677734 7.395320415496826 7.361499309539795 7.193246841430664 7.157480716705322 6.962847709655762 6.8116679191589355 6.630988121032715 6.531888484954834 6.352050304412842 6.313974380493164 6.163160800933838 6.066181182861328 6.047479629516602 5.8902201652526855 5.920105457305908 5.90383243560791 5.863768577575684 5.798864364624023 5.7468581199646 5.6974263191223145 5.727753639221191 5.759312152862549 5.624299049377441 5.630151271820068 5.657751560211182 5.591535568237305 5.6639204025268555 5.5358076095581055 5.526305675506592 5.554797649383545 5.522212028503418 5.4630608558654785 5.429030895233154 5.421640872955322 5.470188617706299 5.381865501403809 5.399811267852783 5.42147970199585 5.403284072875977 5.395459175109863 5.409830093383789 5.353424549102783 5.336625576019287 5.3743510246276855 5.356363773345947 5.343379020690918 5.393927574157715 5.381622314453125 5.341534614562988 5.389594078063965 5.404016017913818 5.374240398406982 5.358680248260498 5.370061874389648 5.504367828369141 5.448878288269043 5.432661533355713 5.3943328857421875 5.509764194488525 5.449612617492676 5.481097221374512 5.507129192352295 5.502231121063232 5.525412559509277 5.587785720825195 5.438962936401367 5.552909851074219 5.640778064727783 5.561290264129639 5.624162197113037 5.651882171630859 5.551372528076172 5.666569709777832 5.655657768249512 5.6046953201293945 5.6839599609375 5.603796482086182 5.6479716300964355 5.74907922744751 5.709800720214844 5.712151050567627 5.819940090179443 5.719888687133789 5.80405330657959 5.770509243011475 5.914328098297119 5.890349864959717 5.822462558746338 5.852057933807373 5.862667560577393 5.825943946838379 5.857148170471191 5.85306978225708 5.91823673248291 5.932521820068359 5.945122241973877 5.94132661819458 5.936532497406006 5.936390399932861 5.958677291870117 5.978527069091797 6.001138687133789 5.962366104125977 6.034611701965332 6.043511390686035 6.011894226074219 5.95750617980957 5.979135513305664 6.0312933921813965 5.99932861328125 6.070096969604492 6.0403666496276855 6.046014785766602 5.994856357574463 6.073220729827881 5.9988274574279785 6.113965034484863 6.0763726234436035 6.111492156982422 6.068972110748291 6.098816871643066 6.033060073852539 6.024978160858154 6.054821014404297 6.065267562866211 6.090986251831055 6.162736892700195 5.998694896697998 6.0450968742370605 6.14643669128418 6.066158294677734 6.1589460372924805 6.120798587799072 6.12324333190918 6.1878886222839355 6.151616096496582 6.149129867553711 6.077404499053955 6.125628471374512 6.169315338134766 6.141973495483398 6.16054630279541 6.106688976287842 6.109772682189941 6.1077799797058105 6.190751075744629 6.17713737487793 6.178202152252197 6.112596035003662 6.123701095581055 6.22366189956665 6.149705410003662 6.125216960906982 6.17743444442749 6.184913158416748 6.139987468719482 6.112645626068115 6.15009069442749 6.314697265625 6.2180376052856445 6.255534648895264 6.204497814178467 6.188459396362305 6.166987419128418 6.116762161254883 6.2513508796691895 6.208272933959961 6.212860107421875 6.164504051208496 6.157740592956543 6.174348831176758 6.215989112854004 6.247312545776367 6.181353569030762 6.240021705627441 6.249561309814453 6.179145812988281 6.261324405670166 6.221456527709961 6.186283588409424 6.270660400390625 6.220595359802246 6.2490057945251465 6.217616558074951 6.255300521850586 6.212443828582764 6.209194183349609 6.186331748962402 6.264273643493652 6.312517166137695 6.266387462615967 6.213912010192871 6.242607116699219 
train_loss3_thi 13.529826164245605 12.392576217651367 12.06145191192627 11.602739334106445 11.195486068725586 10.73445987701416 10.289693832397461 9.702081680297852 8.857717514038086 8.071742057800293 7.335161209106445 6.881319046020508 6.575765132904053 6.5074872970581055 6.323462009429932 6.311795711517334 6.38826322555542 6.318213939666748 6.407422065734863 6.366761207580566 6.409730911254883 6.3566694259643555 6.313126564025879 6.350719451904297 6.19590425491333 6.241518974304199 6.168368339538574 6.167725563049316 6.1519083976745605 6.076018333435059 6.13130521774292 6.035851001739502 6.132507801055908 6.064159393310547 6.006793975830078 6.00838565826416 6.0328593254089355 6.0279221534729 5.934835433959961 5.928752422332764 5.954962253570557 5.949721336364746 5.888504505157471 5.854305267333984 5.794676303863525 5.808653354644775 5.79531192779541 5.751425743103027 5.811255931854248 5.766660213470459 5.7242207527160645 5.755676746368408 5.742307662963867 5.615454196929932 5.729270935058594 5.66793155670166 5.587436199188232 5.622700214385986 5.638123035430908 5.640106201171875 5.6276140213012695 5.662436008453369 5.636058330535889 5.70116662979126 5.68958044052124 5.658483982086182 5.657831192016602 5.713352203369141 5.750630855560303 5.714823246002197 5.77045202255249 5.700911045074463 5.8059163093566895 5.784082889556885 5.854411602020264 5.8538336753845215 5.90714168548584 5.893553256988525 5.9394049644470215 5.946446895599365 5.9940900802612305 6.0464186668396 6.034669876098633 6.044366359710693 6.0953192710876465 6.189717769622803 6.157744884490967 6.1574249267578125 6.185075283050537 6.205625534057617 6.167645454406738 6.220281600952148 6.211328983306885 6.267848014831543 6.2677507400512695 6.278656482696533 6.328505516052246 6.3281331062316895 6.286520004272461 6.295093536376953 6.355900287628174 6.3316731452941895 6.372934341430664 6.30019474029541 6.297091007232666 6.443570137023926 6.3829731941223145 6.27857780456543 6.333070278167725 6.319773197174072 6.319985866546631 6.376163005828857 6.377552032470703 6.304459095001221 6.319053649902344 6.3220744132995605 6.317755699157715 6.340604305267334 6.354207515716553 6.3335394859313965 6.320910453796387 6.292110443115234 6.335697650909424 6.281805992126465 6.324797630310059 6.2868170738220215 6.321784496307373 6.314845085144043 6.336572647094727 6.38247537612915 6.268013954162598 6.27443790435791 6.223534107208252 6.30423641204834 6.286565780639648 6.230152130126953 6.32002067565918 6.2123284339904785 6.332820892333984 6.253856658935547 6.2363667488098145 6.219595909118652 6.2538933753967285 6.296921730041504 6.246540069580078 6.249763488769531 6.254452228546143 6.2351603507995605 6.3141961097717285 6.234899997711182 6.245811939239502 6.239018440246582 6.280026912689209 6.261618614196777 6.18833065032959 6.229877471923828 6.248850345611572 6.323744773864746 6.2308478355407715 6.185381889343262 6.15978479385376 6.264612197875977 6.216892719268799 6.245233058929443 6.200891971588135 6.249963760375977 6.263775825500488 6.161018371582031 6.25657844543457 6.241047382354736 6.196806907653809 6.248208045959473 6.233863830566406 6.202598571777344 6.238497734069824 6.251430988311768 6.226478099822998 6.256453037261963 6.219780445098877 6.128590106964111 6.201141834259033 6.1549201011657715 6.206944942474365 6.1593523025512695 6.173995018005371 6.214385986328125 6.22597074508667 6.196776866912842 6.185670852661133 6.222347736358643 6.154050350189209 6.175671100616455 6.1766357421875 6.2863054275512695 6.236595630645752 6.191504001617432 6.200978755950928 6.230074882507324 6.221630573272705 6.180852890014648 
validate_loss1 0.5701826810836792 0.5702871680259705 0.5523762702941895 0.5403860807418823 0.5366026759147644 0.5396387577056885 0.5352085828781128 0.5359786152839661 0.53615802526474 0.5380927324295044 0.5340002179145813 0.5353091359138489 0.5315496325492859 0.5347495079040527 0.5274720788002014 0.5243074893951416 0.5204403400421143 0.5196406245231628 0.5196537375450134 0.5164316892623901 0.5170215964317322 0.52360600233078 0.5149298906326294 0.5150139331817627 0.5159518122673035 0.5161418914794922 0.5167834758758545 0.5155748724937439 0.51552414894104 0.5183280110359192 0.517735481262207 0.5190978646278381 0.517501711845398 0.5191078782081604 0.5200543999671936 0.5197826027870178 0.5193341374397278 0.51929771900177 0.521558403968811 0.5206626653671265 0.5215793251991272 0.5208629965782166 0.5225510597229004 0.5228280425071716 0.5283960103988647 0.5271860361099243 0.5248715281486511 0.5280729532241821 0.5259137153625488 0.5258256793022156 0.5267785787582397 0.525336503982544 0.5268238186836243 0.5277426838874817 0.5272746682167053 0.5275889039039612 0.5264995694160461 0.5282717943191528 0.5300111174583435 0.5301487445831299 0.5285778641700745 0.5295848846435547 0.529262900352478 0.5305890440940857 0.5308012366294861 0.5297449827194214 0.5300074219703674 0.5288769006729126 0.5317474007606506 0.5319810509681702 0.5308195352554321 0.5303745865821838 0.5310202240943909 0.531853973865509 0.5313059091567993 0.5306151509284973 0.5318038463592529 0.5303847789764404 0.532124400138855 0.5324208736419678 0.5313432216644287 0.5302071571350098 0.5325946807861328 0.5327211022377014 0.5317240357398987 0.5318622589111328 0.5318617820739746 0.5322085022926331 0.5315167903900146 0.5351045727729797 0.5350582599639893 0.5340051054954529 0.5332740545272827 0.5333800315856934 0.5326087474822998 0.5326644778251648 0.5333707928657532 0.5325971841812134 0.5345844626426697 0.5342022776603699 0.5347205400466919 0.534258246421814 0.5368340611457825 0.5346397161483765 0.5342288017272949 0.5358263850212097 0.535110592842102 0.5356650948524475 0.5383266806602478 0.5362264513969421 0.5349113941192627 0.5364850759506226 0.5365902185440063 0.5379723310470581 0.5372222065925598 0.535647988319397 0.5362188220024109 0.5380057692527771 0.5365263819694519 0.5364150404930115 0.5385646820068359 0.5381677746772766 0.5381467342376709 0.5381258726119995 0.5380560755729675 0.539242148399353 0.5381829738616943 0.5381060838699341 0.5371730327606201 0.5403817892074585 0.5391740798950195 0.5394003987312317 0.5385957360267639 0.5393841862678528 0.5414156317710876 0.5399235486984253 0.5401092767715454 0.5402702689170837 0.5399095416069031 0.5387189388275146 0.5399405360221863 0.5396562218666077 0.540951132774353 0.539734959602356 0.5406427979469299 0.5421999096870422 0.540526270866394 0.5403297543525696 0.5403372645378113 0.5420191287994385 0.5425623655319214 0.5409268140792847 0.5403473973274231 0.5410796403884888 0.5410127639770508 0.5415410399436951 0.5421739220619202 0.5428292751312256 0.5424927473068237 0.540550708770752 0.5426271557807922 0.5412349104881287 0.5408903360366821 0.5426300168037415 0.5432649254798889 0.5420874357223511 0.542697012424469 0.5419071912765503 0.5419120192527771 0.5428805351257324 0.5412538051605225 0.5431326031684875 0.5435642004013062 0.5422890782356262 0.543632447719574 0.5427931547164917 0.5446330308914185 0.543834924697876 0.544280469417572 0.5452126860618591 0.5433329343795776 0.5456939339637756 0.543451189994812 0.5440803170204163 0.5467150807380676 0.5458356142044067 0.5439534783363342 0.5438618063926697 0.5450873970985413 0.5442422032356262 0.5451182723045349 0.5440489053726196 0.5449824333190918 0.5454167127609253 0.5455584526062012 0.5449656248092651 0.5442340970039368 0.5461427569389343 0.5459343194961548 0.5472861528396606 
validate_loss2 0.38140833377838135 0.40865954756736755 0.32015517354011536 0.33911028504371643 0.36015915870666504 0.3206372857093811 0.3510909080505371 0.39987555146217346 0.33301976323127747 0.37979060411453247 0.33014723658561707 0.35722383856773376 0.3271743655204773 0.38568115234375 0.3244570195674896 0.349525511264801 0.33754509687423706 0.34231650829315186 0.4007042944431305 0.34115031361579895 0.34925317764282227 0.3489014506340027 0.36417439579963684 0.34519851207733154 0.36807355284690857 0.3544698655605316 0.3608717620372772 0.3487522006034851 0.3486374020576477 0.3630967140197754 0.34876590967178345 0.35806721448898315 0.35320723056793213 0.3539081811904907 0.3643478453159332 0.35031938552856445 0.35544726252555847 0.3502006232738495 0.37352943420410156 0.3533236086368561 0.34710273146629333 0.35101118683815 0.3540998101234436 0.35226088762283325 0.3563329577445984 0.3622884452342987 0.3492833375930786 0.3532748818397522 0.3526381254196167 0.3514091670513153 0.3506581783294678 0.3512457311153412 0.3546622693538666 0.3502362072467804 0.350242018699646 0.3547302186489105 0.35353392362594604 0.35430434346199036 0.36332738399505615 0.35711777210235596 0.35072219371795654 0.3542613089084625 0.353420227766037 0.3589458763599396 0.3639231026172638 0.35072726011276245 0.35609033703804016 0.35340580344200134 0.3619146943092346 0.36493414640426636 0.36480340361595154 0.36363136768341064 0.3646467626094818 0.3642692565917969 0.37045127153396606 0.3710450232028961 0.3630492687225342 0.36520370841026306 0.3649810552597046 0.36842241883277893 0.3696794807910919 0.3668336272239685 0.36580654978752136 0.36876380443573 0.37693509459495544 0.37245088815689087 0.37277311086654663 0.36984506249427795 0.37502431869506836 0.3753904700279236 0.3748930096626282 0.3746916651725769 0.3768787980079651 0.3706877529621124 0.37858060002326965 0.3765254616737366 0.3723744750022888 0.3737490177154541 0.3785982131958008 0.371951162815094 0.3744955062866211 0.37320438027381897 0.3839333653450012 0.37947267293930054 0.3811527192592621 0.382900595664978 0.3813369870185852 0.38016289472579956 0.3843900263309479 0.38273656368255615 0.38075992465019226 0.3832693099975586 0.38394448161125183 0.37831926345825195 0.373953640460968 0.37975114583969116 0.38262173533439636 0.38601183891296387 0.38346990942955017 0.3880208432674408 0.3821779191493988 0.3871987462043762 0.3824986517429352 0.38788631558418274 0.38454505801200867 0.38193657994270325 0.38102325797080994 0.3822352886199951 0.38561180233955383 0.38293248414993286 0.3819466829299927 0.3872327506542206 0.384550005197525 0.3788972795009613 0.38149428367614746 0.3887875974178314 0.3881723880767822 0.38488003611564636 0.38557013869285583 0.3879404366016388 0.3861845135688782 0.38219907879829407 0.38651227951049805 0.3866640627384186 0.38576093316078186 0.386067658662796 0.38849741220474243 0.3837510943412781 0.3853527009487152 0.3872168958187103 0.3854741156101227 0.3855898976325989 0.3852839171886444 0.3851580321788788 0.3899911344051361 0.3888765275478363 0.3883349895477295 0.39195558428764343 0.3892694413661957 0.38919195532798767 0.38995662331581116 0.3902369737625122 0.38608086109161377 0.38798996806144714 0.3916545510292053 0.3901101052761078 0.3855708837509155 0.3896947503089905 0.38964349031448364 0.39043790102005005 0.3896120488643646 0.38678812980651855 0.3893849551677704 0.3914797306060791 0.3862592875957489 0.3899931311607361 0.3879576325416565 0.3902975022792816 0.3884464204311371 0.39171698689460754 0.39093050360679626 0.39234745502471924 0.393522709608078 0.3906090557575226 0.39571747183799744 0.39015910029411316 0.3900972902774811 0.39087894558906555 0.39253321290016174 0.3917006254196167 0.3910068869590759 0.39240676164627075 0.3910824656486511 0.3910441994667053 0.39189037680625916 0.38931867480278015 0.39245036244392395 0.3884594440460205 0.39202362298965454 0.3910340368747711 
validate_loss3 0.40127211809158325 0.4250424802303314 0.388716459274292 0.3973763585090637 0.3949187994003296 0.40838509798049927 0.40830978751182556 0.4255264699459076 0.4053891897201538 0.4588416516780853 0.42923930287361145 0.43987274169921875 0.42308005690574646 0.5914345979690552 0.414288729429245 0.4521141052246094 0.41594189405441284 0.43033668398857117 0.5445372462272644 0.43512672185897827 0.4463484287261963 0.4233240783214569 0.42477282881736755 0.42895135283470154 0.4574863910675049 0.4315304160118103 0.44646501541137695 0.41423001885414124 0.4106684923171997 0.4363914132118225 0.4291765093803406 0.4215810298919678 0.42361634969711304 0.4228273034095764 0.43854567408561707 0.4209716320037842 0.42402002215385437 0.4219435453414917 0.45596641302108765 0.42907288670539856 0.42040058970451355 0.42653757333755493 0.4425497055053711 0.4358764588832855 0.4568338692188263 0.44968706369400024 0.4270426332950592 0.44489872455596924 0.4325201213359833 0.43228673934936523 0.43015748262405396 0.4295513331890106 0.43482109904289246 0.4326952397823334 0.43576839566230774 0.4382757842540741 0.42882999777793884 0.43547332286834717 0.45409440994262695 0.4352286159992218 0.4274081587791443 0.4202958941459656 0.4295373857021332 0.43061578273773193 0.41799038648605347 0.4204555153846741 0.423560231924057 0.4206879436969757 0.4324142038822174 0.4434320628643036 0.43284812569618225 0.42282652854919434 0.4252591133117676 0.4237839877605438 0.42797473073005676 0.43991971015930176 0.4227670431137085 0.4262492060661316 0.4340910315513611 0.42471590638160706 0.44274798035621643 0.4307970404624939 0.4167341887950897 0.4207075834274292 0.4454762637615204 0.4355793297290802 0.4319376051425934 0.4223521649837494 0.4312020242214203 0.43584734201431274 0.4228881597518921 0.4247836172580719 0.42463919520378113 0.4167850613594055 0.42853111028671265 0.43124067783355713 0.42394131422042847 0.4345223307609558 0.42364436388015747 0.41880151629447937 0.4267292320728302 0.42027196288108826 0.4265071451663971 0.4208621382713318 0.43115881085395813 0.43164390325546265 0.43311986327171326 0.4271450638771057 0.43224307894706726 0.4393446445465088 0.43579888343811035 0.42832762002944946 0.4413173794746399 0.4317636489868164 0.4289504289627075 0.4255377948284149 0.43704885244369507 0.4359135329723358 0.4339355528354645 0.4383094012737274 0.43678656220436096 0.43412402272224426 0.4342019855976105 0.43280601501464844 0.431973934173584 0.4365869164466858 0.4421197175979614 0.43041059374809265 0.43481770157814026 0.43177419900894165 0.4388260245323181 0.4396539330482483 0.4392293095588684 0.4346548914909363 0.43353816866874695 0.43813422322273254 0.437806636095047 0.43594256043434143 0.42662763595581055 0.4365865886211395 0.43747562170028687 0.4316072463989258 0.4470835030078888 0.4403550922870636 0.44805508852005005 0.4455110728740692 0.44385457038879395 0.4471416473388672 0.44101375341415405 0.4407585859298706 0.44301921129226685 0.4356100857257843 0.43663376569747925 0.4317060112953186 0.4420647919178009 0.4439452886581421 0.4416724145412445 0.44623106718063354 0.43376654386520386 0.4378531873226166 0.4411408305168152 0.4389531910419464 0.44106099009513855 0.4408069849014282 0.44457975029945374 0.4462586045265198 0.4375567138195038 0.4396861791610718 0.4422301948070526 0.44468632340431213 0.4448610544204712 0.4388047158718109 0.44271132349967957 0.44748708605766296 0.4365214407444 0.4430513381958008 0.44227394461631775 0.4501684010028839 0.44689181447029114 0.4566354751586914 0.44401875138282776 0.44704002141952515 0.4462568163871765 0.4526248574256897 0.446662575006485 0.4490137994289398 0.4422500431537628 0.4436364769935608 0.4510161876678467 0.44032371044158936 0.4503406882286072 0.4404613971710205 0.44617342948913574 0.44822102785110474 0.44837626814842224 0.439549058675766 0.44654083251953125 0.4490155875682831 0.4504950940608978 0.4376696050167084 
validate_loss_all 0.5521677136421204 0.5544512271881104 0.5330485701560974 0.5231781005859375 0.5204529166221619 0.5223102569580078 0.5194286704063416 0.5230042934417725 0.5194580554962158 0.5256890654563904 0.5185152292251587 0.5212786793708801 0.5158782005310059 0.5306987762451172 0.5116472244262695 0.5116323232650757 0.5058374404907227 0.5060089230537415 0.5149348974227905 0.5032975673675537 0.5047348737716675 0.5095201730728149 0.5023677349090576 0.5018642544746399 0.5051421523094177 0.503394603729248 0.5050064921379089 0.5017895102500916 0.5015665888786316 0.5059781074523926 0.5044845938682556 0.5057249665260315 0.5041782259941101 0.5056229829788208 0.5077007412910461 0.5059964060783386 0.5059502124786377 0.5055997371673584 0.5103503465652466 0.5073161721229553 0.5074672698974609 0.5072774291038513 0.5097364187240601 0.5095738172531128 0.5158491134643555 0.5146299600601196 0.5108652710914612 0.5148188471794128 0.5122158527374268 0.5120747685432434 0.5128026604652405 0.5114894509315491 0.5132368206977844 0.5137850046157837 0.51351398229599 0.5141051411628723 0.5126005411148071 0.5145663619041443 0.5174533128738403 0.5163686871528625 0.5143014192581177 0.5150129199028015 0.5151354074478149 0.5166146755218506 0.5164018273353577 0.5150235891342163 0.5156276226043701 0.5143548846244812 0.5178743004798889 0.5187579393386841 0.5171744227409363 0.5162345170974731 0.5169793367385864 0.5176482200622559 0.5176124572753906 0.5176013708114624 0.5175034403800964 0.5164746046066284 0.5184247493743896 0.5183797478675842 0.5183442234992981 0.5166035294532776 0.5180470943450928 0.5184739232063293 0.5191330909729004 0.5185733437538147 0.5184073448181152 0.5181332230567932 0.518154501914978 0.5216452479362488 0.520954430103302 0.5200823545455933 0.5195062160491943 0.5189657211303711 0.5191646814346313 0.5192592144012451 0.5193692445755005 0.519241213798523 0.5207188725471497 0.5198599100112915 0.5208158493041992 0.5200332403182983 0.5231227278709412 0.5206736922264099 0.520869255065918 0.522413969039917 0.5217708349227905 0.5219326615333557 0.524770200252533 0.5231461524963379 0.5216969847679138 0.5228655934333801 0.523624837398529 0.5241665244102478 0.5231665372848511 0.5218222737312317 0.5230212211608887 0.5247284173965454 0.5231835246086121 0.52349454164505 0.5251117944717407 0.5248391628265381 0.5246211886405945 0.5247671008110046 0.5245188474655151 0.5257048606872559 0.5249796509742737 0.5243892669677734 0.5239042043685913 0.526545524597168 0.5257533192634583 0.5262261033058167 0.5253615379333496 0.5256098508834839 0.5275055766105652 0.5266921520233154 0.5268174409866333 0.5267300605773926 0.5259842276573181 0.5254900455474854 0.5265626907348633 0.5258490443229675 0.5279648900032043 0.526538610458374 0.527702271938324 0.5289968252182007 0.5275061726570129 0.5272873640060425 0.5270592570304871 0.5286484360694885 0.5291760563850403 0.5273386240005493 0.5268509387969971 0.5272695422172546 0.5279224514961243 0.5284445881843567 0.5288815498352051 0.5298559665679932 0.5288255214691162 0.5272632837295532 0.5293355584144592 0.5279813408851624 0.527593195438385 0.5292367935180664 0.5301551222801208 0.529106616973877 0.5290346741676331 0.5286017656326294 0.528728723526001 0.5297600030899048 0.5282620787620544 0.5295419692993164 0.5302355289459229 0.5294093489646912 0.5298606753349304 0.5295811295509338 0.5311194658279419 0.5308887958526611 0.5310490131378174 0.5325196385383606 0.5301575660705566 0.5325028896331787 0.5304877161979675 0.5312469005584717 0.5335541367530823 0.5326341390609741 0.5305957794189453 0.5306147933006287 0.5321599841117859 0.5308321714401245 0.5320881009101868 0.5306947231292725 0.5317620038986206 0.5322542786598206 0.5324267148971558 0.5313459634780884 0.5311627984046936 0.5328389406204224 0.5328774452209473 0.5334292054176331 
validate_loss1_vel 0.017105480656027794 0.0171086136251688 0.0165712870657444 0.016211582347750664 0.016098080202937126 0.01618916355073452 0.016056258231401443 0.016079358756542206 0.016084739938378334 0.01614278182387352 0.01602000556886196 0.016059275716543198 0.015946488827466965 0.01604248583316803 0.01582416146993637 0.015729224309325218 0.015613209456205368 0.015589218586683273 0.015589612536132336 0.015492950566112995 0.015510647557675838 0.015708180144429207 0.015447895973920822 0.01545041799545288 0.015478555113077164 0.01548425666987896 0.015503503382205963 0.015467246063053608 0.01546572521328926 0.015549840405583382 0.015532064251601696 0.015572935342788696 0.015525051392614841 0.015573236159980297 0.015601633116602898 0.01559347752481699 0.01558002457022667 0.01557893119752407 0.01564675197005272 0.015619880519807339 0.01564737968146801 0.015625890344381332 0.015676531940698624 0.015684841200709343 0.015851879492402077 0.015815580263733864 0.01574614644050598 0.015842188149690628 0.015777412801980972 0.015774771571159363 0.01580335758626461 0.015760095790028572 0.0158047154545784 0.01583228074014187 0.015818240121006966 0.015827666968107224 0.015794986858963966 0.015848154202103615 0.01590033248066902 0.015904461964964867 0.015857335180044174 0.01588754542171955 0.01587788574397564 0.015917671844363213 0.015924036502838135 0.015892349183559418 0.015900222584605217 0.01586630754172802 0.015952423214912415 0.01595943234860897 0.015924585983157158 0.01591123640537262 0.015930606052279472 0.015955619513988495 0.015939176082611084 0.01591845601797104 0.015954114496707916 0.015911543741822243 0.015963731333613396 0.015972627326846123 0.01594029739499092 0.015906214714050293 0.01597784087061882 0.015981633216142654 0.015951720997691154 0.015955869108438492 0.015955854207277298 0.015966255217790604 0.01594550348818302 0.016053136438131332 0.016051748767495155 0.01602015271782875 0.015998221933841705 0.016001399606466293 0.015978263691067696 0.015979934483766556 0.016001123934984207 0.01597791537642479 0.016037533059716225 0.016026068478822708 0.016041617840528488 0.016027746722102165 0.01610502228140831 0.01603919081389904 0.01602686382830143 0.01607479155063629 0.016053318977355957 0.01606995239853859 0.016149800270795822 0.016086792573332787 0.016047341749072075 0.016094552353024483 0.01609770767390728 0.01613917015492916 0.016116665676236153 0.01606944017112255 0.01608656533062458 0.016140172258019447 0.01609579101204872 0.01609245128929615 0.016156939789652824 0.01614503189921379 0.01614440232515335 0.01614377647638321 0.016141681000590324 0.016177264973521233 0.016145488247275352 0.016143182292580605 0.01611519046127796 0.016211453825235367 0.016175223514437675 0.016182012856006622 0.01615787111222744 0.016181524842977524 0.01624246872961521 0.016197707504034042 0.016203278675675392 0.0162081066519022 0.016197286546230316 0.016161568462848663 0.016198216006159782 0.016189686954021454 0.016228534281253815 0.01619204878807068 0.016219284385442734 0.016265997663140297 0.016215788200497627 0.01620989292860031 0.01621011644601822 0.016260573640465736 0.016276869922876358 0.016227804124355316 0.016210421919822693 0.016232389956712723 0.016230382025241852 0.016246231272816658 0.01626521907746792 0.016284877434372902 0.01627478189766407 0.016216522082686424 0.016278814524412155 0.0162370465695858 0.01622670888900757 0.01627890020608902 0.016297947615385056 0.01626262441277504 0.01628091000020504 0.016257215291261673 0.016257360577583313 0.016286415979266167 0.016237614676356316 0.016293978318572044 0.016306927427649498 0.016268672421574593 0.016308972612023354 0.0162837952375412 0.01633899100124836 0.016315046697854996 0.016328414902091026 0.01635638065636158 0.016299989074468613 0.01637081801891327 0.01630353555083275 0.016322409734129906 0.01640145294368267 0.016375068575143814 0.016318604350090027 0.016315855085849762 0.016352621838450432 0.01632726565003395 0.0163535475730896 0.016321467235684395 0.01634947396814823 0.016362501308321953 0.016366753727197647 0.01634896919131279 0.01632702350616455 0.01638428308069706 0.01637803018093109 0.016418583691120148 
validate_loss2_dep 11.44225025177002 12.259786605834961 9.604655265808105 10.173308372497559 10.80477523803711 9.619118690490723 10.532727241516113 11.99626636505127 9.990592956542969 11.393718719482422 9.904417037963867 10.716714859008789 9.815230369567871 11.5704345703125 9.733710289001465 10.48576545715332 10.12635326385498 10.269495010375977 12.02112865447998 10.234509468078613 10.477595329284668 10.467042922973633 10.92523193359375 10.355955123901367 11.042206764221191 10.634096145629883 10.826152801513672 10.462566375732422 10.459121704101562 10.892901420593262 10.462977409362793 10.742016792297363 10.596217155456543 10.6172456741333 10.930435180664062 10.509581565856934 10.66341781616211 10.50601863861084 11.205883026123047 10.59970760345459 10.413082122802734 10.530335426330566 10.622994422912598 10.567826271057129 10.689988136291504 10.868653297424316 10.478499412536621 10.598246574401855 10.579143524169922 10.542274475097656 10.519745826721191 10.537372589111328 10.639867782592773 10.507086753845215 10.5072603225708 10.64190673828125 10.60601806640625 10.629130363464355 10.899822235107422 10.713533401489258 10.521665573120117 10.627839088439941 10.602606773376465 10.768376350402832 10.917693138122559 10.521818161010742 10.682709693908691 10.602173805236816 10.857440948486328 10.94802474975586 10.94410228729248 10.908940315246582 10.93940258026123 10.928077697753906 11.113537788391113 11.13135051727295 10.891478538513184 10.956110954284668 10.949431419372559 11.052672386169434 11.090384483337402 11.005008697509766 10.974196434020996 11.06291389465332 11.308053016662598 11.173526763916016 11.18319320678711 11.095352172851562 11.25072956085205 11.261714935302734 11.246790885925293 11.24074935913086 11.306364059448242 11.12063217163086 11.357418060302734 11.29576301574707 11.171234130859375 11.212470054626465 11.357946395874023 11.15853500366211 11.234865188598633 11.196131706237793 11.518000602722168 11.384180068969727 11.434581756591797 11.487018585205078 11.440110206604004 11.404886245727539 11.53170108795166 11.482096672058105 11.422798156738281 11.498079299926758 11.51833438873291 11.349577903747559 11.218609809875488 11.392534255981445 11.478652000427246 11.580355644226074 11.504096984863281 11.640625 11.465336799621582 11.615962028503418 11.474959373474121 11.636590003967285 11.536351203918457 11.458097457885742 11.430697441101074 11.467059135437012 11.568354606628418 11.487974166870117 11.45840072631836 11.616982460021973 11.536499977111816 11.366918563842773 11.444828033447266 11.663627624511719 11.645172119140625 11.546401023864746 11.56710433959961 11.638213157653809 11.585535049438477 11.465971946716309 11.595368385314941 11.599922180175781 11.57282829284668 11.582029342651367 11.654921531677246 11.512532234191895 11.56058120727539 11.616506576538086 11.564223289489746 11.567696571350098 11.558517456054688 11.554740905761719 11.69973373413086 11.666296005249023 11.650050163269043 11.7586669921875 11.678083419799805 11.675758361816406 11.698698997497559 11.707109451293945 11.582426071166992 11.63969898223877 11.74963665008545 11.703303337097168 11.567126274108887 11.690842628479004 11.68930435180664 11.713136672973633 11.688362121582031 11.603643417358398 11.681549072265625 11.744391441345215 11.587778091430664 11.699793815612793 11.638729095458984 11.708925247192383 11.653392791748047 11.751509666442871 11.727914810180664 11.770423889160156 11.805681228637695 11.718271255493164 11.8715238571167 11.70477294921875 11.702919006347656 11.726367950439453 11.775997161865234 11.751018524169922 11.730206489562988 11.772202491760254 11.732474327087402 11.73132610321045 11.756711959838867 11.679560661315918 11.773510932922363 11.653782844543457 11.760708808898926 11.7310209274292 
validate_loss3_thi 12.038164138793945 12.751274108886719 11.661494255065918 11.921290397644043 11.847563743591309 12.25155258178711 12.249293327331543 12.765793800354004 12.161676406860352 13.765249252319336 12.877179145812988 13.196182250976562 12.692401885986328 17.743038177490234 12.428662300109863 13.563423156738281 12.478256225585938 12.910099983215332 16.336116790771484 13.053801536560059 13.39045238494873 12.699722290039062 12.743184089660645 12.86854076385498 13.724592208862305 12.94591236114502 13.393950462341309 12.426900863647461 12.320054054260254 13.091742515563965 12.875295639038086 12.647431373596191 12.708490371704102 12.684819221496582 13.156370162963867 12.629148483276367 12.720601081848145 12.658306121826172 13.67899227142334 12.872186660766602 12.612017631530762 12.796127319335938 13.276491165161133 13.0762939453125 13.705016136169434 13.490612030029297 12.811278343200684 13.346961975097656 12.975603103637695 12.968602180480957 12.90472412109375 12.886540412902832 13.044632911682129 12.980857849121094 13.073052406311035 13.148273468017578 12.864899635314941 13.064199447631836 13.622832298278809 13.05685806274414 12.822244644165039 12.608877182006836 12.88612174987793 12.918473243713379 12.539710998535156 12.613665580749512 12.706807136535645 12.620638847351074 12.972426414489746 13.302961349487305 12.985444068908691 12.684796333312988 12.757773399353027 12.713520050048828 12.839241981506348 13.197591781616211 12.683011054992676 12.7874755859375 13.022730827331543 12.741477966308594 13.282439231872559 12.923911094665527 12.502025604248047 12.621227264404297 13.364288330078125 13.06737995147705 12.958127975463867 12.670564651489258 12.936060905456543 13.075420379638672 12.686644554138184 12.743509292602539 12.739175796508789 12.503552436828613 12.85593318939209 12.937219619750977 12.718239784240723 13.035669326782227 12.709330558776855 12.564045906066895 12.80187702178955 12.608159065246582 12.795214653015137 12.625864028930664 12.934764862060547 12.94931697845459 12.993595123291016 12.814352035522461 12.967291831970215 13.180338859558105 13.073966026306152 12.849828720092773 13.239521026611328 12.952909469604492 12.868513107299805 12.766133308410645 13.111465454101562 13.07740592956543 13.018067359924316 13.14928150177002 13.103596687316895 13.023720741271973 13.026060104370117 12.984180450439453 12.95921802520752 13.097607612609863 13.263591766357422 12.912317276000977 13.04453182220459 12.953226089477539 13.164780616760254 13.189618110656738 13.1768798828125 13.03964614868164 13.006144523620605 13.144026756286621 13.134199142456055 13.078276634216309 12.798829078674316 13.0975980758667 13.124268531799316 12.948217391967773 13.412505149841309 13.210652351379395 13.441652297973633 13.36533260345459 13.315637588500977 13.414249420166016 13.230412483215332 13.222757339477539 13.290575981140137 13.068302154541016 13.09901237487793 12.951180458068848 13.261943817138672 13.318358421325684 13.25017261505127 13.386932373046875 13.012995719909668 13.135595321655273 13.234225273132324 13.168595314025879 13.231829643249512 13.224209785461426 13.337392807006836 13.387758255004883 13.126701354980469 13.190585136413574 13.266905784606934 13.340590476989746 13.345830917358398 13.164141654968262 13.281339645385742 13.424612998962402 13.095643043518066 13.291540145874023 13.268218040466309 13.50505256652832 13.406754493713379 13.699064254760742 13.320562362670898 13.411200523376465 13.387703895568848 13.57874584197998 13.399877548217773 13.470414161682129 13.267500877380371 13.309094429016113 13.530485153198242 13.209712028503418 13.510220527648926 13.213841438293457 13.38520336151123 13.446630477905273 13.451287269592285 13.186471939086914 13.396224975585938 13.470467567443848 13.514852523803711 13.130087852478027 
